1,2,3,4,5,6,7,8,9,10,11,12,13,14,15,16,Track
56742.02671552023,66025.5332023541,35471.123215094,82181.8434812836,37642.0363953157,25901.201474809823,34475.01772344324,53869.33581463526,38999.927222720056,43440.414183189176,44810.48671132168,33795.032953623886,36623.422696998445,38145.24121823802,56277.75863143905,32185.7967598196,4
112972.0643725472,130421.69128914969,83254.88367734953,163833.63769455405,76767.75923583022,53649.90873931751,67672.81206522133,104023.14114846483,92870.44767981145,65147.31081096063,63201.34558693715,56772.15686704599,68493.63517685357,67154.6986287473,96118.13379742311,63629.82852814538,4
112563.63094611537,128922.76095423233,81907.90050123936,159186.71002229574,74782.79021773222,52734.26952770585,67626.27573326537,105212.79039535408,87146.41179399632,68117.88000081539,66914.3950241083,55179.170391460706,65523.80359456583,65837.71149369616,95311.9510784091,59046.44686537348,4
113596.05802250601,132048.74182328486,74569.86750005097,165242.51285106098,76166.09497858226,52597.275685939276,68771.89204357768,106708.34561685869,94093.22221198348,65402.99241578489,62642.03788543199,56585.4080421219,69275.16392173337,66926.10733820288,97621.82505390943,64859.55445284301,4
112547.64944882983,128729.59717864958,87816.8747206777,160336.90844022136,76098.72682079396,53904.40570168564,67155.27977410314,103246.373325154,88797.33399120974,66936.9032307748,65941.53534669106,56081.17503895462,66387.63146253007,66675.41017239215,94859.14943923349,60257.97847008449,4
113383.00119435802,131153.77797529436,73861.3842560511,162288.88628350335,74990.90731035559,52096.08252001793,68772.89787207817,107413.16317476788,90563.4794310903,67305.32703463161,65012.48508840622,55645.740705220785,67469.21002497793,66168.36084942351,97144.72706851091,62049.157863754976,4
113239.7265123995,130727.21728410928,83211.47658961733,164052.66243847163,77006.36410789062,53863.65847154361,67920.26822808603,104222.09402586152,93170.09516597929,65314.45715599742,63341.11104501618,57004.16797449208,68778.30699423635,67410.80491671621,96346.81449494536,63923.2398776102,4
112795.79851577265,129146.59132320779,82206.72097286237,159284.27538684313,75024.39022354964,52984.787879560936,67831.64356132073,105339.18951024885,87348.33745340556,68295.93399714638,67102.10497404396,55396.92108594431,65745.93523096267,66086.41935425036,95471.2296093976,59242.76223692444,4
113836.7192550563,132297.53909081686,74663.43190234089,165356.88672743877,76372.84861479385,52813.46175831101,69006.71947082513,106943.15069236168,94284.91077243218,65616.16100265515,62857.10637058096,56784.986768363335,69487.79606673672,67151.94936417931,97824.60007960798,65041.005914331196,4
112815.11042298203,129029.82581017326,88087.19671812019,160713.1330028931,76362.61151583333,54157.919187297724,67398.06442237669,103516.91884004103,89108.17970134971,67127.72007318975,66129.31235186009,56333.5485855995,66677.6900503266,66946.42507391276,95131.93012856605,60523.316028513436,4
113630.07737756698,131409.63839407425,74213.17836203317,162608.91856061443,75211.8990077852,52330.52996760964,68997.66701432074,107665.33555571265,90717.03591549826,67556.4935870759,65297.1122023001,55859.244568257884,67672.90147219914,66404.64114006057,97390.14922263018,62176.27223447231,4
113490.20016076567,131015.51008409382,83327.90682648502,164369.23019519213,77232.38494782269,54066.96993910908,68162.27056530364,104466.30918578019,93423.67570682475,65492.08646918374,63519.81324193636,57215.79429099492,69018.1412122418,67633.49534672443,96597.3999020338,64127.490118442794,4
113046.13805367208,129410.61012871387,82659.6120190158,159665.2385193394,75277.03199112797,53237.20612969472,68048.43313079276,105576.22976019738,87558.57796175218,68521.21722951141,67355.50670093378,55628.70867594584,65974.54887325155,66331.90856360299,95727.71587702226,59412.85901222933,4
114081.69437428647,132601.00872528658,74847.23029699687,165741.9178774259,76587.29125109807,53019.23191776656,69231.15333690087,107229.56594581199,94475.68291135824,65868.98158418912,63114.82198415065,56990.242837696416,69705.88203738714,67369.52124470726,98120.87245236308,65205.067718633145,4
113024.79213771728,129317.0680781684,88385.48074787627,161056.58990819336,76604.97148096222,54373.68057652481,67576.63250883014,103666.09438253575,89372.846707445,67321.21912493934,66318.22929599635,56557.13308538593,66919.02183521054,67178.4585331033,95405.82840512139,60747.861653311455,4
113829.3208276416,131632.68645199377,74626.14919258944,162779.3729638306,75421.17839112025,52554.78501972974,69180.23606303168,107882.90743624061,90813.6401550341,67805.49202030803,65560.0804758168,56031.017724396916,67802.13925863973,66585.08677304826,97580.74254760057,62252.245813875896,4
113706.81091628206,131344.37130026476,83531.50886672841,164785.3526217166,77452.10259581836,54264.73817404964,68364.7326665798,104728.89747964115,93705.24063172826,65742.15778614972,63746.348171990896,57438.88705240334,69264.77036056166,67856.58810813286,96948.2775864932,64375.19215049651,4
113245.87324212471,129663.9000968814,83175.62439151101,159980.48752313704,75506.74086889517,53469.23958888526,68224.0507869781,105754.57432920627,87729.70291730201,68767.46639817553,67622.7665093859,55832.31071618923,66147.32785789107,66538.55044109232,95979.84355447812,59561.34165064593,4
114237.7095505845,132790.64092524542,75035.58844752175,165769.6787440394,76743.12761344048,53164.942939870714,69395.81863830313,107294.18483903228,94602.48435765319,66117.04124415413,63369.0060220964,57155.06460130985,69840.6854081971,67535.30413333228,98351.76597258639,65323.286095057265,4
113224.34851221426,129497.2678419671,88670.66665538153,161097.24773135755,76818.60945446604,54576.70147141236,67784.83900843131,103803.17763128015,89591.06678856217,67492.18761827798,66481.32997528672,56740.50679689727,67099.31100598705,67364.69326790492,95582.02720666256,60932.57646949011,4
114023.42337649148,131765.61227626947,74938.24660041889,162741.2632395343,75598.56183511757,52747.81468484577,69373.55630082564,107995.2920073619,90926.11413313319,68052.83642445045,65826.44621449069,56206.32245615989,67951.9406499792,66773.37786833977,97779.11427964144,62367.446704798545,4
114002.8150681037,131646.85745797842,83586.31534413283,165162.5830128888,77681.54325265209,54484.321711578574,68654.0089433204,105107.80425164751,93990.96298110044,65948.84436712794,63928.42548232383,57661.24220624474,69535.67350335998,68087.72749754519,97242.2030260805,64649.291592751935,4
113509.37795750833,129921.61571045111,83458.03868270382,160344.08335019153,75741.07655776461,53698.36732129662,68452.01622867778,105934.19294764912,87955.94727467862,68974.51060706504,67833.72227355507,56070.5356085939,66398.76263126882,66782.72089752209,96241.35896460521,59792.03400516916,4
114530.65151341577,133084.54401308825,75022.49032527093,166110.1628673271,76953.50223225383,53361.95121549979,69664.62071712264,107569.67008944394,94800.8784414385,66329.42751996846,63567.73538204854,57366.22153117914,70084.07355357094,67751.57961268183,98597.61280985032,65537.16993775009,4
113533.11551011987,129825.70437499338,88713.85022566917,161529.19519295637,77083.25410881688,54804.13047124511,68053.97636341768,104024.77282581005,89919.05628669934,67640.62555320568,66610.14307858265,57004.74911984791,67422.47252732188,67626.29808500982,95838.71463998732,61248.67483957706,4
114299.40036528115,132008.3522210541,75051.05585468482,162939.03147447485,75823.95682620489,52967.68879505263,69621.0348154348,108149.78726503698,91095.69681831561,68246.71545585578,66032.8869262799,56431.248060613645,68187.7962574716,67005.52308625258,97950.32864216909,62548.741704075546,4
114281.49661797246,131909.28928962818,83427.1932753555,165311.80325887245,77911.5874065861,54679.653606373504,68924.08507157386,105282.79605898811,94273.62314148225,66080.11616231396,64030.48354750676,57890.2134764449,69823.16164054413,68317.25756135673,97417.48540609902,64921.28997102857,4
113745.81471035657,130093.34416310122,83621.87696956123,160325.26318136015,75980.70961006994,53930.11020780924,68670.61628945069,105999.21417226961,88173.29563776203,69118.38878612385,67977.73456308062,56301.071500905935,66643.89421271018,67017.72713872518,96358.32564333983,59999.03351056976,4
114798.51481896816,133330.27909162987,74981.72074338446,166235.06441534334,77166.60376389071,53578.13728787152,69927.94661855062,107841.73552295394,95019.36674348912,66532.58252532274,63749.9468028482,57585.98388266371,70336.06712056007,67979.18742647022,98784.5180969856,65753.08778918836,4
113804.80096397412,130129.06225074081,88808.55456692631,161884.5655780513,77344.43424277715,55050.20082595359,68302.28189257169,104288.70222433833,90247.02343309205,67802.07220340637,66745.3040773039,57263.13528575126,67730.12193800473,67887.65703292574,96076.58190448068,61555.13960780378,4
114524.8847633463,132255.65192170764,75257.09423507383,163188.54399782946,76035.27021828535,53188.367568059875,69819.54065794237,108337.22899403918,91269.81690762246,68480.44764762493,66272.81055126316,56651.14452256495,68403.98232984333,67234.24848726374,98163.60898776162,62725.678113183756,4
114476.78380927848,132152.9009524466,83358.61812336661,165420.47744041414,78105.24292054688,54847.09052408821,69117.89704774584,105390.55381900714,94531.7634381966,66235.4831380228,64157.57556647964,58090.77567944237,70054.14456774529,68519.60790391063,97604.65891416775,65151.445883684864,4
113933.52466029224,130258.99294125951,83895.17174901626,160321.6869022473,76200.91899644364,54154.856998307354,68853.16298641718,106095.93017052772,88367.7558145232,69278.33786944603,68143.74096915018,56496.7833753566,66832.98997080207,67223.20672550282,96468.9220749047,60156.65801246858,4
115000.10520221057,133536.7198034191,75043.79153773685,166303.88543652123,77354.26901033748,53774.407955933566,70144.13269092234,108064.91769134018,95204.59564979025,66741.70544644659,63956.18634893732,57770.31871918663,70532.18132641094,68178.02854514463,98966.30483464061,65913.97564577767,4
113976.97645151336,130325.7128984586,88930.77390560793,161966.10474182424,77557.3569604584,55244.884520159314,68483.91216801551,104371.44838231188,90527.89545391744,67946.77739701002,66876.75468644557,57471.40884058581,67969.88910077681,68107.21821871022,96264.96240675001,61788.69298561728,4
114685.79497168005,132383.88387964774,75516.9779678557,163124.93093310963,76221.88493274272,53391.94725655881,69994.2195408606,108450.86526284997,91389.4210922028,68676.49479824243,66488.92956840152,56816.05569315621,68548.68752344699,67420.17029764298,98279.90511416258,62819.354274195946,4
114699.07190788651,132419.64667077622,83409.37893502462,165706.5127142087,78321.47369640753,55052.056020743374,69355.38433258348,105703.14296521462,94807.4275025639,66424.40008215906,64325.258353383346,58289.43798416114,70297.82328579704,68739.01262748393,97849.45521944229,65388.88846503359,4
114132.07520628873,130497.82133076446,84274.23498323381,160664.89793835854,76432.34895853388,54385.6387598084,69036.53669792852,106296.51472526965,88581.52789849376,69485.11385740207,68364.59855611308,56705.36985461353,67046.65029605036,67458.36942891711,96704.576516697,60344.3903141487,4
115172.72772463891,133758.53851539356,75159.03713214841,166506.32518605294,77526.44449787671,53935.65344043415,70321.40437619739,108229.31477180896,95359.00150048752,66967.94980382321,64188.577436039144,57937.46506422342,70698.50065690288,68370.29825094918,99188.30236057071,66049.56132764356,4
114197.92344545406,130590.26814583161,89172.15039398079,162330.6169904014,77792.85494003951,55463.08224953202,68698.53361827537,104625.14068187961,90791.5789832567,68112.13560249038,67034.11096741092,57672.17220928338,68193.31713835205,68325.43829982738,96486.73641523557,62004.49907833327,4
114896.5719218936,132623.38282148633,75871.56604189468,163475.36158267994,76421.95539736217,53599.214982892874,70189.90906356681,108682.67520459596,91525.9008438469,68929.62830419878,66765.80062696942,57007.31957046027,68722.85231624274,67630.65667517862,98527.51773923848,62943.719380345276,4
114902.20456149633,132694.68488629878,83454.66356929106,166038.30200890327,78512.40229754476,55211.200441265166,69553.53254717977,105869.21642651754,95060.67276724253,66620.00019788745,64509.05674803934,58493.33059708245,70529.76733800975,68952.4717870321,98129.27670827827,65614.30580786536,4
114355.79381654189,130725.07151664156,84656.89684830866,160962.51141578096,76661.72256013425,54615.347637575585,69241.72571202823,106513.08077729712,88760.02892971384,69668.06288576876,68565.3842765551,56901.90874360904,67230.00165581724,67668.69934424154,96879.8141932266,60496.806859589444,4
115413.9477508006,134043.21033277636,75291.62768025728,166896.31842330916,77721.70933743827,54125.352695626345,70551.42617838696,108542.4180081389,95533.43451421673,67201.95021652582,64426.623514488165,58123.20806064702,70897.94527267758,68575.35315458216,99454.35517482224,66219.23341980379,4
114425.84418366483,130897.89520477,89360.70971020576,162790.83940873618,78025.93893121945,55662.48216181781,68904.10261203082,104830.06147504586,91075.35673086128,68283.55113071813,67194.48473387775,57895.53319162526,68452.64207752253,68561.78564569779,96763.18279065882,62266.55093032729,4
115109.98637795287,132859.03726327865,76189.81017944934,163758.66994365095,76623.16580094885,53808.27084878336,70383.20694961632,108905.43268983754,91638.77715334621,69150.93292605078,67002.90793215131,57181.66317721167,68881.77321931998,67825.78740427345,98715.87588976335,63054.36051539904,4
115124.425604871,132992.05249453217,83515.03563106485,166412.35845236285,78714.35030869846,55389.56736201851,69765.18121542707,106126.66381915378,95305.60318298379,66806.97254025609,64669.45286625062,58683.789811586124,70760.28087857734,69154.06217027453,98390.9262288721,65835.52102273954,4
114506.19870498165,130888.52982384323,85016.20114042773,161054.0641610699,76857.07680667363,54804.75632008986,69374.76329502622,106529.8445856386,88920.80502758086,69847.59209723379,68746.85808978774,57082.98022544149,67400.6572247335,67855.82814882138,97056.34827093461,60635.23121300116,4
115543.6772756192,134144.79901132573,75421.22309460916,166711.42479317484,77863.41939728492,54266.52631360607,70698.65711911405,108578.44902020086,95622.43916063776,67401.61834974508,64616.47923189154,58257.18441691213,71017.16947760219,68711.721147504,99585.82813570836,66292.43538289492,4
114589.36954609986,131014.14662768206,89589.32335249464,162713.14474500951,78224.3106632603,55852.740210621385,69082.89421592883,104950.44797068214,91291.27458229955,68429.32920805564,67314.13362194701,58063.841827373726,68637.15572800109,68729.02139771241,96906.81510052862,62436.871223076734,4
115274.62932761066,132959.86598251652,76577.94822191575,163752.2549929923,76797.28589025568,54005.61440057927,70556.27650693375,109067.97457551653,91737.23658767184,69388.68843182188,67248.91123162642,57342.75219950107,69019.30350295348,67992.30790046549,98897.46146171827,63147.12025488857,4
115327.51355499192,133201.06365693375,83626.8390568303,166643.67665573081,78897.74637195426,55562.413401891405,69984.69769772264,106378.83620009855,95526.48312169113,67009.23347583217,64842.88005147935,58865.86712191905,70965.69341012162,69331.6691317164,98653.02278435502,66040.0394845056,4
114710.78422198108,131075.94920110097,85433.23998847484,161341.70876046523,77066.06561733075,55016.94143020409,69570.43046598799,106713.2406488944,89098.2331750671,70052.37877993331,68951.44360678716,57277.12747778028,67583.36038391119,68050.75771221612,97281.60915155521,60798.64481671391,4
115818.76019463065,134437.04807007886,75636.20217278031,167248.89484034717,78059.5783066247,54471.02242362767,70963.01120078698,108995.55492348134,95784.3104939831,67658.08226562527,64865.79058954604,58443.307392991475,71210.37795667387,68901.77803060747,99877.80897352804,66459.5370244428,4
114804.16981031536,131288.60369784877,89769.27724710433,163176.98814594606,78427.64448257023,56021.6746952146,69272.07938099855,105061.96082376968,91554.60048372752,68612.5911608447,67480.2741384833,58286.06287074839,68880.11919023028,68940.93828689317,97207.46841519696,62689.98237728863,4
115445.73193141604,133079.00078046334,76846.70559724637,163753.1490627705,76957.12321485559,54167.32927171341,70715.30916873326,109075.14948548669,91798.5697744572,69586.16609408452,67459.12938822858,57495.884000764374,69132.35862640842,68142.89160286088,99022.09478880106,63210.93448530847,4
115556.48482519208,133397.91547035164,83631.17529525462,166750.853270394,79089.7702085698,55731.63845916253,70215.14418305685,106572.71523150388,95737.59534807151,67168.57906205405,64979.113933934445,59046.893900262585,71174.88338647883,69506.07979370115,98837.53643483359,66233.06914962163,4
114936.64859970196,131254.27141836542,85743.12457360323,161516.9240852504,77288.64428861669,55232.90398513126,69773.5631195978,106864.07022047881,89291.26284018313,70230.4774797532,69138.63946660036,57487.211523915714,67799.97113942757,68259.27713623967,97463.50764793249,60980.72212704684,4
116018.80830750565,134614.4762175651,75684.48194080376,167324.73430928402,78227.37285225069,54629.85391972708,71159.10305489339,109127.98900937903,95925.05942881816,67862.0195820355,65069.996126889724,58619.14856662138,71397.41735427587,69081.84368393943,100066.81532464211,66600.04009008886,4
115042.3052957422,131526.71683153114,89902.65010626914,163433.07208217052,78659.65559001632,56234.41859894021,69498.63666279754,105282.05845142108,91818.1722543445,68750.79199681187,67608.39433770113,58496.213972117184,69132.42568164179,69154.95624005274,97392.76437673144,62924.87685976945,4
115664.06377125547,133283.72040792948,77120.89444647962,163964.23893740642,77159.5629643873,54380.69902428377,70914.21734264104,109278.99739491909,91925.43827598552,69793.21030297402,67695.05205095436,57681.1129070655,69316.73816642024,68340.72689303481,99193.68913098445,63331.432739667034,4
115770.77099928512,133660.3920054903,83612.89156829019,167023.3657387931,79283.73864695294,55905.26681009136,70423.77536580269,106771.13166703364,95976.75901374329,67335.50188964629,65138.81714806762,59235.69908567656,71413.51061028369,69705.7479269204,99061.61267299803,66450.05988479375,4
115131.5781630967,131451.90554283923,86051.77981278657,161712.90418063453,77505.50091332209,55454.25331047217,69952.24296477354,107003.90273379121,89464.84648762304,70389.42073457489,69316.87227688698,57673.736831395254,67989.26806321956,68458.85586248111,97608.52576595853,61131.70816084244,4
116204.4842486959,134818.5252926976,75772.50311046877,167476.10032273535,78393.82629320935,54800.57654387672,71347.21533622924,109312.1003284574,96055.1242298036,68066.98507869066,65284.21524574939,58779.432926110385,71565.1895481574,69254.57796509004,100257.34159437915,66723.46642297106,4
115219.53227752833,131722.16048504837,90042.59437830382,163569.64124079244,78864.12934829347,56421.033313397566,69677.07063878425,105394.13009811999,92044.55072218785,68876.4535041396,67723.46111815705,58676.883122549436,69333.39021603945,69340.7662917097,97559.26252117903,63115.336074273124,4
115829.71254941376,133432.9406539131,77429.61674089632,164048.25914481393,77335.89587639521,54573.84044812208,71081.60955686684,109413.3760825844,92028.92685281359,70006.49064856657,67921.96696066463,57850.49442654782,69467.38892404901,68520.56902892221,99363.4506301225,63430.58507807078,4
115987.26999607921,133914.5983951805,83672.7495399415,167332.1550884432,79474.62254460127,56085.0865942343,70648.4774528119,107062.8219321754,96196.58842046124,67514.67347320002,65292.82066736468,59418.69281753217,71626.27686575375,69891.8485512553,99296.90948687906,66650.71149476904,4
115294.32121447579,131624.55041701204,86383.70321794787,161890.33232812077,77694.08258129151,55643.19260635288,70103.25135031359,107062.03962111946,89638.18426587395,70563.2055477149,69495.19449415142,57861.089153419634,68174.85459743197,68648.7562833734,97806.9869049772,61285.71168013951,4
116405.00174820445,135016.58410031607,75921.29867330774,167639.9162578483,78557.64222832231,54980.32927278629,71550.16917588343,109538.43409281185,96174.99663531741,68274.07399106908,65490.25362613841,58932.43061690696,71720.42241339952,69415.13054551251,100444.09041930323,66830.28540972297,4
115427.15763177368,131969.28137174624,90214.36753444285,163886.36545972413,79066.92672573647,56611.67134185688,69870.05560041138,105567.75844904882,92311.3858474953,69039.66594215226,67873.37426821879,58880.21694185936,69577.2700997913,69548.32459072168,97807.6351055664,63348.17419626406,4
116016.21550514884,133591.61568780133,77751.347750586,164164.06353283688,77508.16077091226,54771.18399991799,71252.28747752756,109550.28051737316,92115.91984223365,70208.84099112047,68142.28810576058,58002.39688186609,69597.96781515692,68685.23433032446,99504.15486146866,63499.89783762668,4
116170.48724537937,134124.5483308492,83676.07994986534,167482.31410769394,79638.43847971421,56237.21256699712,70829.59363813324,107199.34638730841,96411.94747828812,67686.33487061679,65443.20320405999,59589.70601435972,71832.87403975416,70068.40498070777,99512.69322785058,66833.16878475771,4
115484.44515281262,131783.94070672282,86724.16498949111,162022.8334692518,77901.97615647032,55857.635242657096,70278.31021288756,107206.74481472312,89803.72128530995,70721.50060194738,69658.87631879763,58038.316135205765,68344.2361169143,68831.39238731771,97939.91272925292,61415.083577046826,4
116560.79340705794,135162.2951224202,76003.97777604792,167665.84428141647,78704.00145101565,55125.77207395698,71708.5759888382,109632.06555033513,96296.70188387655,68486.79554305023,65694.72738441556,59088.423441460545,71875.40940945261,69580.3769922706,100629.52049130446,66939.80895755398,4
115643.05313146749,132174.89506899062,90367.94637059527,164104.1385059522,79283.09044636374,56819.22964086886,70087.5380739615,105823.35064689525,92545.38626019792,69169.7307431377,67979.03096425903,59056.59455735619,69780.51451212341,69728.45729928701,97959.96224402932,63543.97547769255,4
116207.16645803052,133790.94854485377,78050.23527744238,164453.94330667774,77690.30513647856,54965.89004586817,71428.73214825775,109746.08179880165,92252.31018689992,70440.15919448843,68387.48674243531,58184.72006138803,69777.98876499996,68879.13571347424,99731.71797176814,63639.43977826116,4
116374.69278272305,134386.89075552116,83668.16743232816,167806.72732671828,79817.85593245697,56398.72627243117,71033.91093419922,107418.59464867052,96631.03927743903,67856.65516336622,65588.26602557494,59760.942728631824,72040.54409748843,70248.26946833963,99740.09987593889,67038.64837153535,4
115669.51759690257,131984.5029097203,87012.45778947567,162245.92623066023,78105.84641764718,56061.46080034504,70448.45169168136,107336.76491221965,89982.06585431885,70879.37097303521,69824.99448358947,58215.610172225264,68525.62052316911,69021.0916425099,98095.16794623947,61575.94908189167,4
116742.98247611315,135377.207145358,76074.8104542268,167857.5104901207,78860.68717964736,55285.8999712348,71890.92152010459,109819.01554095931,96437.00378382251,68695.13615311816,65908.6559305973,59249.78068468341,72048.63542898124,69752.68659027656,100826.90874658928,67080.49083715568,4
115798.33070019851,132365.37663523873,90440.14250518591,164205.68248101266,79467.33587590884,56980.519828858356,70244.46967178222,105872.68094690812,92783.4993938803,69290.18429400734,68092.51077085863,59235.76614090993,69987.2234448461,69913.44033639913,98121.92298435248,63749.38800923682,4
116334.10201479221,133866.0057027347,78277.03842843037,164273.09534228986,77846.02974009869,55135.87506245078,71562.55204231168,109758.30820301869,92327.41204826976,70603.84101913465,68579.2423581174,58321.244516521045,69888.22756865354,69033.83213684942,99794.7051876432,63697.50961035605,4
116525.16472639618,134508.70776280257,83622.81574282834,167676.7742844551,79976.5756698341,56549.66760273786,71209.95327352922,107528.878155813,96824.09129429952,67990.6985748647,65712.36291079079,59909.55947751516,72212.3396053719,70408.57617957308,99853.13264764937,67193.27773967717,4
115782.1256854684,132049.50178259634,87256.82941160553,162117.0684238754,78278.35718135323,56235.71500011862,70566.33479193864,107309.24991479516,90167.71944376462,71025.2161056061,69986.48583727906,58390.69138654368,68700.43351655407,69209.67331047932,98218.59427912168,61724.67758949728,4
116865.35827700596,135413.28286090886,76151.36517898622,167611.52954239005,78996.40697197997,55437.064818986044,72044.83563242384,109913.76458570536,96508.48466259059,68845.76455900248,66065.58752841801,59354.31979350088,72137.48361319109,69874.41419058015,100870.91933142178,67123.83086965453,4
115942.47710019078,132479.9293255722,90558.85261998804,164253.023475769,79649.9049246198,57154.103476298274,70405.2681213937,105997.82836411337,93028.63097532165,69421.70195838237,68206.01292920267,59405.460584814624,70194.33470896896,70093.43893449771,98289.56106776728,63953.32532564704,4
116473.37573449324,133955.5691427671,78580.97744953365,164353.22634616215,78009.73391648936,55323.36149494189,71710.74410805036,109914.07751012772,92422.7645901161,70795.46252434999,68789.10288680826,58464.765067668566,70014.20200040365,69187.94741486877,99931.67667766532,63777.01476538358,4
116682.40924863926,134696.28360227152,83645.88274310622,167970.43150310894,80132.72495659887,56692.31643585163,71375.57969994303,107728.76980647682,97038.44452362592,68162.18115832581,65865.96409868766,60067.228682902896,72409.88432286792,70573.33088795315,100090.73169120928,67382.73112568035,4
115915.78911731114,132163.2945136183,87579.63330502907,162266.15455939228,78457.48406141807,56415.89241217285,70701.92047380454,107400.51208740618,90297.98541045016,71161.11471189436,70123.72554823465,58527.6628765658,68828.77723321643,69352.72447499329,98328.8554345197,61829.03788435911,4
117052.42002635241,135626.94318615715,76321.05962289091,167984.37899164905,79157.96538090294,55609.374416992,72236.30067542799,110210.81926951639,96640.85169325492,69074.51231175808,66286.60157759208,59502.93654238422,72299.22083606968,70034.54208785798,101104.07037783509,67249.60413570453,4
116143.19576539943,132763.21533479873,90738.82886634218,164813.69463368593,79851.4953078622,57335.19730987517,70585.73610612586,106231.94053553826,93288.38059763677,69591.41875403152,68359.14473046598,59598.80317435303,70421.87546752399,70285.28395715762,98565.58276004586,64181.08960164662,4
116637.99633240658,134141.1109734906,78919.85224722055,164649.90105031742,78170.64412482311,55497.97332262675,71850.80013880732,110039.33668605528,92498.04526544157,71000.83035240536,69013.26853195054,58608.419729282825,70126.8994959473,69338.0170271417,100094.17385985541,63838.280896935576,4
116867.77226540713,134935.2461022432,83681.28790632343,168277.87974809168,80293.76927539936,56840.26263240131,71558.640487032,107925.91219257262,97215.24682226739,68326.15355564994,66014.31262663753,60219.39935915463,72579.98109817281,70723.37814848163,100293.01497852981,67532.39840655308,4
116102.4038317685,132367.47769921753,87918.12812306025,162576.5755863876,78649.57495326697,56613.414777924394,70862.00366759344,107540.36695246304,90470.11619450047,71323.72365280673,70301.66778584335,58707.25914326419,69006.47360163613,69533.2595149588,98518.50998622298,61971.73142096179,4
117246.20965077993,135831.64046187885,76451.90673493227,168228.08006144525,79312.3712316002,55771.022232892785,72413.30413976958,110417.23762956115,96744.7873049721,69270.0006687642,66499.88192318463,59649.720448222215,72440.17093660486,70180.74484834014,101293.6131708161,67338.83229957013,4
116333.0067793139,132989.50439566426,90839.94815825799,165096.98064291247,80036.12071706304,57497.2698089206,70751.20607032848,106353.77989456414,93526.58313829699,69716.23089506995,68480.62646158057,59781.28281608615,70636.80984220623,70463.2261947663,98774.79508814754,64384.825752356744,4
116823.8734392969,134299.40602772307,79191.31418363025,164799.903607357,78339.80212686087,55679.93887423741,72014.72783264254,110183.75130698101,92579.40561525889,71173.47522657814,69212.40022330287,58756.34357408805,70256.94194518829,69487.90782545898,100228.86547194308,63915.32736007302,4
117102.80085835468,135201.16480602798,83679.25389757799,168645.0071507701,80475.86893747676,57010.04648328382,71776.43588500451,108208.50529772107,97431.63406033923,68490.66239484101,66162.12471272048,60394.547628706416,72795.92130135553,70897.54294127738,100534.0785424803,67735.03932178489,4
116323.21671524248,132615.11267603788,88202.39760904285,162999.3811845042,78860.15073778042,56819.00612342431,71041.15289940273,107725.81937620872,90675.64048476702,71488.81363735363,70477.50895947326,58910.88353525204,69222.59261877449,69732.90529643362,98747.61536688989,62162.83883605467,4
117412.57368476078,136011.79552218862,76508.6578141043,168328.5288010274,79445.67703553165,55908.91014443757,72569.29696432316,110502.75540384716,96835.40127699391,69452.25679305277,66678.80763754935,59793.464516814296,72568.7828742007,70323.97482680975,101444.19687321149,67425.24414363434,4
116514.0559094019,133179.96361016794,90923.54368252083,165225.39141480823,80216.49929481737,57668.93120633736,70932.00933122747,106484.04586124967,93745.11614383652,69828.21313479103,68574.0344016593,59952.27366116925,70829.01249277742,70632.69712122645,98926.2505085767,64564.60083301078,4
116965.27057472117,134414.0257732899,79444.51474481997,164768.8346825641,78492.55394846844,55855.400068211566,72156.9296308672,110240.63649661977,92674.02054953821,71353.585583399,69411.91189431095,58909.29656139571,70384.03396416116,69651.52259487183,100356.06924963824,63993.44670694431,4
117249.78592989278,135357.7387759374,83641.27828374843,168630.5455721075,80614.20388391065,57148.850816351274,71948.94664871057,108326.50015670064,97613.01846659405,68632.90889655458,66287.8979787705,60540.12454034383,72957.45735853403,71052.3734751193,100678.78373608396,67887.65703292574,4
116469.82180712484,132747.1220787909,88444.86933289401,163030.56186801934,79031.14158286352,57004.927933803556,71197.14572395632,107815.76279589687,90848.73239382892,71620.89009534003,70627.69033046847,59073.112496508664,69381.08883870707,69908.96998750806,98878.0377957866,62311.746157615926,4
117571.248718649,136162.55803853966,76566.99586713266,168383.29057494292,79573.81958649392,56064.61239631324,72751.97777175638,110675.51203674222,96952.92674933991,69629.26025739434,66865.55646247345,59932.76058825977,72703.25096884381,70481.73343917531,101593.17125000611,67543.5966305252,4
116711.77944085354,133403.34694425427,90954.70201429153,165495.13226689486,80394.66504987061,57849.04156315823,71141.51223200707,106679.89184616708,94002.22826030591,69946.6550286597,68680.22753956646,60137.25669828137,71055.21214666512,70828.58780963277,99123.1023219946,64810.8947051638,4
117186.97752797336,134629.29542413895,79653.43650024373,165098.03117490187,78668.43982558725,56062.44427710108,72368.31007818105,110480.80599079204,92815.14946402902,71536.78048095471,69613.97166418692,59095.061909563774,70566.64771636101,69847.65915246715,100532.71508606852,64148.47840648633,4
117477.483150659,135650.7701457465,83493.80147383231,169041.41533868498,80776.67871435627,57300.93208562519,72169.02192461753,108534.617249324,97867.73894640672,68787.5382646964,66418.11924196711,60745.24649921018,73212.42370753571,71259.3729805199,100924.34000066997,68138.10832954745,4
116655.76596924853,132909.68631621436,88543.7981538532,163092.76677283845,79212.81656179627,57191.56500000537,71371.15405454088,107848.39634280161,91016.90691911065,71702.675128302,70700.82523832623,59247.41139977115,69557.13117803707,70086.8898733723,98928.5527382556,62460.854644877276,4
117763.78664538702,136332.45364814444,76489.85999701738,168402.11074377428,79723.12923945537,56220.62757261129,72940.35827402571,110799.34070102463,97098.01192259931,69790.52809363938,67009.74756595463,60098.72229084043,72890.78210482384,70660.25682213984,101712.77543458647,67687.72067877301,4
116891.8897976744,133577.95877193913,90858.52245790034,165502.82126698748,80581.63739223927,58016.858460528674,71319.07448996002,106741.98499226393,94259.80976340888,70025.10965169784,68720.41597609711,60321.345665615285,71283.1775883648,71019.24818983654,99221.13707317556,65036.98260032924,4
117315.12007893564,134696.93180286072,79762.04362655207,164887.50009387734,78820.0517082276,56232.339886705864,72495.15622796491,110460.0188684486,92917.34163967868,71672.94730817644,69749.42323558607,59242.650478202166,70705.69791861749,70010.08927942388,100568.16495277465,64242.93687855445,4
117616.3098354709,135738.92542587823,83335.66288181102,168813.85222838548,80924.69196613932,57449.99586939763,72338.42579584429,108614.32357005162,98031.6889919864,68880.72268733058,66468.56712920274,60873.277291450184,73363.38738958686,71395.852732164,100953.9784138177,68279.55016846063,4
116833.64115162387,133055.46439355187,88767.47206061747,163232.7781001065,79421.44774454209,57418.301095760005,71545.94469618138,108028.05966473337,91234.47879963861,71843.37935964816,70827.44787066554,59440.44106488718,69769.56215734032,70288.12262870344,99065.34541432207,62652.96788847064,4
117933.83871720299,136499.82351062578,76559.28451529557,168575.62733598083,79879.0550087756,56400.17913582076,73112.39965109821,111000.3499389112,97218.57723219124,69977.88041566378,67189.41088788639,60252.479940948484,73043.22100200904,70820.80940256231,101854.95488106667,67788.01295614397,4
117050.00603795124,133773.64829464536,90931.29973784683,165756.06653166612,80764.87699328388,58190.71032890205,71472.11688424551,106856.15770294162,94504.13668204984,70151.7546357816,68817.2437330775,60506.21694400513,71487.36077396403,71199.76087805758,99386.91996180058,65220.84805021859,4
117406.06932712428,134738.81897196997,80017.2334929983,164758.4411213924,78951.74818655828,56389.87498162687,72588.31829885463,110421.7079784522,92965.42024200204,71825.87794373964,69905.3490049063,59367.6637849407,70779.14575089762,70138.03066468606,100604.95592414807,64240.47818666437,4
117737.27747646303,135859.3119215145,83331.66191955352,168814.52278071915,81063.45159571787,57588.91196118736,72482.9074720034,108736.43115001096,98206.14435746007,69025.7408053566,66583.52215093639,61015.03205478574,73517.36855713947,71540.98260891231,101081.00337755721,68387.37498371303,4
116874.4330852548,133039.12526835504,89041.10211623933,162957.73988458395,79559.87209795382,57563.65448995287,71613.75988885878,107911.89764879915,91347.77979228256,71957.90969823716,70933.05986321687,59567.086048970945,69862.97009741903,70420.93669425687,99093.35215012457,62696.77730760304,4
118028.36424450448,136542.64945300214,76749.92254375489,168492.0765152069,80000.80496082366,56554.16030337338,73249.68406554271,111188.28340629142,97282.36911086668,70168.65255458982,67365.65439291649,60357.46608465506,73125.36366288229,70941.30765692088,101948.22871067867,67819.55126757041,4
117161.27302184976,133929.55171222112,91115.67927785865,166048.96379100846,80927.08360279603,58352.60401399184,71611.77058360227,107074.86952243681,94727.09533299152,70303.03124225512,68937.71963569161,60658.454675490226,71664.07366562769,71362.3921707144,99596.51226955799,65408.42388968753,4
117518.61036045676,134894.16359593434,80439.65911145916,165127.96016072753,79106.66812737801,56573.29339662712,72712.79516372623,110648.75699862922,93043.20431270651,72039.78413817694,70135.08023441795,59498.28737953751,70877.0240398674,70285.73099204672,100793.49288862859,64317.8822777131,4
117871.27618447259,136111.372543737,83436.91628419356,169345.08613885476,81200.93717586246,57718.26150635022,72628.93141852993,108998.08067060479,98381.67260666759,69224.17959263083,66763.78896996845,61154.90927158705,73668.01931476824,71689.84522698465,101355.95218610195,68560.22102358592,4
116974.77006611468,133217.38043038614,89379.73104473723,163311.36683361136,79710.47815209367,57707.39855854495,71708.19600918246,107970.57097799433,91489.60161085149,72111.19796171164,71095.26647272902,59705.018664004645,69982.6189854883,70567.87706230606,99281.26326576034,62827.26679173313,4
118131.45048993237,136673.87654469928,76902.07086826216,168585.8420831969,80105.83580801914,56667.48364776179,73370.94227921276,111282.54071265945,97326.64791663265,70344.53843170863,67552.87260447415,60451.18694915617,73184.48402696657,71043.25396338153,102068.01170921465,67861.08080876837,4
117298.24451187189,134100.9001852155,91201.06294167793,166230.0352728409,81075.76740691274,58482.40059404381,71759.26974526283,107173.26190152907,94936.53117853776,70421.00374949024,69040.67177065274,60805.43974702832,71830.57181007527,71509.73487016378,99767.72663208564,65583.57215923931,4
117629.22914376608,134950.42293672837,80677.61578293036,165044.1634707646,79223.18777122353,56706.50979358075,72832.7346244734,110642.54321367065,93098.65899070013,72188.19972136017,70306.02637601213,59620.86434613042,70963.27942172044,70406.49746733875,100866.53838950854,64356.77431306533,4
118055.52161401769,136270.67342647,83362.37321643511,169463.72919842353,81333.48302048242,57850.963813181384,72832.39934830659,109213.30561796494,98557.1114488973,69352.61271627102,66874.92184340023,61300.12855531318,73841.24533429687,71826.79436526232,101500.8585454057,68712.34699634874,4
117198.19810368992,133433.7900202024,89585.00946581477,163740.36386494208,79897.40579097341,57902.50693589532,71913.18385758209,108217.44599550319,91708.31343034666,72247.20832672219,71227.00765454861,59905.2902943242,70212.64078767787,70755.67641921956,99481.69135829108,63030.22063138731,4
118312.32080606472,136853.29399744203,76881.395504641,168835.91340016288,80224.65768154355,56790.999387621814,73544.92825805287,111398.88154254932,97436.28322318594,70500.53125626221,67715.4368418976,60613.482965646144,73356.88303195036,71189.43437211924,102244.72460087831,67983.65777536128,4
117538.61517174426,134348.2222376135,91173.70440646463,166630.0197398686,81264.86316500463,58655.44779961679,71989.96209978606,107433.23504128875,95174.53255349786,70491.81407592465,69094.78534397905,60992.07681323014,72069.17668213567,71678.55759603472,99919.27145949262,65808.49776369307,4
117833.72525378768,135162.96567475388,80844.73977622269,165424.32194046045,79387.94247960359,56876.76303109682,73010.5874551043,110811.81297443068,93236.39044003373,72342.85144124644,70479.65472694096,59808.2166681548,71166.63559277482,70586.87604509307,101053.17545571036,64513.12476553021,4
118247.59015412214,136499.2200135255,83224.01591825676,169724.6187597059,81476.10950185174,57978.34640483218,73024.22201922203,109383.69296594775,98730.35982017039,69448.38994126201,66950.44838791472,61450.086408863834,74032.59861857875,71965.79986402988,101644.91553842016,68886.22121646658,4
117381.75062915692,133635.4474586782,89771.37831108313,164002.37101344718,80078.61138327258,58084.42778401706,72077.84915898433,108352.09290410197,91892.91648780304,72345.35483662544,71328.93160926481,60080.12563945361,70409.49260109576,70923.33685437881,99622.61910708179,63206.79941258424,4
118509.01615727141,137095.98923873773,76972.85884295212,169159.81252906474,80371.75451180393,56956.44700007999,73728.3019695642,111671.72928711526,97553.65223332075,70675.05367696926,67894.8319428959,60763.12789477443,73511.95943498128,71339.74985358118,102418.66587622951,68101.78674480757,4
117628.67035015469,134513.06635297136,91155.91241787821,166653.82434771353,81387.64129729764,58753.080219397576,72076.77627525048,107339.55888027656,95383.52136415498,70582.58451015766,69169.64133615987,61147.77906510581,72242.96149527568,71827.08493794024,100071.75506016673,65981.94730066626,4
117941.79593822909,135213.27945152277,81121.23085513484,165184.39831547718,79520.53302771247,57039.55078596483,73131.84566877433,110867.78174254678,93259.85977171181,72459.41578858087,70610.74770817134,59902.00458788927,71216.41292767679,70688.50942713136,101030.37667636594,64502.66414912512,4
118427.454641754,136714.10968471883,83246.39001445651,169929.5619046166,81625.82148621339,58130.15945317262,73216.96111166014,109683.94394921589,98930.09500862302,69615.11160315415,67100.89797984339,61604.313445605454,74215.72646090109,72127.78295609748,101844.78483733951,69048.31606725647,4
117550.50629979448,133853.9357607288,90061.12397445727,164350.29826763849,80259.50405114939,58261.49830359201,72228.34345440191,108539.64639182645,92096.54087979089,72497.14553322144,71490.55707342114,60257.68789740657,70591.10052479513,71107.44817345717,99817.32515303197,63370.078905830254,4
118646.21116473808,137278.2006595374,77107.63986201762,169350.49526101295,80493.43740861863,57076.81114397182,73859.9313926615,111808.9913498153,97640.6005192519,70859.81319663682,68096.71289881621,60891.806887603634,73624.54517180266,71477.43659942587,102587.24273291144,68176.75449571067,4
117830.14897467483,134789.93741153926,91272.61087567937,167100.05457401928,81573.47370069906,58916.940857999434,72265.67086764227,107639.78751180024,95615.33130590098,70706.97196805144,69280.70715435829,61307.415224005614,72435.61118073597,71992.10786725377,100274.26186493182,66182.93418680837,4
118136.52433592372,135490.50813800195,81480.08811236479,165724.68468245087,79697.40238158732,57223.170366665174,73287.72673460565,111149.95016455057,93389.5445930415,72658.86040435558,70844.68106564059,60064.21119740143,71369.097694051,70865.04350483937,101268.66862400397,64636.97578155706,4
118576.65253599317,137003.81064460406,83247.77582261275,170342.53273517283,81758.79201397802,58232.41868405565,73347.20472660121,109836.15932895654,99107.29963866468,69776.13357021018,67269.0725051251,61747.632831052884,74382.62693674886,72280.60183293842,102103.23805847623,69229.16403164435,4
117659.00166738054,134022.11028601055,90323.57815785149,164445.7625682071,80416.480352459,58401.10729945986,72322.26548460311,108559.9194240474,92222.20238711862,72593.19097914589,71608.64133937852,60378.119096531766,70700.64642437059,71240.79868087753,99921.08195079351,63482.10584904026,4
118773.50434941106,137439.06616438224,77252.23329689901,169391.35424987724,80611.72284027611,57203.098500144304,73986.2634523229,111959.93268012199,97703.4089211713,71031.69811149813,68294.21291282332,60994.423746397944,73716.47789674734,71602.18168523094,102723.47661536654,68242.60273487601,4
117993.16024698738,135029.83868477808,91345.25404515912,167362.32994345785,81737.42374627874,59058.941490524,72424.21179106376,107835.99112462893,95846.31423310212,70821.21173396251,69389.35898415554,61459.63060374625,72625.22102895034,72157.1307965673,100481.82016394379,66390.42543058698,4
118218.3987758635,135577.1434995107,81719.67646118123,165616.7928119651,79813.29617658809,57338.75123724357,73369.93645071227,111088.90755044312,93449.33550945944,72795.94365309998,71014.9566549011,60183.18953313703,71453.09554971404,70994.12482906877,101364.13292457258,64688.36244205981,4
118679.9622988656,137103.90175627492,83157.74299594677,170170.84898601164,81862.34764603944,58319.29991475343,73479.66116424337,109875.85602710916,99245.20990195393,69881.03030693893,67364.62621267154,61859.01157367368,74505.47212427523,72396.20505526126,102194.14260317596,69334.23958232875,4
117739.40089218628,134034.22493150533,90501.31922976009,164145.82450936135,80550.18848779064,58527.84169052145,72423.67534919684,108481.53185624264,92355.1505631388,72657.9439828329,71677.73058148987,60504.361749215335,70818.14954497213,71366.70605739427,99941.95848011476,63574.239739685036,4
118840.67134149926,137403.43748372048,77311.8006958724,168964.41357903642,80698.22409131814,57301.58028621439,74097.28456703242,111919.54307789124,97744.80435190254,71157.00199091459,68432.23493483484,61091.56442780071,73793.85963605161,71697.0201369548,102745.49308365502,68264.6639066534,4
118081.38258235248,135018.6181090615,91382.13442351038,167052.8923932186,81867.91323040883,59185.34060541876,72561.38444678599,107850.38564805815,96017.08156074067,70879.10275210175,69432.74372014329,61584.15217210677,72767.06519926371,72271.57172817847,100513.24671664796,66513.0471006688,4
118319.54041952378,135559.8879527912,82033.49495333373,165485.65512724582,79941.12580312799,57501.51664036711,73498.63779528592,111181.62258644374,93520.45876031624,72944.69451245005,71180.42661910375,60312.00263643297,71564.9883824573,71117.0370718285,101442.5428441218,64744.26415494254,4
118802.96394860315,137177.0813676216,83160.82753668161,170233.09859431966,81972.58644969303,58443.21798601365,73634.134070174,110045.5281192694,99375.74408957292,70009.91046546823,67478.44129543797,61982.0802786446,74645.8187277101,72505.54978913662,102340.18890144693,69456.14599658799,4
117886.98946082467,134155.23727598635,90794.28354433579,164478.99961221215,80711.38926880232,58711.59538168852,72574.37081031452,108679.83653305013,92524.19680645429,72789.17107453002,71808.86826620916,60671.44103901876,70987.66517492117,71517.87090514552,100120.30304912366,63734.05471254048,4
119005.7389743017,137584.10663415273,77487.37364856883,169408.74390706347,80825.60668296894,57457.61781425689,74268.14130164878,112224.08559609481,97824.10834122996,71346.92476355133,68630.80783257578,61232.44747310251,73912.61445434266,71822.18990590452,102945.87647269685,68362.96687876784,4
118236.21311619438,135290.54943210477,91459.06912792554,167679.5906042565,82013.9595286798,59314.243115692516,72705.5084950338,108051.73016211155,96257.16164793512,71021.8633439378,69560.90862285002,61770.27514818611,72978.49035006647,72435.67823596933,100800.62309510984,66751.09317911783,4
118386.79681858979,135642.1200206423,82316.3786311601,165532.7279010687,80040.34519676509,57614.661170799875,73566.94472634135,111122.72573980401,93531.0758389325,73074.80401692439,71334.27367618962,60418.84397492933,71606.58497888863,71208.88038979535,101504.39012102963,64760.04448652798,4
118919.10361279293,137311.907090176,83190.82357774062,170307.75342080038,82080.03128528969,58547.041839008554,73776.33586839866,110183.9524726811,99487.25694266045,70143.17156591077,67603.92398881007,62097.951721900914,74751.83305166163,72608.16664793095,102462.5870540842,69556.57238442569,4
117962.4936535947,134214.35764007064,91055.91071318516,164427.054158098,80833.54155225058,58825.16459526594,72663.84484336911,108637.25645986277,92643.15279044543,72902.27090147388,71928.40539555614,60799.76240393668,71097.65810938575,71638.03388333725,100218.0025241378,63831.30715266552,4
119056.857413871,137556.79280242836,77607.44721978274,169082.69901069393,80890.00205874468,57530.19392850327,74355.06723583546,112161.90304302014,97823.03545749611,71492.9710618223,68786.44302921809,61306.923485627594,73954.76984438537,71895.86125562922,102981.54985684752,68355.65785833096,4
118312.03023338679,135268.33179811618,91466.46755534025,167362.37464694676,82117.15753282995,59405.50528830353,72826.83376393722,108025.3998071432,96392.63557107873,71084.64939411276,69599.1748093575,61871.036812190636,73088.70680197558,72526.29220799115,100829.47919720164,66852.36893324483,4
118514.80525908533,135653.4300033367,82566.42759638162,165476.0662288745,80165.8725936261,57766.720088329326,73715.85204790259,111263.18410196116,93608.97166835924,73220.91737042872,71495.65327115695,60545.35484854637,71722.29995993376,71332.32907442201,101587.8291830813,64830.139557139824,4
119087.92633866386,137468.1457839186,83114.17944600337,170583.86452005678,82204.15052225,58670.512875379674,73961.74358865543,110429.2181645892,99664.72979363559,70282.82526526753,67728.46790891503,62245.60734577267,74937.19606842949,72744.6240478306,102655.14733256666,69728.21143009799,4
118112.65267284545,134355.08422316125,91223.36998264432,164725.71816750983,80994.09413267305,58985.873637899596,72808.75120267287,108746.4670832714,92818.39046697503,72996.08117295279,72022.68505366863,60963.57833904962,71267.68782945727,71786.89650140959,100349.52018851283,63990.76449760968,4
119199.34978477357,137686.41056852468,77673.92130779283,169279.99785900093,81006.61110956802,57665.80196211362,74500.35357479496,112298.85218129781,97894.02459788616,71637.76566240379,68942.65937121623,61432.74145516652,74069.30018297436,72016.42656522115,103099.79058501609,68425.17178358696,4
118483.08813370326,135487.71416994504,91506.54423314861,167766.96357333226,82285.15324415604,59566.14727570383,72991.36495487273,108223.21274557266,96614.92366968676,71185.61222381738,69687.30773774478,62039.010171772265,73291.1018480184,72685.41427676848,101011.13182438991,67046.78440651708,4
118628.21801045157,135772.72126349466,82847.09845150691,165644.30780938957,80306.68858369453,57924.635162906074,73821.21817126492,111319.71166368862,93670.68483480036,73367.00837218862,71655.02120912328,60679.30885306703,71826.41438560658,71462.72915157428,101688.5461435969,64881.07918275347,4
119188.82211313512,137599.39522736016,83063.7539105122,170639.58741898387,82312.31061366924,58772.839161496064,74082.01832556943,110511.51728767363,99779.5060014136,70406.45276384983,67830.8612502648,62360.33885006176,75057.15788092112,72855.37694160664,102768.5600839329,69815.5843991738,4
118186.30167082569,134426.09571529576,91418.54541522806,164684.79212341216,81129.81392500567,59125.43793027854,72894.00075602542,108741.23677506886,92951.24923601738,73085.44344728511,72106.01235699802,61093.01729119031,71384.22982504724,71912.4238982706,100409.04288399732,64078.71861204131,4
119299.19502725542,137784.44531970564,77784.62949807996,169304.1153912682,81116.51463705476,57799.77831837873,74624.361053033,112467.38433449082,97952.42970614789,71797.22300734794,69103.25665512761,61534.73246511608,74150.21349790257,72122.73146185058,103189.80105993761,68459.34760085912,4
118567.91300391115,135617.756619186,91497.35766617747,167862.83020530108,82409.92068170557,59679.38121311441,73099.97208118107,108290.37973766086,96815.86585233998,71279.84717844095,69760.37559036918,62174.1264670046,73441.86436436944,72816.37314753213,101145.51051205523,67199.13389672445,4
118715.1215928938,135843.0174998066,83105.79754183264,165689.3689262115,80423.20822754005,58071.106144321704,73918.49296313441,111409.3421589544,93737.06951583261,73501.16354240937,71810.76816448786,60790.285264287624,71899.90692137563,71578.24296691931,101756.20487406313,64916.39493899285,4
119294.18823649744,137734.93620573715,83034.31666306456,170783.24208059814,82414.92747246355,58878.22763660284,74211.30081549894,110657.58593768907,99916.2316222467,70533.36596886706,67956.50040584808,62471.78464791592,75173.25284162199,72965.95102142704,102910.44895773518,69920.74935683601,4
118313.55015200975,134564.87769661876,91675.29990378617,164943.7817864158,81279.36944715613,59283.35300485528,73020.82455406482,108886.18783786152,93109.65604897215,73195.32462302741,72224.99069273361,61231.10636843519,71521.67070170293,72049.57420224836,100545.63439436369,64201.40733735649,4
119429.08101428521,137928.68112667574,77956.22384026335,169568.98356306358,81219.15384759354,57923.00348556084,74750.98368537232,112645.05835116607,98019.61904998054,71980.08262873681,69302.74597439122,61651.363867683875,74254.79731020896,72239.29580918502,103362.49063759932,68523.34064523467,4
118754.10303522386,135865.324540773,91587.32343761009,168381.1448074752,82561.75608179046,59822.03004622818,73271.3429059199,108578.53842717868,97022.97711646285,71396.56798798656,69862.54541427438,62319.16693677509,73622.48881131278,72954.86455617721,101356.35451750214,67384.56396872568,4
118838.43616705373,135997.3115917816,83409.24482455789,166005.1767236205,80541.94069408665,58198.17581155012,74012.50440031342,111471.21178760669,93808.46098762286,73660.19620420889,71995.21475973306,60917.95842861634,72013.27496925295,71707.99484348236,101925.09465516743,64994.53663760861,4
119395.50869411335,137850.8970559713,82972.75995883465,170796.65312727133,82491.75041815644,58944.32174495718,74318.16450573975,110679.15537108843,99995.31209412958,70641.61546726411,68053.61873550639,62555.40252392323,75269.03006661298,73053.86043236977,103007.50023216012,69994.77833447198,4
118399.73847862941,134610.60936577432,91849.28588262628,164830.97253214987,81393.65391655611,59392.27305558599,73107.45991557359,108824.5864301427,93233.01532662098,73274.58390886593,72304.47349601668,61344.45206456805,71646.43813925245,72167.99374437258,100603.83833692531,64308.24867585286,4
119493.02935517185,137900.96496355117,78024.44136434095,169217.48002975943,81282.09635997968,58001.34634987669,74843.16227950601,112602.6794436788,98007.75027367477,72100.46912437309,69431.2908567537,61714.52989751457,74299.12081946383,72312.02838564258,103360.34487013161,68517.59624690966,4
118836.73743447513,135897.823977211,91538.79780039762,168183.95771789047,82661.98130392806,59904.128003612524,73383.72747704119,108575.14096202147,97188.87176381014,71462.371523663,69900.00693798148,62428.914002050646,73772.93840324145,73065.75156041999,101429.8470532712,67534.11949087614,4
118938.52727872459,136001.22314706125,83660.97017061355,165861.61146898408,80656.76160535355,58333.00153410454,74131.3486255823,111548.68293388879,93845.67664214096,73770.68087705146,72110.6168163558,61011.96986579536,72098.23394992757,71807.84008596421,101947.60286183392,65035.90971659538,4
119551.14389075564,138009.70620032624,82937.48890608418,171061.52129906672,82606.12429453425,59054.40408639957,74488.14952232236,110942.16834809404,100142.85595927906,70781.8056084878,68171.09950436348,62681.2428452066,75439.59622855143,73178.98549783058,103195.99249315173,70154.95093523871,4
118553.31731478183,134791.34557143995,92062.27565554091,165249.77716800896,81546.20457246358,59535.413627077774,73244.6325712958,109002.77453694041,93398.1947181457,73374.94324147025,72397.00971806166,61489.44783084963,71817.96542620247,72308.80973444102,100772.41519360724,64479.15011395814,4
119635.74524351899,138076.76143369215,78157.52365082785,169584.76389464902,81384.66851528508,58109.417034318096,74970.45546417899,112782.87920747748,98058.22051265485,72261.1558152623,69596.85022793415,61824.679294190326,74410.1642859178,72418.98148286123,103527.71473261295,68601.12471593914,4
118976.9275756988,136094.9216598179,91556.6121407285,168534.58953316088,82787.86632870034,60005.64962692853,73513.52405709315,108700.71306237139,97358.76737341493,71543.35189382457,69962.77063641198,62554.84373031184,73931.63578887413,73178.024372819,101587.6280173812,67707.01023423794,4
119037.23258223923,136086.49505215825,83934.01908087959,165952.65012415053,80764.47466188368,58447.777741882535,74216.4640684681,111560.75287589466,93881.61824722508,73890.41917209854,72257.49012917162,61116.01723623482,72174.49810200908,71902.723241177,102027.39858953937,65086.82699046457,4
119669.20580496859,138157.69710036484,82916.54532152956,171213.7143270629,82698.74992355704,59137.99961066242,74613.52045697218,111071.85316942373,100255.57580656717,70910.37284259473,68289.09436334304,62788.71003254772,75564.02838993412,73277.55669087848,103348.16316940346,70276.20914890876,4
118643.03721702543,134883.30064812908,92283.62498088181,165307.9140553372,81671.10612047985,59652.35795406794,73336.72175845168,109019.80656621535,93509.66286774432,73451.02857959611,72476.04548645562,61600.84892521488,71923.30919782033,72410.0407850791,100848.50053173311,64581.65521403018,4
119688.47300868905,138099.22493686975,78303.6370043322,169422.17730548113,81454.0706818188,58189.0339480679,75046.38434009366,112767.34474508105,98053.90662597498,72399.2448925072,69753.40184609912,61897.05424273661,74448.02814102509,72489.18831219534,103584.1975908515,68602.06348920625,4
119036.15969850538,136139.4910382618,91580.50615555122,168395.9416623046,82885.52110022558,60086.29472092327,73609.59185476207,108699.03668153724,97497.8622791603,71611.36825220207,70017.01832020501,62647.17878665672,74039.66176982663,73264.77149305004,101658.41599207115,67814.16449715669,4
119092.08376313256,136089.73605510427,84263.64025636199,165865.72418996386,80863.11291016494,58564.36444096142,74292.37059263833,111586.61384422945,93928.13222743658,74027.16714467612,72411.00191009068,61209.29106584681,72249.01881802308,71999.88627432422,102099.17004098535,65119.438185624866,4
119736.23868659005,138209.35198180104,82924.34608034445,171167.46856778488,82773.71767446015,59210.28515223088,74720.47355419083,111167.89861534818,100326.00615334585,71024.07616663887,68396.36038498407,62858.715696181745,75637.78914663663,73340.56625849799,103438.77714142528,70329.60746641249,4
118732.31008437993,134962.1576025674,92552.40470795688,165453.8932983748,81803.27198544407,59783.383880064954,73441.90906785835,109126.24557331152,93648.95893918979,73547.16343249839,72574.86254869253,61716.58625800446,72039.47121375457,72514.57989389657,100966.00365233465,64692.54221827295,4
119810.1335537593,138243.59485430658,78529.61314077534,169766.26005962613,81560.5543924039,58311.20858326061,75177.1420451572,113017.19254460247,98105.22623124436,72582.75271448526,69954.54519445244,61999.91697071993,74541.30197063708,72588.385354088,103773.18159022112,68662.52495795787,4
119153.86398480702,136351.6314448871,91654.69159539838,168865.30594412162,83010.57911045302,60184.79885873781,73730.648902732,108865.02073586234,97676.49742084711,71723.12697447861,70116.7965074535,62774.114343418405,74191.51952165598,73380.93350898428,101885.37560527034,67988.68691786373,4
119176.46159845134,136195.45980637788,84589.10400737572,166073.41659944257,80972.77056846269,58682.404003429896,74381.1070181259,111651.45625489429,93938.65989907502,74151.1522711697,72566.0336096327,61296.84284887825,72292.40355401082,72081.67130728619,102192.30976013062,65143.80158708115,4
119821.44353645368,138344.06594563316,82926.00010943414,171317.87345622462,82854.49687892162,59275.015804173454,74826.3090641867,111251.87411926677,100405.77952930683,71149.4471012887,68523.36299697912,62944.8593193125,75727.24082794676,73421.81484959304,103598.01096892488,70419.01444423372,4
118814.45274525318,135045.41785066342,92787.63446660453,165506.08462167796,81923.65848108036,59891.968654628836,73531.96424626878,109147.70324798863,93744.35618452504,73621.01359617873,72658.97216307785,61810.95532309477,72126.84418283036,72604.54566532918,101047.16283645187,64778.05999255896,4
119881.3462115939,138290.10883451806,78687.10353220745,169708.19022753125,81628.63780601475,58389.21617140963,75263.17390956568,113058.72208580043,98105.40504520001,72724.75334700983,70116.1483068643,62065.586395929626,74585.33490721404,72654.88179384253,103864.24259713205,68668.40346674962,4
119272.90937577598,136480.0645685273,91702.39021806601,169003.23855915532,83125.10944904202,60281.69367095157,73860.7360554619,109016.31969408032,97823.4377888963,71799.86051319368,70178.93435703927,62871.29972831008,74311.54838938099,73470.11696936096,102014.21106031073,68112.71674784622,4
119309.07449830468,136320.45076137196,84923.77667710504,166325.05253852042,81096.643936234,58817.520298662224,74495.79381892607,111816.30037025218,93999.70251318246,74292.30353740497,72725.1109749211,61402.81246934086,72384.80566558905,72184.62344224734,102337.26082292329,65210.588599513605,4
119971.49079698215,138542.12475325164,82935.85722873894,171673.48971050855,82952.73279580269,59363.61811919429,74964.75576934288,111459.47712176766,100512.62086780321,71284.80926571004,68651.37143747466,63043.72108503832,75847.78378579424,73514.7981065271,103803.13292779123,70535.24351540131,4
118943.75758692714,135207.84797762014,92991.75059697039,165827.7485761343,82051.39870064244,60005.917847861994,73630.40132884996,109214.73612961009,93881.95352339192,73711.24758854481,72751.84366128966,61932.30294374263,72260.88759432884,72719.29952136273,101206.21784999584,64918.20543029373,4
120009.7793352341,138392.9715625014,78821.68338557285,169814.45042067175,81716.34605125738,58486.91564642378,75376.20668127616,113171.3078226218,98097.29136196272,72850.81718573776,70254.79617772058,62134.5638793187,74634.35228280452,72720.48416381887,103947.52519697252,68688.65414722612,4
119451.67862792953,136695.62479205427,91720.31631711917,169400.07143021483,83259.93517159643,60391.99952983851,74014.98544394797,109226.91783033822,98014.12052084453,71892.24027302746,70253.81270096454,63003.33148280758,74497.42549627132,73593.36448828751,102224.18334772388,68310.5296862757,4
119413.01011002185,136401.7887594448,85162.51565963218,166396.26519635503,81201.1159898181,58922.953477257906,74567.29704943861,111785.87964604852,94032.40311532059,74399.25663462361,72856.78510150732,61502.65771182272,72466.30012587311,72280.80299863852,102437.19547238297,65260.88002453805,4
120128.57885701406,138686.91935383313,82909.92920517077,171818.21725585667,83055.77433774166,59464.603300643364,75118.20049502856,111671.34930745952,100592.21542980855,71388.14138032692,68741.85129902975,63130.579963991644,75948.76896724332,73596.2702150667,103907.40381567525,70626.84096417917,4
119066.37925700894,135335.20821752647,93164.75309905448,166006.0707933987,82178.53542310423,60124.0915207972,73731.2523998323,109267.4415430357,94019.88613842562,73790.99861276134,72836.40031056409,62055.84103534711,72404.96693908775,72836.55677277526,101364.13292457258,65066.26338556569,4
120103.36608926847,138461.56906623472,78949.49066036829,169779.58169932148,81789.97269749317,58584.726880160204,75471.89449928934,113226.38252095968,98091.92694329345,72975.09288490926,70395.29924336664,62203.40725224105,74679.5251583487,72792.61324317614,104023.72229382067,68718.85135398524,4
119550.13806225517,136797.14641537028,91693.02483713924,169394.12586618972,83353.61133260862,60486.905036795746,74127.48177379153,109293.52602881505,98144.09591485214,71952.81350050135,70294.67168982884,63091.39735596149,74606.61376793549,73679.32929746262,102321.14521517101,68453.40203683401,4
119521.9078090081,136477.2258969815,85433.32939545267,166438.4429381422,81309.74546787089,59063.23302545941,74679.54751009317,111891.98337697785,94076.95014202001,74515.6868714913,72989.33094612729,61598.323178091436,72544.84415588906,72381.60936613195,102525.73073217044,65333.18791785096,4
120261.4376260564,138842.88982664226,82856.19561150022,171986.8388160275,83139.50397247124,59558.570034333476,75264.89499388874,111850.18561484643,100690.67486413418,71511.50065797576,68851.10662592729,63227.76534888332,76065.73564597794,73692.42741971344,104062.97195708418,70746.95923888197,4
119232.9444566899,135536.41862111315,93333.48641794758,166375.0757426114,82325.52049464232,60274.69757493706,73886.93229996352,109452.11165572544,94191.45812886454,73886.08293367422,72921.40399472762,62198.95925509444,72567.9335079114,72976.54574829886,101522.38327531616,65236.874250993045,4
120225.13839306097,138598.09352136773,79022.02207112576,169922.9010847689,81874.1717188563,58676.36903242696,75584.1896634328,113277.7915332069,98129.12024606709,73115.77476451096,70548.78867254122,62308.19223024753,74769.66974373696,72896.12417174867,104146.74629530267,68773.32255522283,4
119675.30783120487,136933.24618735866,91605.78597853017,169453.26858201847,83460.16209842707,60577.29549137301,74262.68747600168,109333.5580031345,98297.02655041535,72000.35566095778,70320.95734130828,63204.27366546079,74742.11004282357,73784.42719989148,102401.87971614358,68592.31812862374,4
119584.73856267198,136462.6525595966,85606.60011847022,166163.98586797548,81392.93866073355,59163.14532317464,74745.79808065869,111771.12749470801,94092.68577011654,74585.22314849176,73070.71364768907,61681.44931572072,72594.30856636865,72465.31664911707,102508.87751685113,65353.10332216064,4
120337.61237116008,138851.0705651129,82759.01022660855,171695.64028926377,83208.48145586031,59634.11893059241,75367.15422477177,111872.53735930174,100744.20729210465,71587.65305133499,68914.40676622473,63292.80892524826,76133.52848691089,73764.44474034844,104076.58416945746,70808.38183264516,4
119284.24171021483,135519.96773719403,93470.59201843644,166145.59038228876,82434.01586222838,60386.54570419141,73952.78053912886,109404.77066096911,94308.514214577,73940.84470758971,72965.66044874913,62300.547933643815,72671.48913997282,73080.3025460604,101558.25782516693,65351.739865748874,4
120303.81653354366,138614.9243849426,79198.60085232269,169837.96445583875,81960.91883908736,58799.46008914234,75678.71519073429,113434.76783451652,98132.04832459072,73259.36237089186,70693.89619754508,62377.5720450368,74815.06613672568,72976.7245622545,104197.32829300503,68794.86963687773,4
119767.84405324985,137073.52573556016,91653.05991805314,169710.6936229102,83573.88777421568,60682.25928333513,74360.29754403801,109501.21843829376,98473.47122114555,72113.67900534619,70410.47607785178,63319.85453603918,74889.20687308394,73905.93128275052,102583.21941890949,68757.76574108192,4
119663.9978485105,136559.72618576602,85981.75179740808,166403.775382492,81508.85480747877,59302.1955254311,74814.50734311431,111899.85119102611,94130.72843917948,74729.28014150621,73233.25553336806,61773.31498543203,72654.3453519756,72567.46412127782,102614.19893672454,65381.75825855235,4
120404.84641848164,138997.1615668728,82819.82932327143,171952.10420514396,83280.67759045096,59704.16929771534,75441.11614717438,111984.8325234452,100832.31786874746,71746.90923057905,69067.51621574357,63380.383060024156,76222.28726414291,73857.31623856023,104263.64591880393,70875.25825205544,4
119368.75365600035,135647.3279771004,93764.53980976819,166397.11456264433,82553.41888110864,60509.14502252878,74032.50921160093,109516.81995592357,94414.21561410614,74032.55391508984,73060.65536268418,62390.78192600989,72744.60169608613,73172.8164163609,101651.79987571239,65409.11679376564,4
120363.65215345052,138694.27307775893,79455.53415483644,169958.8650415975,82026.78942999714,58884.88845645052,75742.28355196519,113512.3954430098,98122.99586808633,73419.26675072513,70878.81217942384,62438.4358451886,74837.6190468811,73041.5893246638,104315.1219862845,68766.68408711959,4
119858.48037701612,137222.5448158437,91754.62624485807,169955.60168690703,83677.97984814404,60772.87325535694,74456.65591438484,109644.44841676336,98610.88974605677,72208.62921579233,70498.29608181669,63406.13226963667,74987.57690043174,73987.91748141259,102742.31913594237,68857.07454169686,4
119746.31932333938,136670.34496907532,86373.42141549844,166654.15962388035,81618.02072739849,59424.683085046185,74886.18938758248,112009.4417940905,94174.73902401199,74873.56065196522,73408.6273203644,61861.313803352576,72711.92344569248,72655.01590430927,102756.78071460495,65414.302398479274,4
120482.02699208583,139133.9765946837,82872.7135506527,172163.73052164682,83350.23621919588,59766.93299614585,75524.44345050376,112105.77781269286,100891.25941887611,71885.0206595684,69208.2875023231,63447.01361024543,76284.89450036222,73918.53766662332,104435.06144703168,70934.44567137309,4
119408.76327857534,135700.279259715,93968.81240234524,166400.3779173348,82648.74907121052,60589.00780546758,74077.27975574491,109457.90075753938,94501.78974888203,74094.84822688678,73124.44724135962,62464.22975829003,72805.17492356001,73237.94939970368,101740.35748724431,65484.86685572468,4
120395.65985151051,138681.9796183085,79638.43847971421,169753.18428911976,82076.99144804376,58949.663811882,75792.99966013429,113471.87173031233,98089.62471361455,73557.7134558813,71027.65244575172,62486.04506087841,74840.10009051563,73086.91866241916,104370.80018172268,68749.85322354475,4
119922.31695918048,137263.649673897,91737.9071400055,169835.61752267095,83756.99326479355,60837.84977648852,74546.50992709518,109662.62038500553,98732.46088414919,72283.17228355078,70546.3523323956,63482.70934614055,75075.48631137447,74054.70449384506,102831.25672713004,68966.9780691836,4
119785.25606218053,136613.43742769212,86620.34113649621,166355.65207667972,81691.20033874517,59515.18529834572,74940.8394027757,111924.28164771578,94182.56213457133,74965.0463420208,73510.50657159169,61925.64212389495,72738.3208558942,72716.12557365008,102763.7097553861,65417.90102933658,4
120604.93923484556,139202.17176701687,82854.18395449924,172170.2348792833,83430.43427830152,59859.35745946854,75669.77449295217,112307.79287907993,100968.57410294702,72005.38480346023,69313.22894254077,63527.47989028453,76368.26650718052,73992.70075472603,104527.15063418754,71009.74869844303,4
119547.45585292052,135829.47234266668,94124.06761933179,166684.9826794842,82776.57869775042,60711.13773717138,74203.05302179493,109602.98593079876,94666.03036713963,74189.64197512173,73219.79978320596,62597.64732094375,72957.59146900076,73361.48749130816,101905.46982353566,65640.72556981153,4
120510.21254184397,138765.70925303808,79717.317785897,169888.85937796347,82152.87562046952,59036.99207746889,75903.55138821022,113557.21069064269,98113.31756273718,73678.23406198432,71175.41982834577,62570.93698631966,74911.53626579478,73168.68134363668,104470.64542420453,68789.05818331936,4
120084.81414137056,137437.0321556368,91661.39711873498,170179.40970413803,83872.08239699392,60935.236327080296,74704.93909179438,109850.37503843011,98912.92886888134,72346.53947908158,70602.54461795624,63610.42721395817,75249.60640068131,74170.1065504678,102988.23302843964,69145.32263819249,4
119930.34123543993,136719.272937688,86783.3300570643,166601.83419011047,81805.0601250005,59632.531956736086,75063.79634902434,112017.19784941648,94247.71746965856,75048.35129360572,73617.95140718835,62047.32502070964,72855.73456951792,72822.27400806833,102860.51516062203,65504.223466422976,4
120767.74934145801,139361.27148404974,82708.04824925045,172422.31785325025,83525.54095095885,59939.1978906629,75822.43690758193,112464.23273852262,101074.34255770953,72086.29811838844,69392.01884174572,63642.47961550709,76516.52562815257,74090.53434020691,104658.04244971782,71136.90777264927,4
119687.35542146629,135957.90546630687,94144.2735963194,166862.20966127035,82907.38110630287,60823.61171527049,74325.78645059901,109645.32013479712,94820.39151434798,74218.520428958,73250.01934170954,62732.62950570935,73123.24024715903,73482.63394625593,101988.75242337614,65797.2324844876,4
120672.44150310058,138904.17830993872,79762.22244050771,170087.99106931582,82262.24270608935,59159.8149132508,76045.17204107906,113739.13153876443,98166.73823198536,73786.48356038137,71293.41468732532,62683.098039996396,75026.5583427618,73275.47797864414,104556.85610256865,68867.17753019066,4
120213.98487257778,137600.19989016055,91511.08163727303,170340.2975607273,83985.85277627144,61019.99414205482,74819.17885770547,109913.02697813834,99084.45615583136,72384.24687197768,70619.84486816464,63727.50565141507,75406.51564675757,74280.14418842128,103093.95677971325,69310.90436111741,4
120001.59859676345,136756.84622011735,86923.94488143265,166463.09691227638,81906.11236168294,59739.61916442146,75124.86131487624,111939.54788917875,94297.49480456053,75104.00713729944,73692.11449529105,62131.34522811714,72925.87434361868,72914.34084347975,102853.98845124108,65547.1164640327,4
120824.38866190775,139389.18881287443,82554.5811718203,172142.47401266982,83586.04712319936,59998.74293789184,75901.98676609836,112424.11135722535,101144.88466321048,72155.0297325885,69452.83793840861,63703.1869534477,76591.00164067766,74164.54096609843,104671.87817953566,71191.24486342011,4
119752.04136991994,135966.7344053667,94201.49406212498,166619.64853044137,83016.0999913335,60932.48706251229,74407.88440798335,109613.04421580366,94953.49615257933,74240.9168769022,73268.92891751873,62819.28721896258,73227.15350713176,73578.41117124692,101972.23448422366,65886.7512210311,4
120713.05462277588,138862.08997512938,79812.37975506541,169750.72559722967,82322.50300914086,59241.19761481257,76114.82007680179,113700.57477957902,98174.56134254472,73879.53387254881,71401.68653746683,62737.52453774507,75067.84201477075,73346.064787634,104544.49558788486,68852.71595152807,4
120298.96620499686,137648.65847213965,91389.89047883636,170237.61364669964,84080.78063497313,61107.99295997536,74937.17371668502,109986.74303135193,99246.88628278808,72424.63647420841,70639.35794107414,63815.34800712443,75533.63001747489,74378.31305006899,103144.47172218225,69429.52506894173,4
120083.13776053641,136780.87434540683,87118.09213377144,166458.06776977394,82012.3054995901,59865.16891302692,75215.31882468687,111996.90246545107,94376.44116597666,75188.80965576287,73793.94904302944,62229.379979298115,73019.57285637532,73027.82065007933,102903.85519312086,65605.32040659433,4
120929.2406951476,139490.1292908346,82469.19750800103,172285.30165973923,83666.98278987203,60084.99831974487,76028.56469494876,112604.91461812433,101233.21875729786,72248.46002441169,69538.5121749058,63785.03904164303,76684.18606331183,74255.49021428707,104772.08104992879,71274.30394581603,4
119850.52315599003,136091.59124989406,94280.7086444746,166887.55653948267,83136.55354220314,61042.43529348794,74501.67232771782,109698.24906566729,95121.91654705007,74294.49400836158,73314.99586284111,62936.522118630666,73361.2639738636,73698.28357676072,102092.68803509332,66038.67602809382,4
120800.82992325186,138947.63010115983,79915.9130353824,169881.61741275995,82406.81378922627,59341.17696776116,76202.50597029996,113805.80679247461,98191.86159275314,73982.95539414352,71524.41996627093,62806.65848334533,75111.2267507585,73422.7759746046,104597.40216701057,68875.00064075002,4
120425.09709895815,137838.2236168651,91329.38430659585,170595.7109446181,84195.64624972895,61210.453356558486,75059.75068327793,110192.15556289621,99430.55056697734,72492.42931514136,70692.44333415548,63924.80449972207,75674.71422847679,74487.38956301089,103288.34990124106,69595.15149535555,4
120195.43292467987,136946.90310322083,87362.70962509033,166840.59552438208,82131.01561439224,59997.08890880214,75302.53533155148,112142.45702534402,94468.12802173234,75294.06402040292,73916.43660264452,62340.35639051872,73116.19944765561,73139.86994503379,103028.73438939267,65693.72155591506,4
121018.31239680201,139645.02687990986,82391.70400997449,172489.9095284831,83733.83685753786,60148.85725365368,76110.6179488442,112693.2040087228,101301.63744707554,72336.77176675461,69626.06395793724,63858.1739495008,76756.42690139139,74324.87002907635,104872.9544726556,71339.30281869207,4
119966.28284052407,136249.19340004842,94400.60340173286,167153.13996710064,83256.69416865041,61159.60313792266,74600.5117416992,109816.15451766903,95266.88996158719,74336.82821235993,73352.97147667069,63041.75413152625,73479.03531539862,73799.0228890208,102180.08335591356,66163.7116865768,4
120911.00167167207,139087.66378017233,80050.9399236369,170121.76455518778,82482.65325816313,59434.31668690642,76293.76814291098,113935.31279984866,98226.90912805905,74111.47792476154,71666.10767437311,62894.16556288786,75187.51325458447,73509.23252215773,104717.07340682429,68928.24249604256,4
120540.70032128101,138011.49433988266,91255.86941908234,170840.3731394259,84283.15332927147,61279.65435739212,75166.48026305203,110306.39532880728,99575.0545948809,72540.64202793146,70720.89710484708,64018.30184677862,75799.23579683731,74565.57596511555,103404.24369624183,69739.92374419258,4
120248.36185555004,136979.08961523647,87557.14745010703,166773.83086369408,82199.70252510339,60071.60962481614,75341.31560818144,112055.35227720169,94497.18528952423,75352.75970134255,73992.79016170384,62411.65845533115,73168.21195700312,73203.1253818423,103048.73920068017,65731.518355789,4
121131.92631386833,139751.24236956149,82359.51749795885,172553.29907575835,83799.21571006962,60227.2671732029,76232.65847357018,112870.52039748675,101365.80930540673,72423.40712826338,69708.18426706604,63924.11159564395,76835.0379866407,74382.26930883758,104944.65886886822,71413.15298237241,4
120040.69179781579,136339.00270926984,94519.84995840192,167243.10573853325,83348.8727627841,61247.66901107658,74671.2773646447,109827.50920385233,95411.55045170194,74388.37133507387,73402.88292203938,63150.0036299233,73602.59575874756,73893.32489887773,102278.96747338385,66297.44217365292,4
120935.90151499529,139050.9175122878,80181.22824206689,169853.5436217241,82516.44909577955,59496.02985334753,76333.62130327479,113873.06319154063,98182.56326705973,74193.10649551231,71768.09868432269,62934.756330818695,75184.02638244943,73543.36363594099,104688.99961578842,68886.53414088895,4
120593.45043819553,138045.64780541038,91229.31554666943,170741.42196672226,84348.64394052554,61342.88744245618,75243.23615351155,110342.24752691359,99702.25837257605,72595.5826158026,70758.44803553201,64101.15976347444,75901.24915853133,74639.0685008846,103474.69639476495,69840.6854081971,4
120285.35399262357,136948.71359452172,87855.20796241856,166624.14123107688,82274.82673821769,60172.14777137611,75391.60703320587,112042.07534099524,94514.86551938839,75433.44949882622,74090.66845067363,62483.631072477234,73204.04180336498,73263.72096106064,103058.64102347387,65728.43381505416,4
121171.77947423214,139749.6330439607,82382.98682963692,172417.86985610364,83843.11453617986,60280.01729011742,76307.22389307307,112912.16169740698,101393.30195108676,72519.5196294212,69800.00523328844,63974.69359334631,76875.56169933817,74422.05541396802,104996.80548868245,71425.8040697341,4
120084.00947857017,136342.444877916,94729.73283883726,167210.29337767285,83435.44106905951,61332.315067328826,74731.67177816294,109837.9698202574,95509.20522322718,74442.68607410027,73458.11408258845,63226.60305817164,73678.68109687342,73957.60851593119,102341.03826773624,66370.35356406613,4
120998.57580644797,139068.59774215196,80450.79028019789,169918.07310796657,82573.6919133296,59579.670081099284,76410.26543501204,113995.59545464463,98160.1221156266,74329.9438750677,71926.23727634398,62988.15464832242,75207.13808621623,73587.19540681785,104777.73604127599,68877.48168438455,4
120682.94682299458,138164.44732719034,91298.42714052525,171025.37852828248,84426.09273506317,61409.80856535537,75345.3389221834,110504.11886025892,99817.92865013226,72680.72041043287,70831.80646083433,64179.167351623466,75999.66388936805,74701.80984757065,103635.15956820961,69956.82507238687,4
120354.5549934572,137000.10025502447,88218.31205109502,166816.5673990926,82357.1929165355,60264.75104865445,75455.4659671147,112112.55039126282,94520.69932469122,75537.07218612102,74215.88292311227,62547.57941336387,73240.05046368248,73321.76844141107,103150.350230974,65753.40071361074,4
121263.84630964356,139875.83099315537,82458.64748461814,172728.3132348434,83895.08234203844,60324.40785460566,76397.79316160598,113072.4907603849,101440.79940805428,72663.64367766901,69943.92811583616,64044.47573953578,76952.33994154214,74485.24379554318,105186.86237178593,71499.6765851589,4
120187.0733722536,136471.72736784548,94949.98692869984,167539.4898700106,83537.45443075353,61418.12341429275,74820.6093693506,109949.01328671137,95604.22248890669,74511.84237144499,73518.46379261778,63310.82443127924,73766.1658246715,74028.1729731766,102462.94468199548,66466.30960301276,4
121089.36859242542,139165.4478508768,80685.10361732288,170137.3660728176,82638.66843446117,59651.15095986736,76486.93191849375,114088.3775458786,98140.92196713948,74474.1796820378,72086.05224919942,63050.895995008475,75248.511165203,73646.69575055788,104902.77169975897,68881.72851583106,4
120744.57058245786,138241.94082521688,91268.14052678831,171041.09180463455,84488.31999162675,61442.77738842695,75415.43399279524,110469.33954588647,99900.2277732167,72735.03514945926,70868.08334208529,64241.372256442584,76074.07284665976,74752.48125225083,103715.80466220435,70028.75298604406,4
120419.66562505551,137011.7455138857,88505.2413946678,166757.98347687526,82439.51439136438,60355.745000332005,75517.00031960015,112103.78850743634,94537.06080163251,75619.88539932793,74312.71068009266,62618.076815375905,73287.83849332792,73386.78966603156,103180.34627203301,65759.81566426941,4
121307.94630145388,139871.38299600876,82413.47460907395,172518.22918870798,83929.39226977734,60356.19203522111,76464.35665659388,113044.57343156022,101445.87325404564,72740.60073382864,70018.64999755025,64085.334728400085,76987.29806987024,74521.65478726086,105221.01583731364,71498.24607351376,4
120252.11694861854,136478.03055978185,95063.42203181054,167427.10529888934,83630.70590862106,61504.490554868054,74901.20975985644,109951.98606872393,95711.98024892573,74537.92685722433,73546.62699063147,63392.63181598566,73856.55627924875,74107.00757587046,102493.45481317697,66543.82545278376,4
121159.35190431499,139162.4080136309,80838.59304649748,170061.10192073608,82700.04632473545,59737.316934742565,76573.50022476914,114172.37540154165,98130.77427515677,74573.75670358619,72215.20062866219,63108.16116430297,75281.85996793032,73709.7500216663,104942.51310140052,68870.99967849252,4
120861.53726119248,138371.87151573558,91218.65376456425,171312.26316836633,84579.5151090044,61524.338903944365,75537.92155241032,110662.50332146924,100062.18851353986,72798.15647580105,70929.34947363728,64344.480853614914,76211.17844714862,74851.45477669893,103872.15511466922,70176.40860991582,4
120505.22810283043,137082.57819206457,88736.20197012449,166947.12393845606,82531.5812267758,60459.99353647156,75595.20907344927,112172.4754181475,94586.45815687874,75685.13014139296,74408.44320159474,62704.71217688468,73348.4117208018,73471.74864670618,103253.21295895732,65811.58230442791,4
121418.54273301874,140010.85788140987,82381.71278020296,172791.09928501837,83998.03447699959,60432.74675998053,76578.05998063803,113226.47192793751,101514.06842637878,72841.72002574445,70125.804260469,64164.28108981623,77066.02091384184,74596.98016607526,105357.04855406863,71577.17008318545,4
120367.47430175237,136632.39170699022,95172.23032381896,167758.0005238057,83741.52585763048,61612.87416373184,75000.0491738378,110073.3783928607,95853.80206749465,74587.9500613153,73600.04765987965,63501.50716322746,73973.6123649612,74207.79159161945,102615.04830301384,66678.22649219353,4
121216.81823930959,139221.0142875927,80946.23904779424,170093.33313624063,82748.59431369237,59802.58402855206,76619.81303928055,114147.58731694071,98123.5099582088,74678.4746263593,72338.91753422232,63177.47392385887,75312.772430512,73775.28533640926,105012.42935805672,68874.93358551664,4
120931.31940738195,138439.55259794625,91105.41982715367,171259.51305145182,84643.68696733558,61582.54284650599,75617.80668709359,110678.93185364388,100159.32919494262,72824.84445868069,70937.1949359411,64410.99964511391,76284.06748581737,74908.54113203778,103911.62829537729,70254.86323295394,4
120574.47380715297,137104.19232895283,88944.27435925894,166888.31649879416,82615.4002684832,60567.23720636812,75656.45285325681,112180.54439789586,94630.35698298896,75754.50995618224,74493.06690610253,62788.64297731435,73408.69437559777,73551.2538017337,103284.23718026128,65843.67940946572,4
121512.86709462013,140088.35137943644,82324.89464579757,172801.1799217677,84057.75833818417,60506.77573761651,76679.40278999839,113360.02360105797,101556.40263037714,72932.69162567754,70210.65148242134,64229.8611080481,77128.51639133888,74660.7273412618,105424.68493279039,71613.71518536987,4
120408.53445631677,136672.64719875422,95209.46833008151,167709.00549995966,83818.95230042367,61679.30354825301,75041.77988073586,109997.29305473484,95979.17300214447,74617.99080586324,73622.13118340149,63592.79168758294,74073.70347663206,74292.92938624971,102677.05204213287,66780.0610399319,4
121285.86277793202,139234.13476158795,81080.12599708153,170006.1389811205,82811.15684642277,59896.59546573109,76701.93334840934,114241.0623122528,98093.69273110542,74765.62407799055,72437.57813424803,63221.84213660266,75324.59650332887,73821.68755789848,105005.52266902002,68850.48077708254,4
121000.22983553766,138550.19373300002,90996.76799735642,171373.8422243407,84718.63236649423,61639.78566405603,75700.77636251168,110743.72956081982,100307.92359208151,72889.46335190098,70977.56218642739,64503.24529448096,76407.94085358869,74999.31156627079,104045.71641036468,70395.63451953346,4
120607.06265056881,137102.5159481187,89141.6402627993,166771.12630261498,82694.1678159437,60659.43815224626,75702.87742649048,112138.79133925335,94643.36569826194,75800.12986661552,74550.53324109713,62843.51650995213,73430.26380899713,73609.77066871771,103267.94275855337,65852.15072061429,4
121574.62496455014,140155.4736680357,82258.97935139887,172825.16334356825,84107.66978355286,60567.08074415693,76766.30637244062,113471.00001227857,101608.6833606581,73028.60296113527,70297.8456375415,64289.94259714396,77189.73781940197,74724.74273738179,105513.48841351134,71674.78015122177,4
120471.70048614747,136757.5838276844,95277.50704020346,167835.76224276572,83909.18629278975,61769.60459585245,75116.4794107055,110045.19284310256,96111.49532931988,74654.62531502549,73653.9824192503,63684.38913636078,74172.09585572433,74382.22460534866,102758.92648207265,66899.12878264532,4
121318.11634518104,139247.76932570568,81192.57762343617,169942.07888151158,82852.79814634302,59963.74010607482,76747.88853500945,114228.47828012447,98074.73845180732,74861.37895123709,72554.63421996048,63273.117038383134,75336.04059648998,73876.941070192,105036.9939252131,68841.60713453378,4
121071.1295689499,138619.5735477893,90899.24733629792,171390.18134953754,84782.80422482542,61708.338464300454,75794.69839271289,110841.58549804515,100414.27319219985,72923.59446568423,70994.19188430213,64566.366620822744,76480.74048527962,75061.24825015644,104088.25178006313,70486.71787818884,4
120685.7854945404,137170.04056811816,89365.60474224147,166937.26681915126,82779.08209312941,60769.36403147746,75775.18531980341,112231.88635490972,94713.84074852953,75887.18991126894,74655.40762608143,62937.17031921987,73511.60180707,73707.0007570983,103350.21952989335,65924.72683486067,4
121615.23808422544,140198.81370053455,82175.38382713603,172799.0788577889,84134.9612635328,60599.11079396139,76819.8835039,113453.76681730352,101629.42577951262,73109.56097955239,70380.74825772623,64339.74228379039,77228.20517160954,74773.38013331653,105571.40178339503,71705.69261380346,4
120544.67893179404,136792.02786589,95347.9597387266,167812.00233840971,84001.36488692343,61859.57036728506,75192.85532150928,110073.31133762734,96204.09860659821,74661.10732091754,73657.46929138534,63751.28790751552,74240.022807124,74446.93290554678,102753.71852561457,66978.07514406147,4
121410.69727071493,139290.90819250443,81350.53740150183,170010.20699861133,82928.30233911304,60065.01586020182,76839.01659715374,114368.17668297014,98072.10094596159,74960.66540010755,72675.78067490825,63332.59503037871,75377.77130338804,73944.53274542485,105084.42432694726,68856.02400970746,4
121199.65209956792,138808.0658087809,90843.77030655985,171820.40772681328,84882.29183939598,61791.4869536742,75911.32979528068,111052.00482034741,100584.50407797148,73003.30078641186,71063.66110606922,64674.392601775246,76632.91116153136,75167.97782993053,104279.80623004511,70659.92154597302,4
120732.12066079625,137208.0832371811,89568.75974759576,166992.00624132232,82857.62612314537,60845.1587969254,75806.52246552974,112159.53375810788,94731.47627490477,75929.85939143412,74722.14993502498,62999.12935484998,73541.5084411512,73769.27271715077,103371.34192840362,65941.7141606467,4
121732.22711470451,140326.0845334631,82178.8930510155,173033.61571235844,84213.37118308201,60682.01341414612,76939.24181929133,113685.55440730506,101677.68319579163,73204.19826557617,70476.14550306147,64402.32716826525,77293.80754158588,74842.60348589462,105667.51428455286,71756.3863702281,4
120638.1762788506,136951.328748623,95454.66696675622,168170.52431947284,84108.27328065316,61947.34566776105,75270.39352302474,110170.49672251902,96361.87957070823,74720.42885070192,73717.23785605883,63864.99123155967,74370.66875346527,74556.03177023314,102909.08550132341,67119.58403820802,4
121444.69427403144,139338.31624249415,81505.52439755492,170038.16903092494,82972.5364413901,60119.33059922822,76867.2915538897,114340.77344426794,98050.82208524014,75058.20841291052,72797.4859234674,63387.17799033857,75390.37768726083,73998.33339432877,105132.52528101509,68832.53232628493,4
121264.27099278821,138895.59524006787,90790.03671288928,171850.62728531688,84949.57059020647,61849.646192746906,75990.94670903048,111143.28934470289,100670.17831446866,73032.42510943713,71084.49293190156,64729.66846581322,76693.43968551632,75216.32465318736,104324.1744427889,70721.29943624728,4
120784.71431549959,137274.62438042456,89834.41023044709,167099.3840216856,82938.11475492892,60942.411237050444,75852.87998353005,112202.29264525088,94790.39547328895,76014.81837210874,74835.3168172022,63085.205922747366,73610.75414547374,73853.78466293629,103463.31935683721,65991.93853043778,4
121799.1482376037,140412.45167403837,82196.23800471282,173093.1607595874,84260.68982609389,60747.61578412245,77019.35047141915,113817.47440308028,101688.65790231919,73288.93372880622,70576.68364962145,64444.21433737449,77319.22147503156,74881.33905903567,105735.37418071917,71761.30375400827,4
120747.09632958131,137118.5645006376,95620.31574491451,168542.65851290926,84214.68993600487,62062.25598600579,75366.61778290484,110367.43794291472,96515.21253767164,74786.14297940052,73789.70221158293,63970.49146538872,74491.94931887976,74657.5757452936,103067.55936951154,67253.15806307293,4
121518.85736213415,139461.40729920953,81737.80372593449,170318.7951825613,83029.26516881767,60200.69094904554,76923.93087433945,114435.92482041418,98048.31868986115,75188.29556564041,72962.39709405864,63459.016497017925,75428.06272841248,74068.54022366289,105278.32571009705,68845.11635841327,4
121345.00549376078,139034.57838709097,90778.50321275035,172049.42370050238,85013.49657934863,61907.00076901922,76071.2565268584,111230.55055505641,100756.41134457724,73086.51633101897,71135.96899938214,64794.130896822324,76758.84088979255,75271.53346199196,104434.99439179832,70793.58497781574,4
120860.1291012918,137347.64752956005,90149.23455110009,167219.23407545497,83023.63252921493,61046.03392434525,75911.84388540314,112253.38873307571,94823.38664810499,76089.96493696749,74936.72668179592,63162.02886844026,73653.49068087229,73924.88556204863,103535.00140130537,66013.37385337042,4
121858.82739529938,140489.90046857603,82226.90459810551,173147.54255384716,84292.51871019826,60786.44076424131,77074.42516975703,113867.09527577106,101707.03103626145,73397.04911673655,70695.57257837923,64499.691367112566,77362.8073767194,74931.89870499358,105857.10178102276,71780.3921437731,4
120772.26439383798,137127.12521876398,95726.53123456612,168409.46446770008,84271.39631168799,62112.05567265221,75392.76932391756,110273.09122956888,96588.66036995177,74800.7610202743,73806.55542690223,64026.34847478253,74536.27282813464,74703.62033887152,103095.58845705849,67299.44852583988,4
121556.9894381749,139411.33939162962,81946.9937022917,170063.02417075922,83064.91620122388,60270.47309523501,76970.2213371064,114452.55451828892,97985.24206700826,75269.49945324654,73070.57953722234,63480.58593041729,75403.38640253383,74094.42354374213,105262.03128838913,68778.3293459808,4
121459.60288758313,139164.44202237632,90766.18740155548,172271.80120608822,85088.62079246293,61980.76152572173,76177.74023744348,111452.21280481969,100903.08349169296,73173.95635532813,71209.86386655139,64884.65546186632,76879.38384764003,75359.46522467914,104610.81321368375,70925.90730499117,4
120939.0978144524,137433.8805596686,90419.13186539793,167426.05476689994,83099.69551559634,61134.99386727737,75957.1732231585,112316.08537627285,94873.20868649587,76180.31068805585,75041.64577026914,63243.36686651312,73711.33699552262,74002.33435658626,103638.35586766672,66062.27947023863,4
121923.73686119758,140566.49989682436,82200.84246407062,173204.47244697483,84318.64789946651,60817.08500588954,77126.68354829354,113911.15056409247,101712.17193748617,73495.01681268416,70783.97372769997,64540.46094899905,77388.48953109856,74966.20863273247,105944.98884022103,71796.50775152538,4
120852.57421166591,137203.38937084549,95805.25407853772,168471.78113124147,84351.68377777145,62177.993318795365,75452.40377812431,110282.74718317356,96695.79228112607,74835.9203143025,73821.91107534303,64103.95373153136,74618.52724773018,74766.22757509084,103159.29092875612,67391.76123044029,4
121643.37893049467,139455.61819739558,82118.76685843072,170086.22528150384,83123.54482693016,60346.33491591632,77035.89076231608,114525.35414997986,97968.85823832253,75386.37672500333,73184.7745996445,63540.24273636851,75436.13170816084,74140.6022477868,105314.9602192593,68771.55676741085,4
121530.8378971622,139233.1736365764,90664.82224045065,172284.1170172831,85141.30385414409,62013.81975577113,76243.96845626456,111457.77838918906,101000.89472542939,73228.53931528798,71228.99695980512,64955.37638132291,76969.416674306,75407.00738513558,104694.00640654641,71013.36968104479,4
120965.67403860975,137385.48903292287,90604.20430948786,167197.88815950014,83159.39702503647,61194.44950752849,75976.41807513453,112181.21495022952,94883.42343371194,76225.90824674467,75088.76324758092,63302.17430617503,73741.46714704837,74044.3779879067,103624.11780644869,66062.43593244981,4
121971.94957398767,140538.20258834393,82166.75605377628,172962.2689440571,84353.89660047252,60856.82640753107,77194.49874097094,113928.18259336741,101712.10488225281,73573.38202874447,70845.03869355186,64578.682432017624,77409.74604007555,74993.56716794577,105948.2074914226,71793.28910032382,4
120923.76451775606,137227.66336532394,95906.73099836482,168467.4672445616,84440.93429338149,62265.50039833789,75527.81856391652,110345.8908612598,96805.87462256844,74876.08639908867,73854.85754667014,64187.48220056084,74710.45997267484,74838.73663410386,103226.97201096678,67491.31590024423,4
121671.87740467518,139429.08667672714,82293.02105820431,169997.4218007829,83161.05105412616,60407.42223351267,77063.85279462967,114500.275492701,97942.17025544289,75492.92749082178,73319.71208092119,63593.2610742165,75446.61467631039,74189.68667861065,105371.04074609766,68765.32063070782,4
121568.43353133602,139231.34079353104,90590.41328315894,172158.65667565545,85175.12204350496,62053.695267879404,76301.47949474806,111463.67924972526,101053.06369698807,73258.13302494682,71244.24084952365,64988.12168694993,76994.0259449513,75432.30955985899,104714.70412191203,71060.91184150122,4
121057.38324610988,137418.2343385499,90871.91115282908,167328.73527154152,83243.70780512189,61312.8243461638,76057.82312844075,112315.99596929504,94931.83731220214,76302.93235813765,75187.82617900684,63377.92436813407,73798.32998494268,74115.21066608556,103703.7794236874,66120.75163373371,4
122078.54504329505,140663.9982061384,82168.96887647735,173273.58404083064,84400.36587719512,60921.020617606715,77286.96790778254,114104.94018851999,101763.5138945,73700.33993725061,70978.7021253946,64654.36543874329,77485.76432296805,75063.05874145732,106114.95150505919,71867.25102272643,4
121022.17924859277,137350.7097185504,95933.35192601108,168731.32958785648,84521.8029048208,62340.043466096344,75600.77465781863,110395.44467871722,96927.71398159432,74906.37301282561,73876.1364073916,64273.24584403585,74805.29842439872,74913.92790245151,103318.50240451127,67600.23595097494,4
121736.36218742875,139458.09924103014,82384.05971337078,169985.19539656586,83200.8371592566,60463.54746383995,77104.57767302725,114468.31249812992,97918.07507492007,75578.06528545204,73418.082108269,63646.793502186956,75468.94406902124,74245.20841183764,105395.47120278732,68751.88723229019,4
121689.06589616131,139361.2938357942,90432.20763590427,172318.85162816665,85251.67676826438,62112.837983708145,76404.69985064268,111590.95008265378,101181.67563458391,73307.01629007058,71265.85498641193,65070.130237356454,77110.54558879681,75516.1286015664,104807.30739919037,71184.38287787234,4
121113.93315958181,137437.5462457593,90986.44149141807,167253.81222412732,83321.44717233744,61387.36741392224,76084.86873923168,112225.82903216232,94974.73030981187,76338.4716318216,75227.79109809293,63445.85131953375,73853.15881409154,74193.57588214587,103706.70750221104,66164.9633842663,4
122156.79850063307,140699.40336935563,82072.67756136389,173166.25096395623,84450.99257838639,60979.09044970161,77357.44295805013,114186.12172438166,101770.48763877006,73767.14930142752,71033.15097488773,64686.14961935874,77518.04024196151,75111.31615773632,106113.81156609197,71887.79227588086,4
121114.96133982675,137457.21578087995,95957.51416176726,168894.05028749112,84624.95620548204,62432.64674337468,75669.41686504088,110502.5318864026,97077.35891072261,74940.8394027757,73891.31324187675,64360.149426478085,74923.31563512274,75012.38733677713,103409.8092806112,67744.9411445786,4
121813.47570579956,139532.77641925533,82559.6326660672,170114.61199696208,83272.58625895814,60559.950537675686,77158.26656320889,114577.61252851636,97908.59793527103,75676.25649884422,73532.38892941343,63691.876970753314,75491.67579313228,74307.30155793448,105448.53424412421,68756.24582245896,4
121754.5341556709,139474.50542146034,90360.70440539175,172470.32940034027,85312.47351318282,62165.87867330059,76465.51894730557,111655.59132761853,101286.37120561257,73362.9180029533,71308.16683866583,65131.97751426429,77189.60370893523,75579.22757616373,104909.07489169537,71278.30490807354,4
121210.17977120636,137540.63249118716,91289.73231193214,167514.09828830938,83419.14664735159,61510.3690636598,76158.71890291202,112372.25531008904,95029.69324942748,76413.61819668034,75325.62468357381,63521.40021579269,73907.38414614012,74270.48823481658,103772.06400299836,66204.88359986349,4
122244.99848425371,140834.5420163324,82136.5364952727,173450.43104296102,84496.09839869718,61038.814310886184,77429.59438915187,114327.04947317237,101799.18727865069,73884.87593947363,71165.0486189185,64747.46045439965,77567.2587832521,75170.1906526316,106258.36029748444,71913.00504362644,4
121176.4062853344,137558.0668518623,96094.10567213365,169074.87590013456,84701.39917151918,62501.333654085836,75711.39344112795,110497.32392994451,97177.69589158248,74980.6478596506,73933.93801855303,64437.08413089325,74992.27076676735,75076.6262503417,103497.36106364263,67812.26459887798,4
121839.42608111216,139517.28666034777,82804.76424750856,169985.8212454106,83308.19258787544,60623.85417507341,77173.75632211642,114536.77589139652,97836.2900419581,75767.87629936652,73640.77253827722,63720.196630978186,75457.8129002825,74324.78062209852,105446.3884766565,68667.86702488268,4
121843.80702302541,139594.55664092978,90401.56339425605,172681.68749590963,85385.96604895187,62239.997057914385,76541.09019530895,111843.77066418776,101388.74219521788,73451.67678018533,71365.65552540487,65200.26209357526,77265.10790170525,75634.32462624606,105048.28155616303,71348.66819961884,4
121241.20399251033,137586.6323812762,91638.39717369046,167628.36040596492,83491.92392729806,61596.11035539036,76154.58383018778,112358.75485643803,95051.88853167159,76506.3555844254,75417.51270502957,63584.65565260121,73924.63969285962,74319.66207261826,103864.51081806551,66198.98273932729,4
122284.7622376397,140889.72847339255,82271.38456957157,173487.8031596903,84530.78830609182,61094.49250632436,77461.40092151177,114417.7081486831,101771.73933645956,74004.74834498744,71265.74322768966,64767.6887831317,77537.62037010436,75178.68431552462,106337.37371413395,71859.02558076687,4
121231.615094139,137674.51944047445,96327.59199471379,169336.61482770622,84777.37275092278,62581.68817540267,75747.02212178972,110581.34413735202,97304.20676519952,75076.49213987496,74010.17981889007,64517.97509407701,75061.69528504554,75144.91082965265,103672.28581574987,67896.70948943013,4
121914.21501805962,139610.0463998373,83180.2288508688,170232.8303733862,83360.20509722295,60716.03276920709,77231.31206408884,114701.70941373223,97797.68857928379,75912.64854820354,73809.23763623687,63759.02161109706,75428.44270806822,74362.04098010552,105561.09762920113,68621.91183828257,4
121905.4307824887,139737.02666008793,90434.42045860535,172940.69951065775,85419.65012784602,62262.438209347514,76596.00843143564,111910.08828998666,101478.68561490603,73547.90104006542,71459.2199276948,65258.3542774146,77313.52178019546,75686.53830129365,105234.27042177564,71420.9090376984,4
121265.94737362234,137583.41373007462,91907.71334263246,167510.49965745208,83533.78874466286,61644.233661202634,76178.25432756596,112253.9475266871,95034.40946750755,76553.070730337,75497.15197052383,63611.142469780745,73896.5435500793,74351.8485846339,103873.67503329218,66170.88659654696,4
122328.90693293893,140889.86258385927,82243.19901981343,173309.6597563815,84534.07401252676,61101.17567791649,77519.6495675623,114390.86370359227,101765.52555150099,74101.95608162358,71378.95481335578,64797.841286401905,77548.1033382539,75221.42085092317,106401.94790386534,71868.14509250464,4
121293.48472279128,137653.32998673082,96290.89043031818,169090.4997695088,84826.68069919119,62613.897039162766,75813.40680282198,110499.29088345658,97386.19296386158,75068.51256710441,73999.04865015134,64566.32191733384,75113.75249788196,75200.38785939073,103664.55211216833,67970.20202519918,4
121954.69402726818,139499.80759618373,83201.17243542343,169787.5836238365,83373.57144040722,60742.02784800862,77273.26628843145,114541.00037109858,97758.72948869818,75965.26455465134,73876.62814576962,63795.45495455921,75438.5009930731,74408.53260857255,105522.6079252491,68600.3424048832,4
122015.26725474207,139717.84886334525,90166.15482165276,172684.48146396654,85467.34875051364,62299.67621561006,76714.83030496005,111928.70729311793,101579.31316844383,73552.48314767875,71427.39104359044,65322.54848749024,77414.64107211126,75751.13484276949,105231.81172988555,71519.54728597967,4
121378.1978342769,137550.78018316987,91928.70163067599,167361.03354227945,83613.91974853513,61726.91276394281,76267.1472152647,112199.72219463853,95126.20808198549,76571.19799509025,75506.04796481704,63718.5426018885,74017.89117072716,74453.23609748317,103884.9179607532,66266.08267618212,4
122456.53539377874,140890.53313619294,82022.78846773965,173181.89718507495,84584.14192010665,61156.138617532095,77639.6784352873,114433.7119977131,101804.66345604224,74144.62556178875,71401.12774385545,64877.949938529724,77642.15947892184,75289.68307848967,106406.8205841566,71921.69987221956,4
121431.48439305836,137711.22100487008,96123.72173353694,169157.4655958969,84934.43845921021,62700.46534543817,75934.88853393657,110540.19457580979,97563.73287007009,75052.08403492977,73953.76401588488,64691.446982794645,75286.71029647712,75305.7763344975,103706.41692953312,68134.44264345677,4
122075.37109558239,139531.4800180769,83200.70304878987,169817.40085093986,83460.67618854955,60842.07425619057,77374.69850476964,114600.09838343841,97788.4349570793,76017.34411923219,73935.72615810945,63886.583016703495,75525.58338947098,74490.94349037927,105517.5117275133,68638.40742569059,4
122119.04640424806,139803.03136146444,89889.35081831823,172741.74663326106,85544.17169620654,62361.5681960068,76813.73677417479,111982.86556993313,101716.93285905514,73560.14979602692,71408.77204045917,65413.76595661235,77542.02366376205,75829.81298325217,105266.9933756582,71645.32055202968,4
121451.75742527931,137594.74606451346,91995.60040183073,167411.0120428815,83710.32282237087,61834.894041406405,76324.34532932584,112214.76491865695,95217.20203366305,76585.4807597972,75523.45997374773,63810.85530648891,74107.7898869264,74539.55853456957,103887.35430089883,66345.67723818746,4
122504.85986529112,140925.2677470765,81890.80141673106,173125.90606521443,84627.21373167202,61213.00145542639,77693.76965686913,114472.58168132088,101831.19497671069,74193.08414376786,71441.65145655292,64920.328846016986,77676.69292410529,75335.01241624504,106403.110194577,71946.84558473177,4
121506.92153059502,137786.30051449544,96094.64211400058,169247.31960860727,85031.13210572388,62800.2211809422,76009.58806390621,110643.75020787123,97700.72671183667,75045.467918571,73926.38312892713,64762.48082667361,75370.97637307363,75376.02786732053,103717.86102269424,68246.02255177767,4
122137.95598005725,139602.06682706677,83330.16435267501,169996.23715832678,83532.24647429545,60938.097350370575,77421.59246463687,114705.33039633399,97829.7409808327,76117.99402451444,74048.04367399737,63959.986145494724,75583.92144249934,74571.81210181858,105605.13056577809,68689.36940304868,4
122192.18131210582,139938.52763635252,89754.16746785253,173002.6361945434,85611.67396446157,62418.408682156645,76879.62971682903,112107.34243480474,101843.19786348318,73614.06220365313,71439.81861350758,65482.34110860123,77631.29653111656,75898.70105966342,105377.88037990099,71763.06954182024,4
121492.77287635481,137647.9432163171,92168.73701438154,167526.41409950427,83789.023314598,61919.182469747364,76343.47842257959,112203.25377026245,95275.71890064704,76627.83731554,75572.67851503832,63873.17197003031,74151.04051244742,74604.98209059026,103912.54471689997,66392.30297712123,4
122579.91702317203,141019.41329472224,81900.30090812455,173276.57917458765,84679.09213055279,61280.03433704786,77762.23305013575,114637.96223854569,101844.65072687277,74287.16263618025,71529.71732970684,64957.79036972408,77703.22444477373,75376.87723360983,106461.4258958609,71963.3858756287,4
121597.69196482802,137972.64700801932,96165.85477183519,169681.12226499585,85129.16685690485,62884.19668486079,76069.84836695771,110795.38444225604,97877.1043273335,75112.16552402562,73982.15073134312,64863.26484242259,75504.34923223844,75479.02470577059,103893.88101027979,68405.65871067747,4
122182.81593117905,139694.9159735341,83539.44373601004,170171.11720694508,83584.48250108749,61006.247819214805,77439.80913636794,114755.97944926971,97806.71868404374,76213.45832508306,74174.06280923639,64000.30869249209,75580.61338431995,74621.90236114291,105660.02645016032,68672.67264994058,4
122277.78849336965,140121.00727808563,89702.28906897176,173320.92503558696,85674.90704952563,62473.03634560542,76952.22818281988,112288.14569570372,101953.25785318112,73684.20197775388,71501.01768982621,65541.34971396324,77705.45961921927,75965.1304441846,105512.16966058846,71867.72040935999,4
121580.23525240843,137812.36264853034,92425.60326166192,167887.0818480351,83883.77235934406,62018.91595350695,76397.83786509489,112330.54695493543,95360.76728829948,76704.74966821072,75672.47905403127,63949.59258432301,74218.3192632579,74694.94786202286,104042.54246265203,66476.23377755091,4
122661.34442822271,141186.35847405894,81905.5312163271,173541.58145684976,84724.77909621944,61325.85541318124,77826.49431544475,114762.79673132858,101874.8479336319,74394.31689909898,71655.26707831229,65005.37723366943,77742.16118361488,75439.14919366232,106597.34685389363,72009.36341397326,4
121634.70645364601,138073.27456155713,96138.943271511,169725.73634692864,85190.67885764586,62915.57853407604,76100.53731209485,110710.33605460358,97999.92716311541,75123.56491369783,73989.48210352447,64927.74962517615,75580.54632908659,75550.12560488291,103963.30552855796,68516.03162479778,4
122226.89357124492,139691.80908105482,83664.99348461551,169954.75232061773,83626.95081555257,61066.999860644326,77490.10056139238,114735.92993449331,97766.61965449092,76263.63799138523,74239.66517921272,64022.16869856939,75567.49291032468,74656.07817841509,105610.71850189191,68638.11685301267,4
122370.83880553709,140219.80198857808,89553.02411949923,173329.2622362688,85734.67561419912,62523.14895667422,77057.8401753712,112405.8276302609,102072.77263078364,73721.50703924979,71519.18965806838,65605.58862752779,77803.15909423342,76032.92328511755,105578.93432127647,71977.31101242435,4
121629.99023556594,137842.045765167,92556.0480423031,167811.77882096515,83954.80620322302,62090.888570653035,76444.08362437291,112274.53348333044,95439.87011192681,76736.62325580398,75713.74037429577,64029.678884706365,74294.85163627287,74773.53659552772,104062.30140475053,66541.56792659378,4
122718.8107632173,141219.55081457505,81856.64795120334,173429.21923747292,84757.18912567964,61371.29650965888,77897.77402851272,114811.00944411868,101894.38335828584,74465.03781855557,71726.0774047467,65053.67935343735,77787.46816962579,75486.57959539647,106615.27295294679,72020.91926585666,4
121705.2262074025,138139.48042863375,96141.08903897871,169737.44866102323,85268.46292835033,62988.48992448926,76174.70040019756,110759.06285751615,98130.28253677876,75129.64458818968,73983.24596682143,65006.98655927021,75682.22441461378,75621.47237318425,104002.46578484366,68611.78649804431,4
122278.59315617004,139708.8858138187,83857.0396729755,169922.8116777911,83681.37731330124,61146.66147788304,77537.84388754891,114768.00468778667,97759.28828230957,76346.89823948125,74346.797090387,64077.846894007555,75599.23238745122,74712.67279537593,105642.92736565201,68619.36373941466,4
122394.889282571,140253.73193666124,89444.30523446861,173261.64820929148,85770.43840532762,62543.489044128546,77094.944071167,112364.96864139661,102162.22431209378,73772.37960963006,71554.61717303004,65662.20559623309,77878.90915619244,76084.66757353158,105657.63481350361,72040.18646957714,4
121642.52956420537,137769.8272788319,92783.38763515803,167569.798835492,84018.01693654263,62166.70568784544,76467.62001128435,112209.71342441005,95440.16068460474,76749.34139839905,75736.89678155146,64060.5689955436,74297.89147351879,74804.11378194258,103999.73887202011,66513.8964669581,4
122711.14411486914,141137.9669473132,81878.30679158054,173146.2685044132,84765.32516066136,61391.21191396856,77915.76718279925,114755.95709752526,101869.52821845154,74548.81215677407,71811.46106856597,65071.98543214625,77790.0609719826,75507.34436599545,106633.78019735578,71988.17396022963,4
121730.32721642581,138099.4931578032,96224.28223184137,169607.56267399344,85328.92439710193,63048.05732346265,76220.94615947558,110767.82474134264,98215.7332558314,75149.87291692173,73980.98844063145,65050.17012955787,75730.66064484842,75662.57723123756,104012.23349717063,68667.12941731566,4
122252.59807736852,139583.53723091332,84088.35787634348,169645.0912529339,83692.86610995128,61186.78285918032,77529.21611418917,114650.94860207422,97697.97744726867,76433.80182192348,74445.59180087945,64096.46589713883,75575.11485518394,74735.22570553132,105632.55615622476,68558.16466309603,4
122436.3964720245,140234.7553056187,89426.110914482,173226.377156541,85802.04377198742,62583.85629461483,77164.6144586342,112471.13942755932,102208.40301613844,73825.8226306227,71581.72983905433,65687.59717793431,77915.72247931034,76109.54506511035,105697.24210467841,72075.4128188387,4
121648.40807299712,137717.03245842844,93029.81561777779,167562.48981505513,84063.52508825363,62218.606438470655,76474.03496194303,112131.70583626103,95474.40355711026,76813.11092533004,75798.49818927029,64119.734063116804,74338.25872400508,74856.97565757939,104057.96516632619,66541.94790624952,4
122760.76498755992,141111.52483362256,81943.48447841221,173130.59993155004,84789.33093420636,61435.96010636808,77984.56585223268,114854.3047731286,101816.39812188127,74629.92663740237,71884.59597642375,65083.921263685384,77776.11348344249,75512.9770055982,106644.33022073869,71940.92237245111,4
121840.34250263483,138202.4229410199,96317.75722715346,169988.68226870088,85421.59472961363,63131.898716914504,76323.9653496701,110958.75334247987,98350.80484757482,75206.82516179385,74017.31002537132,65143.66747661442,75847.0014747383,75737.43322341838,104149.27204242612,68792.47800022102,4
122347.99532270376,139676.94517099205,84320.54779774521,170031.73172852182,83759.54136366145,61266.109200252205,77605.27910057058,114796.48081022273,97693.61885709988,76549.36034075741,74571.63328786293,64171.63481374202,75620.73476561724,74794.65899403799,105752.02623033836,68576.44839006048,4
122517.6227113751,140367.2787984942,89330.24428251319,173542.07319522777,85852.9610458566,62613.85233567385,77241.21388688254,112551.27043143159,102283.52722925274,73888.22870114192,71620.04072905073,65757.73695203506,77992.72423895886,76157.78012964489,105821.69661780556,72157.91310762324,4
121699.83943698877,137760.19367697166,93209.41188447618,167634.88711534586,84132.52492338717,62287.31570092627,76516.4585729192,112091.53975147483,95502.16442372375,76846.14680363498,75833.99275946531,64181.42487781345,74370.35582904289,74905.6354052586,104061.07205880548,66565.17136873858,4
122835.53157276292,141193.64514275137,81946.12198425794,173233.55206651118,84828.2229695586,61487.570284315385,78065.54622239426,114968.8351117176,101819.34855214937,74729.52601069522,71984.53062588342,65131.50812763073,77812.1668472489,75561.25677362166,106710.71490177095,71954.89221273568,4
121877.15582575272,138271.17690696442,96298.15474726615,170040.65007455947,85480.42452102,63175.70813604691,76368.4229693917,110926.00803685284,98456.99798548198,75226.02531028097,74025.11078418622,65210.40978555797,75922.30450180823,75801.51567477176,104204.30203727509,68883.78487632095,4
122355.9301919854,139639.39424030713,84475.9371251985,169851.6884269343,83788.88920413128,61318.389930533165,77624.74746999115,114732.28660014708,97636.73366746113,76612.66048105485,74658.2239458828,64193.29365411922,75601.02052700765,74824.43151765245,105717.55984038829,68521.01606381132,4
122575.11139811414,140418.86662469705,89204.42631297426,173522.6048258072,85897.68688651167,62659.181673429215,77328.76566991398,112665.75606653167,102353.08585799765,73924.75145158189,71641.45370023891,65793.09741176336,78043.08271921668,76196.35924057475,105855.85008333327,72211.62434954934,4
121789.492283999,137859.65893979775,93409.1917764177,167925.41508977595,84229.62090130102,62395.49814408996,76602.37867860541,112256.62973602173,95607.2623261526,76909.6034061436,75900.8691788756,64269.15547480053,74464.76959762211,74993.88009236814,104159.86676929794,66654.7795122599,4
122878.51397735048,141269.93164657732,81905.35240237146,173368.08721638768,84855.33563558289,61512.78305206097,78114.09421135118,115002.31802491166,101832.1337499778,74817.30131117122,72074.09406591584,65179.00558459826,77849.2260395558,75604.32858518703,106806.69329246203,71973.42180888914,4
121924.16154434223,138332.08541060513,96260.0226712254,170077.50810116628,85547.54680961929,63216.567124911206,76423.87764738532,110904.23743775339,98564.82280073439,75218.33631018833,73998.5122082844,65272.190007232435,75995.8417410662,75851.2483061848,104232.10760737749,68967.40275232826,4
122419.96793984986,139660.76250800642,84651.64418836168,169840.80312738457,83847.47312634863,61390.76487907945,77687.17589225482,114774.73256286772,97627.45769351217,76681.72737142174,74744.81460390266,64247.3625239566,75628.24495175421,74876.10875083313,105735.03890455233,68513.86350558561,4
122647.68751236053,140501.56807918168,89079.03302657999,173597.81844589932,85941.67511959972,62684.908531297275,77401.1182667158,112704.15636350588,102450.24889114486,73976.89807139612,71678.04350591225,65867.72988649964,78137.96587442946,76262.09572101782,105960.54565436194,72304.49584776114,4
121832.2064676531,137835.36259357486,93564.37993817091,167774.31729725807,84290.68586715292,62458.4406564761,76638.70026334528,112170.93314778009,95619.80165479204,76914.52078992377,75915.71073719392,64321.972646948416,74492.21753981322,75042.07045341379,104121.98056244619,66661.90971874115,4
122923.37392847228,141246.66348059935,81856.22326805869,173180.5784321521,84872.45707183566,61538.62166865131,78166.44199686551,114981.0391641902,101813.04536021297,74890.10094286215,72147.45249121815,65220.62453277404,77877.0316096582,75645.2546292847,106827.39100782765,71967.27507916393,4
122005.79011509301,138371.73740526885,96189.88289712464,170073.9988772868,85615.69727846353,63275.73219248441,76508.76957282658,110954.21593835544,98687.71269174966,75220.43737416713,73977.23334756296,65347.761255235826,76093.72003003598,75917.54358023925,104262.97536647027,69072.18773033473,4
122435.65886445748,139592.96966707346,84699.18634881811,169588.4742842286,83871.5012516381,61429.411045242676,77709.10295356548,114652.08854104145,97605.0835973124,76729.38129060046,74804.09143019812,64293.943559401465,75639.73374840424,74918.97939669841,105702.36065415868,68494.10456348713,4
122709.13245786817,140503.69149490495,88854.35329131524,173433.8907520641,85981.66239043027,62723.73351141614,77492.84982596038,112770.45163756033,102521.5509559573,73976.9651266295,71651.06495035469,65910.9581602762,78190.31365994379,76296.13742782324,105925.76633998947,72358.4753106207,4
121882.87787233328,137843.4762768121,93640.73349723023,167776.10543681448,84363.57490582168,62538.303439414914,76694.89254890592,112165.70283957754,95726.8441589885,76936.42549948997,75941.61640901762,64415.246476560416,74585.42431419186,75126.40358524366,104154.56940586203,66753.26129832999,4
122956.83448992188,141234.75000080466,81770.88430772834,173063.4999946952,84892.2830691675,61578.69834645967,78221.62845392567,114984.01194620275,101808.39619736627,74939.63240857511,72199.77792498803,65261.550576871705,77897.19288315688,75681.53151053566,106815.47752803296,71966.22454717453,4
122060.01544714159,138399.6100306046,96139.3456029112,170075.22822323182,85685.34531418626,63347.05660904129,76579.06580913851,110991.74451729591,98803.0700448835,75209.5520746174,73952.26644900638,65420.91851483805,76178.76841768842,75982.81067404874,104267.82569501708,69167.40616171435,4
122490.68885930645,139607.99003934744,84852.80988845944,169650.3439128809,83926.9559296317,61519.77914807548,77766.36812285997,114727.59273381147,97608.0340275805,76802.04681182466,74896.8735214321,64360.03766775581,75680.68214424636,74983.28536549633,105724.86886082517,68503.80522058073,4
122795.47724669901,140638.85249362618,88701.80263540777,173735.08050859935,86036.1559434123,62779.23289289867,77587.6659259398,112943.43178789996,102638.91996609211,74033.55974359033,71695.50021833184,65989.25632110314,78298.49610310746,76370.79225430397,106042.06246639043,72474.90554748841,4
121952.54825980047,137944.19323732774,93761.0305858887,168043.32054177768,84446.32106379523,62630.63849575979,76754.8175757906,112235.08265436682,95811.11023558502,76962.4652817804,75981.64838333707,64498.5737798898,74662.60488779604,75204.61233909278,104201.46336572926,66831.6265143903,4
123047.6943311327,141374.98484551726,81728.48304849662,173355.59259123716,84942.1498110473,61648.32403043796,78314.43289690411,115168.8385211037,101838.90632854776,75020.32220605877,72292.9176441333,65323.62137122409,77948.02075004825,75742.23884847628,106890.62409289171,72004.4460301931,4
122137.1736690013,138584.43660550556,96062.18738105147,170455.09612024977,85764.76106223596,63404.50059229143,76649.00441753918,111072.3672595462,98976.85485802351,75232.99905455102,73970.08078933725,65522.88717304316,76311.7612971975,76080.01841068488,104394.71654828984,69324.78479442415,4
122520.70725210992,139660.1143074172,84981.46652954418,169676.31663993796,83971.68177028677,61577.78192493701,77793.68195458436,114690.95822464922,97578.95440804416,76847.21968736884,74971.193071746,64403.17653455455,75681.21858611329,75030.42519455258,105706.58513386073,68475.0608772112,4
122836.06801462985,140712.8591195177,88562.73008140684,173698.42364769266,86075.62912412037,62809.139526979874,77646.85334525745,112964.17420675448,102696.31924585334,74056.35852293474,71706.60903532614,66033.35631291346,78343.19959201808,76416.50157171507,106059.45212357666,72516.54684740864,4
121974.31885889995,137956.82197294498,93928.28868964776,167951.0972441551,84514.71740182846,62701.15824951628,76781.34909645905,112178.93507229509,95855.74666926225,76987.67804952599,76014.37133721964,64561.58334750931,74703.66504236043,75276.0708661164,104194.55667669258,66856.7275234136,4
123069.82255814345,141380.61748512002,81740.53063875802,173201.879644618,84969.21777358267,61689.3618332579,78358.19761254759,115204.78012618782,101800.75190076255,75092.4736371605,72367.55011886956,65347.828310469195,77942.99160754582,75776.95110761537,106884.36560444423,71964.81638727384,4
122176.06570435355,138649.14490570367,96048.8210378672,170474.11745478126,85830.58694965685,63463.37508718671,76706.47075253377,111121.09406245877,99086.06548143215,75245.65014191272,73960.73776015494,65586.94727265206,76385.18677773318,76144.68200739408,104438.16833951097,69408.26855996472,4
122532.73249062688,139670.10553718873,85143.53902858961,169629.7356044931,84015.04415453007,61638.75748381108,77816.27956822868,114681.65989895581,97562.74939331405,76918.81232485919,75057.5155088324,64450.606936288714,75691.47803681827,75083.71175333402,105728.3557329602,68455.90543221301,4
122852.98828518252,140757.42849796158,88414.60507090153,173636.35285334027,86104.06054306752,62830.41838770132,77696.69773539278,112982.45793371892,102758.27828148345,74081.8842151027,71714.74507030786,66072.96360408826,78384.50561577149,76453.60546751088,106091.54922861449,72560.40097002995,4
121993.92133878724,137967.9531416837,94075.94431351952,167913.881589637,84579.24688807093,62776.26011088611,76817.71538468784,112178.19746472806,95916.76693162524,76999.61388106512,76028.58704669321,64617.753281325495,74743.85347889108,75329.58094234239,104186.21947601074,66895.39604132129,4
123119.55518955651,141436.630956725,81757.6967784997,173270.67831405145,85004.98056471116,61745.196490907256,78431.44427912764,115336.90128766315,101809.67024680022,75166.56967002984,72449.04457915362,65388.10615397766,77971.1548055595,75813.92089294444,106936.40046553618,71972.52773911093,4
122231.92271374735,138771.40894787418,96057.4711629714,170741.98076033365,85900.50320631305,63522.361340804266,76768.9215265419,111185.53414172342,99240.31486991822,75280.02712488499,73983.40242903262,65678.29885224091,76500.09709597792,76223.51661008794,104561.46056192643,69543.07193077469,4
122599.47479957042,139733.45038097506,85372.77851972324,169782.7779987786,84071.16938485735,61731.78544423407,77882.99952542776,114802.80635390358,97537.15664591274,76982.69361051245,75143.68148370761,64492.4717536535,75696.10484792052,75120.36861424072,105734.86009059669,68428.97158014437,4
122921.69754763813,140906.04524684494,88309.14954056138,173924.77976379154,86136.336462061,62861.80023691658,77763.03771293613,113086.52765590283,102865.81252405794,74151.5546025699,71774.4912832369,66144.48918634525,78485.58020419838,76517.68791886425,106249.50900668013,72664.58245093614,4
122036.76963290806,138032.080296526,94242.95654808957,168029.17188753746,84634.09806896426,62841.41544597333,76845.16332687894,112156.89625226216,95966.23134210485,77017.80820105174,76060.9970761534,64677.85712216582,74787.93111895694,75380.11823655585,104211.99103736771,66930.51063186057,4
123151.31701842751,141467.36460535106,81739.12247885735,173220.29748204918,85009.27209964658,61767.88351152939,78464.48015743258,115338.33179930829,101786.44678431116,75240.46453719909,72534.56235343961,65417.85632584767,77980.56488997518,75841.12296594656,106971.13507641973,71950.71243652255,4
122269.92067932138,138795.23590746356,95977.11664165457,170639.00627362804,85943.41855566723,63555.061942942375,76815.54726547567,111154.30875471936,99338.5507867993,75264.60442121082,73956.89326010863,65728.00913190951,76564.51482349812,76266.96840130907,104561.79583809327,69609.30014959576,4
122623.86055277116,139690.24445894297,85504.6314602651,169608.07676411592,84104.29467014011,61783.26151171464,77910.55922634117,114757.11938823694,97519.1187881373,77037.90241931706,75222.94076954613,64536.884669886196,75716.15436269694,75165.47443455154,105721.62785787915,68406.21750428886,4
122995.2347868961,140960.18117191567,88149.37927119485,173934.54747611852,86183.69980856178,62897.67478676734,77852.93642913538,113199.35926191323,102941.78610346152,74181.0589052509,71792.03740263432,66197.59693117105,78563.20781269167,76562.86079440842,106295.50889676916,72725.64741678804,4
122106.23885467516,138076.00147438067,94364.39357571526,168110.64399607707,84719.05704963888,62919.110109699985,76907.14471425352,112177.70572635005,96051.63735766857,77035.91311406055,76088.15444566662,64762.123198762325,74877.69572468946,75454.16956593627,104246.39037208442,66998.19171407125,4
123203.59774870846,141485.11189044858,81696.76592311454,173172.15182449244,85040.7210040952,61804.76388988065,78525.58982677339,115359.09656990727,101767.93953990216,75299.6743082612,72602.06462169465,65462.60451824719,78014.87481771408,75876.84105358613,106987.02716672745,71939.24599161698,4
122322.73785146927,138836.76544866152,95896.3374371931,170644.59420974186,86007.14337910931,63600.793612097936,76875.89697550499,111147.64793487167,99452.65644224363,75251.34983674882,73924.97496902644,65801.21109500065,76661.87902234543,76324.25592234802,104592.75300416387,69699.71295591748,4
122663.44549220151,139678.57684833728,85662.70299705303,169530.9632457451,84156.19542076533,61853.87067244896,77951.41821520546,114751.12912072291,97499.69512220564,77086.31629780725,75286.35266856583,64588.6960135336,75735.60038037306,75210.04381299541,105710.6531513516,68380.84827433208,4
123053.63989515782,141014.4959109421,88029.57392091441,173952.87590657186,86221.65307064689,62940.47837739925,77931.36870042906,113293.86243747026,103000.03474951205,74214.09478355585,71805.2472836074,66241.71927472584,78615.77911565056,76600.27761462661,106323.13565291592,72770.06033302074,4
122174.36697177494,138148.89051304944,94551.74589773965,168318.06818462233,84800.64091690075,63016.630770758486,76969.8190057062,112271.82892225134,96135.67991682052,77079.38725702612,76139.54110616936,64840.846042733916,74965.15810074308,75531.88658140738,104334.9703353608,67075.59580511997,4
123280.1971769568,141600.08926392667,81749.82896445143,173444.66429289154,85079.79185340308,61868.801637745106,78600.08819104293,115529.84154580135,101772.2757783265,75399.11721934286,72717.93606495096,65510.236085681456,78054.5268123778,75930.59699900115,107087.61001677634,71963.51998609543,4
122442.43144302744,139055.43256466778,95926.71345790786,171190.155588407,86092.90702258433,63686.11022068384,76977.19508137644,111386.1410482098,99591.55018228892,75290.53244477898,73962.16827180008,65883.66668029627,76779.11392201352,76406.17506577673,104756.65834625464,69845.55808848835,4
122727.43853657706,139795.0964921828,85849.58593244385,169815.94798755026,84201.5694620096,61923.60811514952,77990.3549540466,114789.77528688614,97478.81859288437,77164.68151386756,75402.58173973343,64642.51901418198,75763.65181966446,75263.24096479904,105806.05039668684,68397.32150999564,4
123147.7183875702,141180.9717036452,87876.93385802912,174210.99385154175,86259.89690540993,62974.90006386043,78024.30725387421,113411.5667237719,103074.68957599277,74260.16172887823,71844.96633350449,66302.18074347744,78696.67007883432,76650.74785360669,106436.25783160423,72868.0950842017,4
122225.53011483313,138205.3286677991,94602.37259893092,168302.46666699252,84855.64856000525,63067.726858583315,77009.44864862546,112174.19650247056,96194.53205997135,77074.96161162396,76146.98423707297,64912.72925290219,75024.59138924973,75588.25768092366,104347.5767192336,67137.62189598345,4
123329.97451185877,141603.10674942815,81637.31028286341,173198.45982771635,85094.1863768323,61893.54501885713,78662.42720632878,115488.91550170368,101745.85601638032,75430.58847553593,72757.27513519229,65543.85310934224,78068.76487359582,75954.73688301288,107050.90845238073,71948.11963416572,4
122498.60137684362,139074.3197887325,95731.64978404639,170952.06480646908,86145.74654647667,63722.163584490256,77050.59821016768,111315.5765909644,99719.89389895128,75252.5121274605,73902.15383793759,65956.64512594284,76874.42176037094,76465.92127870575,104734.19484307706,69952.3100200069,4
122769.21394696402,139736.7807908989,85891.96483993111,169461.248154789,84247.05526197616,61989.34459559257,78043.23918142787,114733.44889085877,97470.79431662493,77178.04785705183,75426.63221676734,64694.84444795185,75787.25526180926,75313.5770933124,105719.45973866699,68385.60919590107,4
123204.69298418678,141216.22040465122,87629.81297133124,174071.56366962954,86296.88904248345,63007.064224131616,78099.00678384386,113464.54035813098,103178.3569667765,74282.75934252255,71839.1101764572,66371.1135233776,78792.31319335857,76718.04895616161,106465.51626509623,72961.972410914,4
122258.18601348234,138196.99146711724,94666.72327121774,168171.15016831757,84925.92244457275,63146.807330466196,77044.96557056493,112154.45991211652,96266.43762188406,77063.91984986304,76123.24668446144,64978.33162287851,75081.34246842176,75654.86587940049,104310.00343680424,67193.05422223262,4
123356.19310810485,141597.7646825033,81605.63786097025,173075.45817797878,85117.20867362127,61943.90349911494,78701.96744227022,115543.87844131929,101736.512987198,75496.7719908681,72816.59666497668,65581.94048189408,78090.24490001738,75998.72511610093,107049.74616166904,71941.81644222933,4
122573.70323821346,139171.01343524616,95705.29707733358,171142.18874480593,86227.62098641647,63807.234323887154,77128.62815006115,111486.72389825869,99861.78277275358,75273.70158120414,73892.16260816605,66037.42433040432,76979.36320058862,76543.43712847675,104797.36087290775,70070.05900979746,4
122790.06812454083,139757.36674754226,86076.92552529878,169535.38889114725,84289.63533516352,62058.098561537096,78051.4199198985,114722.51888782012,97472.29188350344,77260.4363871141,75523.9740638702,64755.57413763692,75819.68764301392,75378.75478014408,105766.93484389006,68379.88714932051,4
123242.26626661615,141264.7460418637,87526.90553985901,174074.335285942,86327.19800796485,63042.1788146709,78153.96972345945,113523.52661174854,103216.93607770636,74316.06344176095,71855.96339177649,66402.54007608177,78825.12555421896,76748.98377048776,106474.59107334509,72973.10357965274,4
122316.94874965535,138260.9845114928,94868.53717190471,168334.65317900816,85007.2157391567,63241.35520951214,77100.30848983629,112232.40044503218,96348.4908757795,77108.53393179583,76168.75483617245,65053.74640867072,75154.67854197962,75729.96774077031,104351.84590242457,67242.5186327122,4
123403.28823367218,141665.26695075835,81674.25771644805,173206.21588304234,85152.61383683847,61995.93836020689,78756.05866385206,115638.71689304315,101720.1068067678,75592.86214028146,72921.47104996098,65623.44767134759,78116.08351660772,76040.41111951007,107112.80043277747,71918.97295939601,4
122592.52340704482,139248.46222978382,95693.89768766137,171257.50139445084,86281.15341438692,63841.1195684814,77161.37345568818,111475.90565394232,99966.25482633768,75295.91921519271,73897.90700649108,66094.53303748764,77056.1861462815,76596.47781806921,104864.7066789516,70141.22696414316,4
122821.3382150338,139794.20242240457,86346.46521168532,169638.16221215276,84348.48747831435,62137.58136482017,78090.87074886213,114817.11147035498,97440.77592382145,77333.9512746276,75615.9961957927,64787.850056630385,75821.40872733698,75412.37180380485,105783.00574815343,68343.4314541139,4
123305.8569795915,141418.70485767184,87510.63346989555,174425.3247291237,86380.57397372412,63085.697661125385,78223.08131731527,113733.9459340508,103292.50732570975,74401.53651255804,71929.29946533436,66456.29602149678,78897.18757834287,76800.2810240127,106629.37690369808,73047.66899915565,4
122363.01569497773,138385.75194904231,95112.52881437885,168674.17617728427,85089.11253084094,63312.45610862447,77129.455164606,112327.88709734526,96412.2604027105,77160.94877254353,76223.29309264339,65115.68309255637,75204.45587688159,75791.21152057785,104464.54339796823,67299.62733979551,4
123457.40180699847,141793.56596393182,81806.73650583465,173487.35612480118,85189.44951170082,62039.88188980602,78798.81755099507,115797.90601705386,101701.97954201455,75703.50327533523,73040.40468220768,65656.52825314144,78117.60343523067,76077.91734670608,107227.308419622,71913.16150583762,4
122672.98968708393,139431.5230168728,95737.21536841577,171646.6676171622,86349.66151114245,63890.44986849426,77223.19838085157,111633.88778375242,100084.80847892864,75338.72280582463,73919.09646023471,66156.31325916211,77132.04796696281,76658.3921502104,105009.59068651088,70250.63875325189,4
122876.50232034951,139889.73377820657,86584.35482792316,169809.60009212495,84394.75558933683,62195.80765912624,78121.44793527698,114861.74790403222,97420.48053985603,77412.60706336582,75711.90753125043,64824.64102800382,75821.45343082589,75461.38917939535,105856.27476647792,68333.44022434238,4
123383.3728293625,141558.9620541289,87400.90875636444,174580.1552629656,86411.7993607282,63104.38371949002,78294.56219608334,113822.74941477174,103363.47411435534,74456.85708008494,71972.08070422181,66498.49611502839,78957.58199186111,76849.74543449229,106732.48550087042,73117.45114534511,4
122424.12536431855,138444.8723131266,95224.75692328894,168663.53674692355,85148.72463330325,63368.71544941849,77175.7679791174,112287.05046022541,96476.99105465306,77169.12951101417,76232.5467148479,65165.214558269334,75258.54709846343,75847.60497183859,104485.62109298958,67350.41050319797,4
123515.22576990435,141801.18790879106,81747.70554872818,173293.27592769577,85201.34063975104,62059.216148759864,78856.03801680065,115766.03242946058,101674.86687599026,75757.43803470589,73100.3520608368,65678.99175631902,78138.18939187401,76110.84146628875,107233.47750109166,71898.56581670832,4
122759.69210382606,139483.2673052868,95579.76968047259,171558.60174400828,86411.86641596156,63924.84920321098,77312.0018615725,111633.68661805232,100215.4544252699,75319.38854687077,73880.98673593841,66224.03904486168,77246.89122997418,76727.6155027885,105042.71597179366,70368.67831572036,4
122948.85491715133,139859.93890284764,86663.12237538367,169601.4382960127,84452.0878138647,62261.7453052694,78187.96672677598,114831.77421471766,97413.73031303052,77433.99768280955,75748.54204041268,64875.82652280647,75867.69919010391,75516.21800854421,105817.89682124816,68331.94265746388,4
123491.64467950401,141622.86569152662,87172.69744547576,174559.47989934444,86464.08009100916,63147.857862455596,78409.58427305035,113954.15532042448,103449.84125493065,74474.26908901562,71971.67837282163,66561.41627567008,79061.29408613374,76915.59367365763,106776.87606535865,73208.5792074894,4
122505.59747285814,138513.2462994154,95243.75590607595,168773.1944052213,85232.54367501065,63442.453854376545,77241.95149444956,112309.78218433645,96598.33867530093,77172.72814187147,76236.48062187203,65264.836283306635,75389.90830062727,75953.35107485665,104559.24773922536,67475.44616168096,4
123595.31207028772,141865.24800839997,81694.66485913574,173325.93182634495,85253.46490782082,62126.606658292614,78939.32061664113,115887.13418091944,101667.82607648685,75800.17457010443,73150.15174748322,65723.33761731835,78181.35061041721,76166.6761239381,107241.2112046732,71909.36170928022,4
122856.45280557309,139648.3125863448,95465.88754247279,171846.62632305938,86499.28408852627,63997.67118664637,77398.5701678479,111780.60463435706,100387.87578199814,75335.25828543404,73873.5883085237,66321.35854022008,77397.20671143613,76829.87473367152,105161.42608659579,70531.15314616599,4
122994.4748275846,139926.50239783555,86780.87136517423,169654.9483722387,84508.68243082553,62337.83064339527,78222.96955859299,114845.58759279104,97419.69822880009,77479.75170370957,75806.07543064063,64930.387131021875,75904.37840275507,75579.29463139709,105835.42058890112,68339.25167790076,4
123558.05171228072,141752.4611058785,86991.51420492104,174668.44465356407,86508.9176903865,63186.77224955228,78482.62977393028,114054.8722809401,103541.32694498623,74521.92300819434,71991.77259108693,66614.61342747373,79144.73314818539,76981.2183953784,106849.1169034382,73286.47503691615,4
122577.0336481373,138608.80000696183,95319.37185756826,168852.54309803763,85321.45891445386,63529.2456780965,77303.91053007967,112354.15039708024,96705.44823473075,77185.02160132189,76236.70413931659,65331.332723061176,75469.10053123243,76032.5433054618,104573.95518707695,67546.70352300449,4
123680.11458875115,141973.34104458583,81665.6299430883,173419.09389723468,85303.01872527823,62185.928188077,79017.7528879348,115998.71408924033,101707.72394033957,75885.24530950133,73239.58107704892,65774.99249875457,78237.16291632211,76238.51463061746,107300.30921701304,71934.01568341443,4
122956.70037945514,139799.05275095138,95336.06861067638,172015.1584762524,86584.0419035008,64063.0723909226,77496.40375332878,111893.81622002319,100551.22233047753,75334.8783057783,73852.57766873571,66393.57702655518,77504.98682319961,76916.152467269,105211.71751162023,70649.34917084566,4
123040.18414499571,139989.08728231041,86875.17337503117,169678.90944229477,84566.88637338715,62400.14730693666,78251.84801242924,114810.83063016304,97464.96051132209,77533.75351831359,75877.80217859772,64994.46958237524,75959.8330807487,75665.52766150566,105870.64693816268,68371.32643119412,4
123588.09245682866,141793.65537090963,86775.10461510475,174491.26237526684,86539.919559946,63206.4194329285,78531.02130067603,114030.95591437291,103595.06053865678,74526.1921913853,71987.48105615152,66639.42386381912,79181.36765734764,77018.85873304114,106827.4133595721,73319.06388033199,4
122608.6390147971,138624.53563505836,95396.59713466134,168730.27905586708,85397.52190083527,63609.2649232465,77342.3555305428,112349.27771678899,96798.92323004286,77176.79615936235,76233.08315671483,65388.62024410013,75536.71455820973,76101.14080919515,104551.84931181066,67611.59063715824,4
123649.62680931411,141927.43056147464,81643.56877131091,173121.07808841206,85302.90696655595,62206.62590344261,79009.72861167534,115904.16621019438,101689.30610290839,75944.56683928572,73313.23007502915,65794.25970247504,78246.12596584868,76271.93048857815,107293.4695832097,71915.3743285387,4
122915.41670744619,139734.32209900883,95228.73553380198,171642.6666549047,86602.68325837652,64079.54562658616,77489.56411952546,111759.95162248035,100625.72069474705,75308.25737813204,73807.51655191381,66409.51382035183,77539.78848931653,76937.85601113511,105162.02958369609,70695.66198535704,4
123005.71775504563,139864.52101046097,87073.50040358311,169267.03384721684,84592.99321091095,62462.4416187336,78246.66240771562,114738.45568161675,97422.26867941245,77569.94099258674,75929.63587398957,65000.57160861154,75931.13344086809,75682.5149872917,105785.84441969925,68310.73085197578,4
123579.73290440238,141755.99268150242,86678.79094824684,174276.5962215181,86544.4793158149,63222.2221162584,78561.93376325772,114056.14633037405,103640.50163513442,74581.53511065664,72024.78611764743,66660.21098616255,79210.26846292836,77044.76440486484,106851.5755953283,73343.561392255,4
122556.51474672732,138522.1869971975,95517.07303727545,168449.20586934162,85414.75509581031,63629.02386534499,77314.3487947403,112164.11586572122,96851.24866381273,77192.71060141452,76239.25223818449,65425.008884073366,75559.78155848761,76138.4235189466,104538.59472734867,67635.57405895878,4
123615.4286402975,141775.70692011202,81688.65223987726,172682.3133447544,85286.52313787022,62217.935886137,79020.56920773616,115840.53079373013,101596.72517737451,75990.3879154191,73358.0676744065,65770.58920509687,78176.14265395912,76254.31731394737,107189.15399183679,71808.66710050906,4
122968.1221208718,139758.50668650947,95216.97851621849,171743.31656018694,86657.40032880311,64132.76513013425,77569.29279199753,111918.60430462412,100764.90500747025,75345.1824599722,73814.2220752504,66475.18324556151,77636.90681897484,77002.78782877777,105242.65232594637,70807.17483844458,4
123030.25997045756,139854.39567022273,87310.87592969846,169396.45044761305,84630.74530729596,62524.02067470797,78273.9315359511,114787.36129848496,97419.07237995534,77646.45101385725,76020.27219775584,65046.90677486739,75955.63095279109,75733.54401988316,105835.84527204577,68312.58604676557,4
123631.05250967176,141835.989574908,86600.67160137554,174558.74229177742,86570.4296911275,63245.04324734727,78619.44480174122,114198.16931464308,103700.04668236336,74644.83525095407,72080.10668517431,66702.5451901609,79276.47433000497,77086.71862920745,106964.72012576106,73408.87318955341,4
122614.9869102224,138591.34329454222,95705.69940873378,168771.9427075318,85487.5323757568,63705.869162782335,77356.86181269429,112264.36343960327,96914.07941747659,77207.5298079884,76261.60398263979,65479.43538182204,75619.9971580502,76187.55265325936,104591.16603030755,67694.1803329206,4
123687.06598127676,141886.97390401052,81818.44881992922,173085.6952769393,85326.08572555611,62274.77637228685,79072.20173742792,116019.99294996179,101581.14601148917,76096.58105332626,73483.75153347869,65814.24216201808,78217.18045677907,76294.34928826682,107314.01083636413,71824.69330128352,4
122984.97533619111,139840.8058095939,95172.23032381896,171946.96330391924,86692.29140189785,64138.800101137174,77575.48422521165,111868.96108018889,100843.38198225285,75353.3408466984,73810.04229903726,66517.4056908376,77700.58693892801,77032.5380006478,105324.83969030854,70888.91516791763,4
123064.7487121521,139864.54336220544,87573.28540960376,169445.5348784369,84677.90748809667,62590.33830050687,78296.4844461065,114830.9024966839,97360.19788506007,77691.35566846796,76083.39352409763,65064.609356475994,75940.72233923941,75744.18345024389,105811.21364965603,68264.79801712013,4
123702.89101635112,141958.87946592327,86560.46081310044,174826.13621069625,86605.09724677769,63277.185055874004,78685.6730205623,114371.88707254971,103743.25260439547,74724.80979261515,72142.66921790472,66747.0028098825,79340.5791331028,77119.24041738993,107082.17854287369,73466.69715245928,4
122637.40570991108,138648.20613243655,95856.68544252939,168882.3156216521,85540.26014092685,63745.364695234864,77361.86860345228,112207.92528485361,96962.67210992242,77231.71439548903,76277.04903805841,65531.80551908082,75669.2604028297,76226.64585431169,104640.54103380932,67743.15300502218,4
123741.49247902543,141934.76193365597,81923.12203921343,173143.22866716728,85354.51714450326,62320.552744931316,79123.32017699721,116135.75263449582,101522.33857182725,76178.8354729218,73567.07883680807,65829.95543837016,78210.94432007603,76307.78268668446,107332.5851360065,71783.7449054414,4
123082.09366584942,140000.21845104915,95157.32171026728,172307.87692163908,86760.15129806416,64189.33739535062,77659.90676401935,112049.29495445431,100974.27379778311,75397.03850710852,73829.55537194674,66593.0216423299,77817.97830080728,77097.71568747946,105470.57306415714,71021.90804742671,4
123094.051849133,139906.09525514784,87767.29855147583,169559.95345830364,84710.22811057903,62621.67544623321,78301.3347746533,114774.12906576743,97342.58471042928,77756.64511402191,76163.74804541445,65109.69282504235,75967.70089479696,75786.27178505324,105876.05606032087,68269.69304915585,4
123751.64017100814,141995.29045764095,86442.86828552106,174759.72917791954,86624.45385747598,63286.0363466783,78748.59318120399,114416.2552852935,103733.82016823532,74741.03715908971,72148.36891274081,66750.53438550644,79348.84927855126,77121.31912962427,107085.68776675318,73466.22776582572,4
122751.51136535543,138763.02704370345,96034.94060456046,169173.11181701563,85635.67973800657,63841.45484464823,77457.95875286564,112408.88981925129,97067.2112187399,77266.22548892803,76306.93332039515,65609.14255489619,75767.31750575513,76302.9547098821,104738.26286056792,67850.7095993411,4
123808.23478796898,142036.35061220534,81995.07230461507,173385.25335612934,85380.42281632696,62350.01234412341,79167.17429961852,116217.24709477987,101515.54364151284,76282.9051951057,73687.51003593327,65878.50342732709,78256.25130608694,76358.87877450928,107475.5692452871,71809.80703947629,4
123117.25295987762,140067.72071930417,95079.15765990707,172341.20337262194,86795.17648162562,64198.881590233046,77687.15354051036,112010.62643654662,101043.81007478359,75387.18138780372,73802.8673890671,66622.68240722209,77863.7323217073,77123.82252500326,105509.86743090957,71085.2305394686,4
123114.95073019872,139876.52389723348,87997.70033332115,169392.24831965548,84744.40392785119,62677.46540039366,78313.60588235926,114741.36140839594,97285.67716904607,77791.69264932784,76217.43693559611,65119.639351324964,75943.65041776306,75801.13569511601,105833.20776620005,68216.71941479677,4
123787.80529353683,142044.46429544262,86361.17265953693,174721.9323780456,86635.96500587047,63296.58637006121,78785.98764967771,114476.269719156,103771.21463670906,74804.65022380951,72202.79541048949,66775.79185674094,79394.24567153999,77150.84578404973,107170.46793347216,73506.75147852319,4
122719.19074287305,138712.6909151901,96152.8460565622,168916.11145926852,85658.99260747345,63856.25169947764,77425.79459259447,112226.49958449598,97100.89529763405,77263.9903144825,76303.78172442695,65630.37671212872,75782.22611930683,76326.24522760454,104718.88389812516,67863.83007333637,4
123746.27575233887,141874.07694745983,82041.38511912645,172781.57744188042,85350.96321713486,62339.2611550404,79138.25114229336,116049.07256949814,101391.69262548597,76315.00230014352,73721.9987776278,65832.70470293816,78164.81031952029,76321.50665778002,107352.14291240489,71674.60133726613,4
123140.69993981122,140037.38940207832,95043.30546180076,172132.30396894264,86834.87317977825,64231.87276504908,77740.1495266139,112079.93919610252,101135.89926193944,75395.60799546338,73783.24255743534,66647.47049182303,77912.8391042756,77150.57756311627,105519.2104600919,71139.72409245063,4
123128.22766640518,139844.6056061513,88233.1312576689,169369.6730577556,84779.63027711277,62726.572182961965,78330.54850465638,114760.85212956097,97295.64604707314,77871.17545261091,76311.00133788602,65158.21846225482,75969.64549656457,75849.21429743938,105889.40005176069,68216.71941479677,4
123830.07244230181,142089.2795430755,86267.87647818048,174828.2149229306,86650.18071534405,63304.454184109476,78847.54435390764,114598.69022353772,103803.73642489153,74861.669523915,72244.66022785429,66792.64507206024,79425.58281726633,77170.15769125911,107239.35600988341,73529.41614740087,4
122770.84562430927,138764.34579662632,96283.24613371446,169140.23240092187,85717.88945411319,63906.565476246535,77472.30857280595,112287.92217825916,97183.77556607433,77283.30222169188,76320.97021591308,65685.67492791115,75848.43198638344,76378.30244044095,104779.70299478805,67932.76285323655,4
123805.91020654562,141925.91064285167,82105.26640477973,172981.91612743333,85370.96802842236,62372.073515900796,79194.71164878746,116159.75840804081,101356.30981401322,76396.31794647193,73821.64285440957,65858.05158115049,78181.50707262839,76346.40650110322,107415.42070095787,71662.3078778157,4
123200.22263529571,140139.04513586106,94933.87132094757,172385.66099234356,86877.54265994343,64249.28477397976,77797.92878603087,112140.13244392068,101246.54039699321,75405.55452174599,73774.63713582006,66706.50144892948,78012.97491943538,77198.1197235727,105608.99741756885,71252.13101531638,4
123172.59587914895,139854.52978068945,88407.54191965365,169429.21810498455,84819.97517585459,62783.09974468944,78359.91869687065,114774.97843205673,97264.46536355799,77904.99364197179,76356.93417274168,65197.62458772953,75983.95061301597,75880.01500129879,105873.95499634207,68199.03918493261,4
123888.3434400968,142166.59422714642,86123.5289124881,174961.67718907323,86668.50914579739,63318.82635579424,78897.61226148752,114681.32462278899,103850.89860569223,74916.85598097516,72283.59696669543,66844.18819477418,79496.79547510094,77209.74263068946,107327.89126967089,73589.7658574302,4
122814.90091263068,138802.47787266708,96350.81545720286,169198.27988127232,85776.65219028619,63954.97935473673,77496.35904983987,112272.23125365154,97252.50718027439,77282.92224203613,76310.62135823029,65747.94688796364,75913.94494938194,76426.11282183086,104795.05864322885,67992.17378999875,4
123845.78571865389,141949.11175359628,82137.09528888408,172977.06579888653,85390.79402575422,62401.19783892606,79223.56775087926,116206.00416731885,101331.78995034576,76474.28083113204,73903.7408117939,65900.51989561557,78201.22131123797,76381.11876024232,107445.52850073916,71643.97944736236,4
123238.35471133646,140202.56879360304,94812.97073518882,172438.23229530244,86914.73596271705,64264.12633229808,77833.69157715936,112161.47835987549,101356.28746226877,75411.76830670456,73754.6099727881,66765.08537114685,78091.96598434044,77244.11961366172,105664.38504032911,71339.839260559,4
123158.20135571974,139787.18397464562,88550.21310451187,169188.82509336772,84841.34344355387,62810.57003862501,78351.11210955527,114651.5073956856,97223.2934502713,77924.77493581474,76385.41029517775,65218.076433906135,75963.56582207273,75892.24140551584,105809.80548975534,68149.75358840867,4
123909.57759732933,142155.1501339853,85989.5972597119,174784.51726252047,86677.58395404625,63325.53187913083,78951.16704120244,114725.3352076215,103866.54482681095,74945.64502783358,72291.35302202142,66859.90147112626,79512.24053051956,77219.57739824979,107315.28488579809,73593.9232818989,4
122866.30992487787,138841.07933534138,96466.73160394808,169284.42350440306,85843.14863004073,64021.72166368028,77555.50176566861,112359.60422272733,97351.39129774467,77294.16516949715,76314.93524491016,65813.30338875097,75989.49384564089,76485.0096684706,104836.11879779326,68071.43307583727,4
123862.99656188447,141948.6423669627,82189.82305405416,172942.93468510328,85395.51024383429,62425.11420549324,79249.42871921405,116217.31415001323,101287.91347597999,76543.8618116214,73979.1108940972,65919.69769235823,78200.34959320421,76404.72220238713,107475.01045167571,71613.69283362542,4
123308.42743020385,140305.9232599644,94737.39948718542,172642.01314950146,86967.88841103177,64307.68988224148,77909.10636295157,112291.72197481657,101468.8508473457,75424.70996674418,73740.19309761442,66814.70624383763,78177.03672373733,77295.10394276428,105746.43829422454,71441.00325596372,4
123205.96703362073,139848.5618649199,88754.95508372248,169378.6361072822,84891.21018543365,62877.78173420212,78384.37150530476,114699.22837009768,97232.3459067757,77985.28110805525,76460.04276991401,65267.51849264128,76000.40149693507,75949.70774051044,105877.15129579918,68165.37745778292,4
123953.83405135084,142239.70678325972,85862.05820584991,174882.90964161273,86693.40898912061,63339.63582988213,79000.65380342648,114781.05810654857,103892.4728503791,74987.3980864761,72320.54440028005,66881.47090452563,79545.70109196915,77244.6337037842,107380.46257262977,73619.51602930023,4
122872.501358092,138859.94420766167,96518.76646504003,169243.1398323941,85886.80158696194,64056.07629490809,77562.05082679402,112260.76480874597,97418.51358634396,77287.45964616057,76297.59029121284,65853.96121191517,76035.94077061901,76527.07565153547,104849.86512063327,68118.5282014046,4
123888.20932963006,141936.08068657885,82227.77631613926,172808.46659046016,85412.34110740914,62467.761333913964,79292.50053077943,116269.97485994994,101227.65317292848,76593.30387035655,74030.69872030005,65919.27300921358,78171.8064155348,76404.85631285385,107439.3594192695,71552.40435032897,4
123363.68094249738,140402.81807217814,94625.6407649089,172786.3830669383,87017.285766278,64347.49833911638,77977.23448005134,112407.54871458397,101600.86025009875,75443.64189429783,73733.39816730001,66873.11135209935,78271.18227138309,77345.44007127763,105839.53330988089,71552.7396264958,4
123240.20990612626,139885.97868513808,88929.94689106308,169466.2102420581,84937.5453516895,62943.585269878546,78413.22760739656,114750.72678932271,97237.06212485577,78033.78439352327,76525.7121951237,65309.092737328145,76019.80281112228,75988.39861016258,105905.35919730178,68167.9926118842,4
123979.22563305208,142313.2440225177,85705.73010512949,174959.48671811662,86701.12034095768,63342.29568747231,79036.08131838815,114842.30188635612,103930.89549909777,75037.57775277826,72363.0797699785,66910.61757929536,79582.93909823168,77270.740541308,107455.83265493307,73661.2914396872,4
122925.05030930643,138941.3492609679,96613.73902723064,169420.79149732488,85951.91221856025,64122.036292795696,77607.87190292739,112356.45262675913,97507.20530834261,77288.51017814997,76298.48436099105,65902.84447703892,76092.91536723559,76573.70139046924,104883.16921987168,68194.72529825274,4
123928.1518969717,142013.79770204995,82311.55065435775,172982.27375534462,85434.96107279792,62507.23451462204,79323.41299336113,116370.51300650991,101211.85048959858,76677.43583648633,74140.98222744254,65948.71025666122,78184.88218604114,76439.74738594859,107514.3271701726,71555.19831838588,4
123398.25909116973,140504.33969549416,94521.03460085805,172924.82977209447,87054.25555160709,64363.301022446285,78004.32479433117,112439.17643298823,101704.3041234379,75445.13946117634,73726.98321664134,66910.43876533971,78330.50380116748,77380.55466181692,105904.53218275693,71645.1640898185,4
123274.11750246496,139920.534482066,89157.01826298455,169517.015757205,84984.61812551238,63007.55596250963,78427.1080407033,114785.70726939527,97230.08838058572,78071.69295211947,76589.0793906545,65334.819595196204,76018.26054075487,76018.43935471051,105905.96269440207,68162.42702751483,4
124026.1195929193,142401.22048869377,85625.62145300167,175059.44371932076,86718.77821907739,63357.42781846855,79079.39899914253,114940.89543114847,103967.37354604884,75092.33952669377,72418.02035784964,66931.6505708278,79611.81755206795,77293.33815495232,107537.0812460281,73700.63050992852,4
122965.01522839251,139005.7669884881,96738.05942989104,169511.0031379465,86010.98787915563,64174.92052017695,77633.37524335089,112365.77330419699,97589.54913491597,77292.75700959648,76302.73119243755,65947.12328280488,76141.59746665925,76617.95784449075,104923.58117384686,68262.31697348559,4
123965.63577242325,142052.77914438,82415.08393467474,172996.42240958483,85451.1213840391,62542.99730575053,79357.477051911,116429.36514966073,101174.32191065812,76759.24322119275,74238.25701931203,65964.4682365022,78184.36809591867,76463.64140077132,107560.08119107262,71528.37622503951,4
123439.3863009675,140593.8360802932,94455.11930645935,173019.35529939597,87089.5042526131,64382.83644710022,78053.34216992166,112484.01403236557,101806.026912454,75460.13748170585,73728.79370794221,66951.94595479322,78403.12461890276,77423.09003151537,105987.70302387513,71734.99575078438,4
123227.7376327202,139842.59394915032,89341.50956171866,169227.00187289738,84985.19927086822,63015.289666091165,78392.50754028649,114568.87299643434,97179.66284509454,78095.5869669422,76636.21921971074,65342.016856910814,75995.99820327738,76033.3926717511,105871.40689747417,68113.99079728017,4
124050.88532577579,142383.6520175519,85566.34462670621,174843.52586788248,86729.41764943811,63376.82913265576,79145.06842435223,115029.0507112802,103940.4843974691,75113.86425660423,72434.49359351321,66912.71864327414,79600.30640367346,77283.05635250287,107501.0725857106,73668.57810837962,4
122955.98512363258,138988.33262781295,96854.53437024765,169422.2890642034,86045.85660050591,64200.93795072293,77637.64442654187,112282.5577595899,97674.84339175743,77309.34200398231,76326.28993109344,65995.33599559499,76208.65270002517,76668.18221428183,104986.50133448855,68336.21184065484,4
123907.14125718371,141916.85818634726,82493.00211584594,172571.64985795616,85422.86877904758,62529.65331431071,79330.49849635345,116262.37526683514,101066.05006051662,76795.4306954659,74299.72431656413,65935.83565185496,78119.45863002045,76439.23329582612,107495.97638797479,71433.35895936,4
123442.3814347245,140532.01115512982,94388.48875623808,172791.65807862976,87109.39730517833,64392.514752449366,78096.92807160951,112500.24139884012,101852.20561649867,75436.31052211649,73691.35453597958,66950.96247803718,78425.2081424246,77421.39129893677,105966.33475617586,71772.16670181355,4
123258.98537146872,139806.80880627737,89588.38457922752,169250.18063189753,85027.2205504442,63071.68311735191,78430.95254074963,114642.16436650329,97175.61717934813,78144.24671462139,76709.24236884623,65372.97402298141,76017.61234016567,76067.0543989008,105909.58367700383,68127.49125093118,4
124056.04857874497,142377.2147151488,85457.15635504203,174850.43255691917,86716.49834114294,63352.331620732744,79164.7826629618,115002.76505980076,103952.26376679704,75164.62506826223,72485.16499819339,66934.01985574006,79629.9448168212,77297.6967451211,107586.92563616343,73709.25828328828,4
123012.69149931568,139001.9671919307,96961.86744712204,169538.58519060435,86104.68639191227,64249.418884446495,77694.99900281418,112351.4234842567,97724.33015398147,77293.31580320785,76306.17336108368,66028.17070819983,76252.81974706886,76691.87506340446,104989.94350313468,68392.35942272657,4
123981.59491796434,141963.17100085868,82594.5460909064,172783.25382271456,85450.16025902751,62567.874797329285,79393.0386773394,116398.25152137894,101031.56131882207,76876.85810051658,74391.79115197553,65967.0163353701,78141.83272622022,76467.30708686198,107562.71869691834,71431.36965410349,4
123521.37249962956,140657.71736594648,94280.93216191915,173138.19952466484,87149.9210178758,64403.6012176992,78155.46729033795,112584.50747543664,101969.99930977814,75461.32212416198,73692.51682669125,67013.50265902313,78529.90371345327,77471.34744779438,106094.72317632714,71895.77184865139,4
123328.61105544699,139866.21974303958,89792.21013691547,169460.66700943315,85086.36326627294,63134.62562973805,78471.00686681354,114708.16906787982,97166.02828097681,78182.06586623978,76759.0644072371,65412.60366590067,76043.96504687847,76097.65393706011,105940.87611924126,68131.53691667759,4
124126.72479471265,142508.06182719016,85356.3499875486,175138.34537724798,86739.18536176508,63360.244138269925,79219.38797466613,115127.91247700603,103996.76609000756,75235.43539469664,72545.06767333361,66978.07514406147,79697.89411996533,77332.94544612711,107705.34517828765,73778.43693237746,4
123030.55054313548,139049.95638727624,97002.59232551961,169594.79982790945,86144.91953193182,64270.943614356955,77697.97178482673,112285.21761718007,97769.14540161437,77267.47718661751,76285.07331431787,66058.88200508142,76283.68750616163,76709.8011624576,105011.08825338939,68445.73538848585,4
124020.93398820568,142010.80256829294,82667.03279817496,172825.2527505461,85467.59461970266,62604.039919857976,79426.9462736781,116487.07735384433,100991.79756543608,76937.65484543501,74473.64324017087,65981.90259717734,78137.00474941787,76478.86293874538,107599.93435143643,71426.63108427895,4
123563.08085478317,140765.65393992115,94151.71672722301,173270.11952044006,87178.30773333403,64416.22995331645,78202.00362229391,112633.77072021613,102074.85134301799,75468.07235098748,73683.62083239804,67056.99915373315,78602.68099339974,77504.62919528833,106184.33131984847,72016.09128905431,4
123337.39529101794,139863.5151819605,89926.11943794721,169374.41162758012,85104.66934498184,63167.013307453795,78473.35379998134,114618.3597586584,97148.90684472404,78198.27088096987,76795.90008209946,65434.3966167446,76042.13220383313,76117.74815532543,105930.0578749249,68136.6331144134,4
124173.52934760206,142524.7362285538,85197.8090641271,174986.24175622963,86741.44288795507,63373.56577796528,79288.90189992213,115186.31758526774,103986.95367419168,75239.57046742088,72543.19012679937,66972.57661492546,79694.8095792305,77324.00474834499,107668.37539295858,73777.34169689915,4
123079.2549943036,139097.29738203256,97012.60590703558,169639.41390984226,86194.31688717805,64313.83661196669,77741.62474174795,112252.47231155305,97897.86909793247,77273.66861983165,76283.03930557243,66134.90028797391,76393.72514411512,76782.89136682646,105076.53416115453,68569.85462544615,4
124028.64534004276,141947.63653846225,82659.29909459343,172547.84525011128,85461.38083474408,62617.13804210878,79448.09102393282,116384.50519853893,100917.20979418872,76962.17470910249,74514.1893046128,65985.68004199029,78117.02228987483,76483.9591364812,107526.95590578984,71370.1482260404,4
123593.14395107556,140749.76184961342,93967.31483546674,173088.06456185158,87203.6322598019,64435.96654367048,78256.47482353149,112619.46560376474,102150.84727416602,75435.55056280502,73629.59666604956,67089.34212795999,78663.88006971838,77529.84196303392,106156.48104625715,72086.92396723318,4
123302.48186617874,139737.78661939938,90047.73527952854,169020.42705064145,85117.54394978809,63201.72556659288,78451.35968343732,114444.03850365145,97109.36660878261,78197.82384608076,76806.98654734928,65457.70948621148,76038.17594506455,76135.42838518959,105853.41374318764,68110.07924200049,4
124153.61394329238,142449.99199509528,85078.42839699131,174721.26182571196,86731.54106516136,63380.47246700198,79300.88243495017,115161.46244543344,103972.06741238445,75268.49362474604,72562.99377238676,66983.39485924183,79706.14191366934,77327.71513792458,107647.34240142613,73779.75568530032,4
123067.63208718684,139032.05263996753,97120.36366705463,169501.41423957518,86237.6569196769,64370.7441533499,77752.42063431986,112243.53161377093,97938.01283097421,77252.94855272157,76251.9480290351,66164.65045984394,76415.83101938141,76799.69987865686,105038.91617523626,68604.3433671407,4
124022.7221277621,141911.06908453334,82832.45805888869,172550.61686642372,85472.53435522728,62662.2885659085,79454.64008505823,116462.66924889914,100857.1059533484,77049.34651247818,74609.74301215923,65999.33695785249,78099.81144664425,76493.9056627638,107558.22599628282,71327.74696680867,4
123619.40725081055,140834.05027795437,93979.29537049477,173368.7130652324,87240.82556257553,64465.69436379604,78290.76239952593,112759.49928277724,102232.18527223889,75473.72734233468,73649.66853257043,67124.92610513284,78717.32309071101,77554.13830925683,106255.52162593862,72155.65558143325,4
123326.59939844602,139799.0974544403,90392.55564124056,169339.74407192995,85165.17551722235,63267.61850924713,78458.266372474,114548.84583340239,97090.9711230959,78273.17157663961,76904.70837410788,65486.207960392,76036.58897120821,76160.10471106824,105920.22310736455,68087.39222137835,4
124190.20374896572,142567.42806046346,85114.14648463088,175059.24255362066,86747.38845198018,63391.558932251806,79332.28663590987,115320.15983106612,103966.70299371517,75356.20186998867,72651.86430834107,66989.07220233348,79708.17592241478,77333.01250136048,107758.74349579138,73769.67504855097,4
123090.6543839758,139140.5480075536,97321.28349796338,169856.91873513686,86290.02705693568,64402.7518514099,77751.63832326393,112291.54316086092,98008.84550915308,77293.98635554152,76301.0101081145,66203.54249519616,76458.67931350223,76834.12156511802,105144.68462999877,68653.09252179772,4
124015.90484570323,141928.99518358652,83023.72193619274,172624.8023062709,85472.71316918293,62671.698650324186,79434.99290168201,116465.39616172269,100758.53476030049,77131.22095241796,74726.0391385602,65982.17081811081,78039.26057091482,76475.77839801055,107584.48929601781,71235.43426220826,4
123629.08555615968,140903.02776134346,93966.9795592999,173506.66803201058,87265.1442605429,64465.96258472951,78297.1326466957,112795.10561169454,102295.26189509177,75500.68354614777,73676.33416370561,67142.49457627471,78746.96150385875,77563.86131809489,106345.28623167113,72204.06945992344,4
123314.6635669069,139769.57080001483,90682.03308368124,169311.3573564717,85193.71869489178,63303.537762586806,78439.22268619809,114512.83717308489,97039.11507595958,78311.30365268036,76981.50896805633,65489.65012903811,75997.00403177786,76160.48469072398,105928.58265979085,68035.62558121987,4
124227.84408662845,142635.89145373006,85125.56822604754,175236.17896272885,86755.18921079507,63403.07008064629,79372.29625848487,115471.19056835063,103971.68743272871,75436.42228083877,72739.43844311696,67005.67954846377,79719.30709115352,77341.3049985534,107875.03962219234,73789.67985983848,4
123120.06927967898,139206.03861880765,97477.05280507241,170061.7948248142,86332.58477837859,64434.06664539179,77765.25053563721,112325.1154810328,98063.56257957967,77306.12335278075,76320.27731183497,66240.3334665696,76492.83277902994,76858.06028342966,105236.50559622116,68710.40239458114,4
124047.19728794067,141970.32355908438,83197.68556328841,172751.93902873268,85480.5809832312,62693.26808372356,79452.58372456834,116531.3561596103,100692.4183002017,77217.58809299328,74837.8649160701,65996.40887932884,78015.59007353664,76484.22735741465,107662.40747718902,71202.01840424757,4
123670.59274561319,140986.39976816176,93900.10313988962,173627.00982415795,87286.78074917564,64466.834302763265,78335.77881285892,112849.44270246539,102356.23745396585,75511.43473523078,73676.89295731699,67171.39538185541,78783.57366127655,77578.99344909114,106417.88469766197,72271.92935608976,4
123346.62656147797,139793.15189041517,90903.22594681096,169350.80818543534,85223.40181152843,63339.121739759656,78446.4199479127,114504.79054508098,97021.1442734175,78353.14611830069,77048.11716653313,65526.48580390046,76003.30722371426,76188.91610967113,105974.62725336877,68035.69263645323,4
124204.91119681731,142599.50281375682,84978.62785799836,174949.6966540452,86718.88997779966,63352.3539724772,79355.89007805468,115320.00336885493,103927.31921998493,75461.25506892861,72772.00493478835,67004.56196124101,79697.3129746095,77329.23505654754,107868.04352617783,73765.83054850466,4
123122.03623319104,139123.9406614233,97495.58240122585,169697.05905879248,86354.3330257336,64449.66816302159,77783.33309690155,112221.17986931562,98083.2991699337,77256.12250043423,76266.76723560898,66252.67162950893,76496.72198256517,76862.21770789835,105146.98685967767,68722.09235693126,4
124056.8755932898,141855.72616526202,83238.16457249697,172367.98076247942,85467.23699179137,62702.812278605976,79481.70804759361,116482.91992937565,100614.23189809703,77252.99325621048,74890.39151554008,66000.20867588624,77992.23250058085,76483.26623240307,107616.60875280008,71147.1895750987,4
123739.50317376891,141000.86134682433,93738.45532398883,173605.70861169204,87312.73112448826,64480.06653548081,78419.10611618831,112943.47649138886,102457.0885249482,75512.70878466473,73656.6869803294,67221.93267606887,78880.08849383456,77614.6221297529,106477.45209663536,72381.67642136532,4
123403.8246755391,139766.82153544683,91046.85825668076,169356.35141806025,85262.13738466948,63392.1624293521,78498.34305028238,114528.72926339261,97016.11513091507,78373.68737145512,77077.55441398078,65571.16694106662,76040.0981950877,76216.74403151798,105974.18021847967,68056.8597384524,4
124306.03048873311,142688.19453575547,84851.8264117034,175187.07218016055,86742.96280657803,63382.35001353622,79454.03658795793,115503.53354257745,103962.65732796876,75517.98379635619,72811.8357434077,67053.48992985368,79769.93379234479,77360.30398134042,107963.41841976863,73834.38334874909,4
123170.80773959254,139171.01343524616,97479.15386905121,169832.95766508076,86397.67305823244,64480.245349436445,77813.8655798275,112165.18874945508,98172.61674077711,77241.236238627,76237.77702305044,66317.62579889606,76578.1270358714,76904.26133921878,105187.3764619084,68817.98134064452,4
124073.6394016313,141808.04989433885,83259.64459891852,172212.8596559596,85466.7229016689,62725.96868586168,79494.80616984442,116422.30199841286,100537.31954542632,77285.53739613741,74925.50610607935,66009.43994634628,77968.74081715832,76479.7570085236,107555.05204857017,71088.49389415907,4
123768.78395900536,141006.69515212718,93542.2293594157,173504.63402326513,87329.89726422993,64490.08011699678,78457.46170967362,112924.2986946462,102531.94451712901,75495.05090654503,73603.6239389925,67255.23677530728,78935.83374450609,77635.23043814069,106466.90207325245,72444.7977477071,4
123378.88012872699,139663.15414466313,91139.81916187039,169048.5455451662,85273.80499527515,63419.252743631936,78476.19247152716,114343.7909297694,96997.83140395062,78370.42401676465,77080.23662331542,65592.69167097707,76038.37711076465,76239.02872073994,105896.44085126411,68030.52938348406,4
124330.75151810069,142632.24811938385,84689.73156091351,174922.60633976536,86744.25920775643,63401.773679467886,79509.62537641828,115555.00961005803,103938.42803697921,75527.88561914988,72809.3323480287,67043.78927276007,79760.79192886257,77357.55471677241,107891.17758168907,73804.1190867566,4
123240.07579565953,139239.07449711257,97490.24033430104,170036.09031869058,86466.02469277677,64545.98182987951,77876.47281604682,112280.88137875574,98323.8039402728,77251.62979979871,76241.62152309675,66396.5721603122,76696.27835706215,76984.48175006888,105269.56382627056,68951.66712423171,4
124096.90756760926,141819.89631890017,83292.47931152336,172256.66907509198,85477.33998028518,62755.04830539803,79509.11128629581,116414.18831517558,100495.79000422836,77333.5042397385,75001.0550023383,66029.22124018923,77968.51729971377,76506.42263965878,107568.91013013246,71064.28695491397,4
123808.1230292467,141073.057481415,93352.2395315456,173573.5668031653,87362.12847973449,64507.805050349845,78502.18755032869,112958.49686366283,102613.64014311317,75468.27351668758,73567.32470599707,67281.85770295355,78987.6450881535,77662.05253148706,106482.637701349,72520.63721664395,4
123404.40582089494,139677.19104018106,91295.81198642397,169088.64457471904,85325.07989705562,63483.64811940767,78493.11274207983,114346.38373212621,97002.81584296416,78379.4541215246,77115.23945513243,65626.39810161569,76052.39165453812,76277.02668631395,105886.56138021486,68044.83449993546,4
124363.63093419444,142700.46564346144,84573.94952463503,175026.43019276025,86759.50309747495,63418.2692668759,79541.4766122671,115642.27082041155,103950.40857200726,75570.91272722634,72862.48479634343,67063.41410439184,79784.84240589647,77382.43220835117,107948.86743412823,73833.60103769315,4
123249.99997019768,139290.7740820377,97508.85933743231,170115.97545337386,86517.7689811908,64581.09642041879,77876.11518813553,112255.73566624352,98401.18567957709,77226.5287907754,76226.77996477843,66431.17266072902,76739.23840990524,77021.4738871424,105287.60168404599,69020.71166285416,4
124095.3429454974,141815.80594966485,83393.91152786155,172187.3339637916,85494.19319560447,62788.2182941697,79507.54666418394,116425.56535310333,100430.16528250757,77377.24660363754,75079.06259048732,66026.15905119885,77927.25597944927,76514.98335778515,107544.01028680925,71010.68747171015,4
123852.20066931256,141180.25644782264,93242.64892848121,173757.05227339893,87403.63566918799,64537.711684431044,78548.92504798473,113102.71031888846,102718.46982460855,75481.23752847165,73571.72799965477,67314.2900841582,79047.72657724936,77699.51405519416,106555.88436792903,72613.41930787794,4
123433.39603345348,139743.26279679095,91502.07388425755,169281.22720494596,85373.4490720569,63543.886070714725,78496.19728281467,114407.33693925584,97026.77691302025,78409.07018292787,77167.83310983576,65656.01416301896,76069.82601521326,76317.97508215607,105923.19588937711,68060.88305245436,4
124377.17609133436,142771.96887397396,84473.8360612197,175105.5330163876,86752.21642878251,63413.50834530692,79552.60778100583,115680.1570272633,103949.44744699568,75609.78241083413,72904.08139277475,67064.7775608036,79782.80839715105,77388.02014446499,107991.82748697132,73831.8799533701,4
123288.66848810537,139374.19079234492,97563.28583518098,170271.90122269408,86572.19547893948,64624.682322106644,77901.84204600358,112303.4566406556,98494.43715744463,77210.25672081193,76203.51179880045,66467.85187338018,76793.128465787,77061.37175099514,105321.30811468461,69096.12644864636,4
124130.97162615915,141864.9350839776,83511.59346241874,172291.8730726091,85510.91230045704,62821.52239340811,79522.9693678581,116489.62545271224,100388.45692735398,77441.64197941327,75161.04878914938,66037.55844087106,77924.12673522554,76536.19516327324,107585.33866230711,70987.82163713237,4
123882.39787607169,141264.0978412745,93102.16821457961,173862.6866176947,87423.41696303093,64534.3812745072,78567.29818192699,113112.36627249316,102798.04203486945,75483.18213023926,73558.1604907704,67341.2909914602,79102.8236273317,77722.80457291658,106624.10189200663,72695.49491351783,4
123428.70216711787,139709.80223534134,91676.73041543132,169156.43741565198,85397.43249385744,63571.53517860594,78475.14193953776,114299.33331004779,96998.81488070666,78412.37824110726,77190.58718569127,65668.88876782522,76057.8007766963,76327.5639805274,105889.10947908276,68043.33693305694,4
124373.62216396596,142725.186672829,84381.41159789701,174847.14685048425,86735.81024835233,63401.43840330105,79559.08978689788,115637.93458198723,103898.86544929331,75630.88245759993,72920.21935227148,67046.89616523936,79756.96978056071,77367.79181573294,107960.04330635587,73800.16282798801,4
123344.860773666,139396.36372284457,97656.17968513723,170304.4006591321,86625.37027899866,64683.400354790734,77953.56398267318,112408.88981925129,98566.1639054017,77198.45499973954,76177.49436825447,66499.85957144017,76846.01269316825,77086.56216699627,105331.58991713404,69163.60636515694,4
124141.94633268671,141848.6853657586,83656.1421938112,172280.83131084815,85505.4808265544,62839.47084420572,79525.78568765947,116484.73042067653,100331.19175805947,77516.76619252756,75249.3605314923,66051.30476371107,77918.51644736725,76550.03089309107,107633.84194777513,70955.41160767217,4
123897.01591694546,141287.2989520191,93000.71364649698,173862.3960450168,87424.40043978697,64522.423091223616,78589.09113277092,113105.57134217875,102853.09438146287,75487.69718261925,73536.83692656003,67353.80796835518,79140.53102022779,77732.39347128791,106664.60325295964,72743.12648095208,4
123432.61372239754,139653.52054280287,91917.61516542616,169058.04503655972,85415.7609243108,63609.533144179964,78473.48791044806,114251.18765249106,96962.47094422232,78432.51716286149,77214.86118016973,65673.87320683876,76037.01365435286,76335.14122189775,105853.19022574309,67998.40992670177,4
124440.25271418724,142786.8551357812,84392.16278698001,175028.575960228,86746.4273269686,63426.89704023565,79626.12266851934,115838.25091579568,103898.55252487095,75714.5673888406,72990.11325718323,67058.98845898968,79779.56739420502,77386.92490898668,108051.39488594471,73803.2250169784,4
123320.58677918754,139394.62028677706,97710.53912765255,170319.55514187278,86631.36054651267,64666.36832551579,77917.30945316666,112241.16232885866,98635.32020274643,77206.50162774345,76173.87338565271,66533.36483637868,76887.9445657664,77117.69814702251,105398.53339177769,69218.01051116115,4
124110.02804160453,141737.708954538,83802.97080313812,171995.73481032072,85482.99497163236,62838.04033256058,79501.35523096981,116383.00763166042,100203.16096581948,77555.59117264643,75297.75205823804,66012.77035627012,77832.99867308125,76514.84924731842,107551.00638282376,70830.28654221137,4
123928.48717313854,141291.7469491657,92937.30174747726,173831.75180336856,87440.80662021716,64536.191765808086,78640.47779327366,113201.19210495855,102897.283780251,75497.28608099057,73517.18974318383,67357.36189572357,79165.7884914623,77731.40999453187,106684.96569215842,72776.05060053476,4
123494.5504062832,139708.21526148502,92205.97502064408,169329.08228982476,85471.93085812699,63680.8799124813,78520.91831218223,114402.62072117576,96987.81782243465,78499.25947180504,77290.27596596193,65720.25307658353,76083.52763456437,76381.81166432044,105939.26679364048,68034.21742131918,4
124483.86096761955,142885.225163129,84367.4641093569,175304.86587344002,86753.11049856074,63425.801804757335,79662.91363989278,115943.90761183592,103894.64096959126,75791.50209325578,73066.13154007573,67077.87568305442,79808.60231025248,77401.520598116,108176.65406187226,73824.1238980441,4
123397.11915220252,139531.94940471047,97825.65061159738,170715.82921932093,86704.42839913708,64717.866744740815,77978.12854982955,112390.96372019812,98717.73108455315,77213.07304061331,76171.19117631807,66575.22965374347,76949.92595314098,77152.81273756179,105474.7975438592,69297.6050731665,4
124161.32529512946,141828.16646434861,83979.72839829068,172256.49026113635,85509.95117544546,62867.723449197234,79531.8206586624,116470.5370629474,100147.16984595894,77639.43256609829,75403.76638218957,66029.84708903398,77832.52928644768,76535.30109349503,107625.12476743756,70800.78223953035,4
123988.83688316785,141433.8369886681,92840.98808061935,174103.41490547836,87479.92217301395,64538.91867863163,78688.2211194302,113286.59812052228,102977.28067365655,75523.63878770337,73534.04295850312,67394.01875663028,79237.38112895265,77765.74227401523,106792.92461787756,72854.10289217268,4
123479.77590319824,139697.70994159102,92387.806461788,169254.67333253304,85498.61884100662,63691.69815679767,78489.08942807787,114253.73575135897,96962.47094422232,78514.25749233455,77331.6043414598,65737.15099539173,76082.96884095298,76401.280033741,105928.6050115353,68006.41185121678,4
124459.13993825197,142836.1630840496,84271.77629134373,175008.99583208511,86733.35155646224,63398.063289888305,79659.73969218013,115864.8494916975,103829.0609513594,75817.00543367928,73096.73107823504,67049.77954027409,79773.19714703526,77380.35349611682,108133.00110495105,73758.70034202343,4
123356.12605287148,139442.90005480053,97828.26576569866,170347.3160084863,86717.86179755471,64718.55964881893,77956.93909608592,112221.51514548245,98756.39960246082,77173.93513607206,76125.14658274014,66581.15286602413,76961.8170811912,77159.27239170938,105410.42451982791,69313.13953556294,4
124107.41288750326,141655.61099715365,84080.6465245064,171716.09213544038,85486.30302981175,62875.52420801213,79509.80419037392,116345.88138412016,100031.83484456956,77659.30326691906,75439.73033901815,65992.05028916005,77752.5547447866,76503.09222973493,107503.3748153895,70685.5366451188,4
124007.43353455467,141428.40551476544,92727.9329571644,174035.28678837858,87494.04847550971,64552.66500147164,78734.51158219714,113396.59105498684,103060.20564558574,75537.29570356557,73524.87874327645,67412.79422197274,79290.2653563339,77780.4050183779,106844.04305744685,72926.74606165243,4
123481.5416910102,139667.93741797656,92595.47651952226,169257.57905931224,85523.9880709634,63735.97696256363,78492.01750660152,114257.49084442746,96960.90632211046,78536.60923678985,77364.08142615335,65756.5746613234,76079.61607928468,76413.0370513245,105938.1045029288,68005.6518919053,4
124490.72295316732,142876.91031419163,84229.01740420073,175124.19672300777,86732.43513493957,63408.43449931556,79700.03988743304,115985.70537396734,103809.72669240556,75876.63988788603,73153.1692329847,67052.79702577557,79768.10094929945,77373.80443499141,108194.7366231366,73752.62066753158,4
123414.5311611332,139552.0883264647,97897.06443513208,170692.0469632205,86778.50208026195,64765.34184996389,78006.06823039868,112356.4749785036,98859.23997869968,77185.64745016664,76126.97942578548,66631.10901488173,77027.88883780109,77195.63867993816,105507.43109076394,69408.40267043146,4
124168.67901905526,141779.79728934733,84252.2855701787,172141.35642544704,85520.70236452846,62913.61158056398,79545.09759486886,116501.78480169593,100013.57346934956,77762.43421583583,75564.07309342302,66032.66340883535,77774.23593690824,76539.27970400808,107636.41239838749,70694.74556383438,4
124035.775546524,141550.02135634678,92572.27540877766,174277.42323606292,87511.21461525139,64530.53677446089,78754.22582080672,113404.77179345749,103121.58353586002,75547.30928508154,73518.7990687846,67436.68823679545,79324.28471139488,77791.98322200576,106932.42185502313,72991.90139673966,4
123462.94503962339,139631.4146675366,92743.40036432748,169109.7669732293,85546.18335320751,63746.124654546344,78465.95537256663,114100.08985997319,96927.75868508324,78529.76960298653,77368.08238841085,65760.1732921807,76048.1001196027,76413.39467923579,105880.14642955619,67972.05721998897,4
124525.56932277314,142887.81796548582,84142.20322873631,175030.94524514023,86736.61491115272,63408.99329292695,79744.318693199,116061.96952604885,103787.66552062816,75923.37738554209,73195.05640209393,67052.41704611982,79764.74818763116,77374.74320825854,108199.00580632756,73741.64596100402,4
123438.62634165603,139580.18446924502,97887.49788850521,170699.91477726874,86821.5962435718,64782.195065283195,78027.5706085647,112329.45171945712,98961.45450609381,77173.84572909425,76109.67917557707,66680.2828526834,77099.16855086906,77238.5316775479,105553.20746340841,69499.5977878091,4
124151.24465838012,141695.08417786172,84327.16391410398,171858.7633202986,85516.72375401542,62918.752481788695,79536.02278662,116391.68010850908,99924.99350607318,77791.42442839437,75616.57734114854,66027.50015586618,77731.27588406514,76534.42937546127,107573.5369412347,70615.75449892932,4
124071.91831730823,141560.99606287433,92411.4099039328,174178.360304637,87536.27092078578,64544.283097300904,78814.93315874734,113471.11177100084,103186.04596686912,75540.04496813357,73494.1450946504,67462.79507431926,79375.31374398635,77811.02690828168,106935.32758180232,73043.0868915423,4
123512.56591231418,139659.93549346155,92925.34356419368,169214.77546868034,85606.46600800348,63816.84557400293,78514.21278884565,114186.21113135948,96967.56714195813,78560.77147254604,77414.3728511778,65819.36071149835,76101.69960280653,76467.88823221783,105916.89269744071,68009.11641229587,4
124536.07464266714,142920.89854727968,84022.04025054458,175051.41944306128,86737.28546348638,63400.142002122644,79770.35847548944,116066.23870923981,103787.5984653948,75978.49678736887,73245.54899281848,67079.95439528876,79786.42937975281,77394.94918524614,108254.39342908781,73748.08326340714,4
123452.26090577376,139591.18152751704,97858.50767594668,170653.89253543527,86864.73511037053,64805.463231261165,78055.420882156,112295.27590218496,99032.39894299496,77138.01588273238,76052.9504481495,66714.65983565568,77136.47361236496,77260.61520106974,105520.93154441495,69545.57532615367,4
124177.2620889261,141692.37961678262,84435.39106075658,171834.69049152025,85539.25431242638,62961.86899684298,79569.10336841385,116445.34664694627,99881.2734939186,77848.04139709966,75677.97758316727,66049.13664449891,77727.85606716348,76552.71310242571,107567.09963883158,70576.63894613255,4
124099.43331473271,141627.76072356233,92238.49680882655,174246.75664267025,87560.07552863068,64551.4356555266,78856.90973483441,113505.71227141765,103267.29455796417,75546.7281397257,73472.82153044004,67496.16622879103,79439.19502963961,77837.46902197231,106986.66953881616,73111.88556097574,4
123428.74687060677,139513.6880294905,92998.97021042946,168759.4257306368,85599.04522884432,63807.97193145418,78448.34219793585,113857.50637739974,96915.86755703301,78524.89692269528,77385.04736245243,65810.26355150504,76064.84157619973,76455.75123497858,105795.23215237047,67942.15058590777,4
124503.84342716259,142781.3566066452,83884.66642912227,174544.32541660374,86711.49155038495,63393.05649913031,79785.31179253005,116001.48570555278,103709.03208363439,75968.61731631962,73224.60540826386,67037.46372907922,79739.78128907458,77357.15238537222,108126.9214304592,73657.82691929661,4
123440.30272249016,139516.59375626966,97813.31244865805,170425.21183791303,86895.02172410747,64832.665304263275,78075.96213531043,112248.82897720684,99113.6922375789,77098.60975725767,75993.62891836511,66737.43626325563,77194.69990667104,77280.68706759061,105490.75668940028,69599.7783064578,4
124144.09210015442,141564.75115594282,84514.6503465951,171542.77670893393,85537.39911763658,62983.08080233107,79568.6786852692,116384.01346016092,99803.06474006949,77872.02481890022,75713.56156034012,66036.61966760394,77694.70843013626,76543.05714882103,107492.73538502878,70500.8441806846,4
124083.74239012509,141590.9697521889,92028.52452141339,174150.5100310457,87561.68485423147,64534.47068148502,78876.69102867735,113496.77157363553,103340.02713442173,75542.4813082792,73437.81869862303,67510.02431035331,79491.76633259849,77850.61184771203,107008.95422803811,73172.25762274953,4
123481.07230437665,139529.58011979822,93198.63834364872,168965.84409068158,85663.12768019768,63890.60633070545,78501.98638462859,114034.48748999686,96946.19887425887,78538.7326525131,77398.1678364477,65842.02538037603,76096.40223937063,76489.99410748412,105793.6228267697,67966.37987689732,4
124563.47788136934,142907.55455583986,83832.87743721931,174987.94048880824,86731.60812039473,63418.87276397619,79840.18532516783,116212.17324878852,103742.09031368379,76058.6501429856,73311.62074942837,67076.78044757611,79793.51488274513,77395.6644410687,108274.21942641967,73710.95701586688,4
123485.72146722335,139664.40584235263,97819.90621327236,170892.7879801736,86947.03423345498,64865.76823780158,78097.35275475416,112321.22627749757,99238.57143385071,77106.4999230504,75992.57838637572,66799.55176109693,77281.40232341317,77337.505201996,105603.32007447722,69716.4097090256,4
124138.14653612931,141588.62281902108,84623.23512115898,171630.17202975418,85535.61097808016,62998.592912983055,79550.23849609357,116345.8143288868,99727.64995427728,77916.52714211073,75782.382581518,66034.45154839176,77652.1283569489,76546.99105584515,107482.43123083487,70437.00759852024,4
124140.38171057485,141716.67596300555,91894.68227561502,174403.1741503685,87591.85970924613,64555.97305965103,78936.39253811748,113658.82172093651,103414.34668473563,75549.74562522718,73431.22493400871,67533.35953156467,79537.11802209831,77872.11422587803,107066.46526652161,73238.41878633724,4
123526.46869736537,139643.3728508202,93403.4473780927,169311.469115194,85720.25873902545,63953.191215180304,78525.29925409547,114120.60876138316,96996.46794753885,78575.72478958665,77454.11425281933,65899.31290141499,76145.62078066121,76546.9687041007,105876.99483358799,68019.30880776749,4
124559.85689876758,142966.20553329057,83755.94273280415,175041.42821328976,86716.29717544284,63405.50642079192,79843.47103160275,116193.64365263506,103700.56077248583,76100.04557371684,73367.72362801118,67078.14390398788,79773.75594064665,77396.78202829148,108310.00456929262,73684.9395853209,4
123487.95664166888,139697.3299619353,97819.74975106117,170875.91241310985,86979.60072512637,64887.963520045705,78114.94357764049,112293.37600390626,99299.4352340025,77068.47960573192,75953.99927544585,66819.40011017324,77299.7978090999,77354.33606557084,105588.925551048,69761.58258456977,4
124150.21647813517,141588.10872889863,84782.71481784759,171612.31298593438,85543.16586770605,63037.70846577984,79570.80210099246,116392.5741782873,99668.26136925953,77969.76899740327,75867.654486615,66042.76639732915,77624.70276650223,76559.64214320686,107490.94724547234,70391.29828110914,4
124173.88697551335,141800.53970820186,91763.656349618,174514.50818950037,87604.6225553301,64568.22181561254,78986.7957218642,113753.1460825379,103484.06177569173,75560.3850555879,73437.70693990076,67558.30407837678,79579.92161273022,77893.6389557885,107144.31639245944,73303.19414176872,4
123528.70387181091,139660.62839753967,93591.6937698953,169347.96951388952,85747.72903296103,63994.318424978075,78523.95814942816,114081.73907777538,97010.81776747917,78592.33213571693,77492.53690153801,65931.3653029639,76160.08235932379,76579.57989926099,105900.82179317735,68033.83744166345,4
124575.07843674165,142989.9430859021,83702.25384262251,175004.07844830496,86706.0153729934,63413.35188309573,79875.18815698483,116256.92144118804,103654.89615856364,76144.16791727161,73419.71378561424,67068.84557829447,79755.82984159348,77395.06094396842,108324.77907237758,73654.25064018377,4
123526.37929038756,139784.3900065887,97832.37848667843,171061.02956068868,87023.8348274034,64925.80502340854,78149.49937456839,112356.89966164825,99408.55645043332,77067.07144583124,75942.5775340292,66868.37278227482,77381.98517346206,77407.1755894632,105669.88356946512,69864.35590557527,4
124164.63335330885,141597.20588889194,84940.13815404632,171619.91257904918,85556.35339693468,63073.739477841795,79581.50858658655,116412.33312038578,99589.24795261002,78017.33350960416,75935.0226444033,66042.69934209577,77594.99729812113,76570.39333228987,107484.48759132477,70331.39560596891,4
124180.72660931667,141849.1324006477,91597.49348133725,174513.1447330886,87612.22214844491,64556.665963729145,79008.32045177466,113742.12667252144,103534.62142164963,75565.99534344618,73427.76041361815,67576.14077045213,79621.71937486164,77916.52714211073,107194.51841050606,73353.2173458597,4
123517.1033164386,139620.12703658667,93760.2259230883,169212.18266632353,85777.70272227559,64030.12591959548,78517.96788191413,114000.84811459162,96997.07144463915,78584.91135655777,77494.52620679453,65943.74816939213,76155.0755685658,76602.22221639422,105855.1348275107,68013.96674084268,4
124590.72465786037,142997.743844717,83641.77002212644,174953.47409885813,86703.66843982559,63418.58219129827,79911.77796265816,116332.7609101249,103614.77477726636,76188.62553699322,73466.56304199256,67062.98942124718,79747.31382695601,77399.017202737,108338.03365683957,73626.80269799265,4
123533.71066256889,139814.6989720701,97806.47281485473,171083.69422956638,87062.9503802002,64944.08875037298,78173.41574113557,112339.84528062884,99495.0353497309,77043.06567228623,75905.22776904437,66902.74976524708,77437.59631366686,77440.41263346824,105698.00206398989,69940.97768556807,4
124164.23102190865,141577.13402237106,85068.2807050086,171564.1449766332,85568.82567034074,63100.516867699254,79594.27143267053,116407.7733645169,99526.3948472017,78066.68616136147,76002.6366713806,66046.83441482001,77578.43465547975,76580.74218997266,107477.58090228807,70290.11193395995,4
124198.27272871409,141886.12453772122,91401.78160688658,174500.62775619363,87622.2804334498,64546.451216513065,79049.53706855024,113766.66888793337,103587.50564903089,75558.2839916091,73396.13269521388,67582.3545554107,79661.41607301428,77922.83033404712,107216.1548991388,73413.70116635575,4
123499.82541797464,139549.31671015226,93856.74075564633,169000.71281203185,85799.83094928635,64050.91304193891,78509.67538472121,113860.21093847883,96991.08117712512,78561.55378360198,77471.50391000556,65953.38177125237,76156.21550753302,76611.76641127664,105786.09028888826,68011.84332511942,4
124591.03758228273,142931.40386717368,83504.10562802621,174670.1210343982,86689.74330302994,63409.8203074718,79937.84009669305,116293.13126720564,103575.88274191413,76217.10165942927,73478.65533574288,67054.29459265407,79742.15057398684,77390.68000205517,108290.60325510541,73596.33727030006,4
123577.45302646793,139809.66982956766,97721.75970336911,171014.2697112882,87114.73937210314,64979.04687870108,78226.34467200574,112371.96473741112,99595.99817943553,77005.09005845667,75839.44658511241,66940.94889652121,77513.12285818135,77473.62732572881,105675.31504336775,70019.56641907291,4
124183.52057737358,141527.401390958,85127.06579292605,171435.4212803151,85591.62444968516,63134.849147182606,79612.0410695125,116401.51487606941,99486.02759671542,78098.67150767702,76043.76388117837,66067.50977844116,77583.82142589347,76602.95982396124,107437.41481750189,70253.92445968682,4
124266.80317721405,141976.20206787612,91203.70044752366,174700.22883417952,87664.32406477023,64569.98760342451,79119.60978741763,113930.01543641275,103691.06128109233,75571.96325921574,73382.63224156288,67633.33888451324,79758.82497535051,77968.2043752914,107282.4725249377,73511.17712392534,4
123539.05272949372,139601.9997718334,93988.8842688661,169193.72012540343,85864.271028551,64112.514449657734,78530.64132102029,113910.77058443673,97021.5466048177,78561.95611500218,77484.2444043451,66000.54395205306,76205.5905110348,76657.31926647655,105809.33610312178,68048.58959300394,4
124615.37863199456,143004.6058302648,83417.44791477299,174818.58132107038,86699.64512582363,63419.096281420745,79960.9741522043,116373.97752690047,103560.32592777323,76264.06267452988,73530.60078985701,67073.27122369662,79760.09902478446,77413.7693540775,108339.79944465155,73609.50244778424,4
123596.58611972167,139897.19926085466,97679.47020285967,171195.25178614282,87161.45451801474,65005.757213325174,78243.4214047696,112398.04922319046,99683.70642467815,76974.37876157508,75799.10168637057,66982.29962376352,77578.09937931292,77511.4911808361,105719.72795960045,70115.65656848629,4
124161.79468176303,141526.21674850187,85235.20353260083,171409.18033232455,85594.66428693107,63150.13774039003,79588.90701400126,116335.5101746929,99422.95097386253,78135.32836858372,76104.49357086344,66081.39021174792,77564.06248379499,76621.86939977042,107447.00371587322,70225.56009597304,4
124290.51837808113,142035.90357731623,91017.4880644665,174699.20065393456,87680.26085856686,64575.73200174952,79163.4415582945,113998.16590525699,103734.46836882453,75552.91957293983,73343.89666842183,67644.15712882963,79776.01346683664,77977.65916319599,107282.58428365998,73556.43940644735,4
123554.47543316787,139629.7606384469,94114.14344479365,169236.88134394662,85910.69560178467,64159.52016824725,78540.87841998081,113893.04565108368,97070.18400075246,78563.5430888585,77495.040296917,66051.68474336682,76242.42618589714,76710.71758398028,105830.90553652115,68094.88005577089,4
124667.03351343078,143082.032273058,83350.50444012934,174940.15245916278,86716.43128590958,63443.99612474396,80014.9312633194,116521.99077868352,103549.50768345686,76305.256939561,73576.57832820158,67094.39362220689,79768.21270802173,77437.50690668904,108376.52336079162,73604.83093319308,4
123616.30035833125,139989.4002067328,97615.9912486066,171359.35829393368,87200.01127720014,65020.75523385468,78254.91020141963,112375.63042350179,99806.48455697115,76954.21748807639,75765.10468305406,67046.47148209471,77657.40336864036,77569.65041990882,105798.20493438303,70222.00616860464,4
124178.42437963777,141540.2089405309,85387.97770595286,171403.72650667746,85614.3561737962,63193.20955195541,79597.9818222501,116376.61503274621,99350.91130148308,78163.2456974084,76148.79472837386,66087.69340368432,77526.15392519879,76628.15023996237,107408.71517762127,70160.807092286,4
124278.76136049765,142089.5254122645,90871.68763538453,174723.0946687573,87680.21615507796,64559.2364143415,79165.31910482873,113982.76555332728,103794.90748583169,75567.53761381359,73341.81795618749,67670.10750414223,79819.55466503557,77996.12170411607,107353.8863484724,73614.06220365313,4
123500.98770868633,139569.3438731842,94327.64730783073,169070.38319949905,85925.89478801428,64181.46958130236,78497.11370433733,113767.87588213396,97043.74188706183,78553.73067304262,77493.00628817157,66058.32321147004,76213.48067682752,76706.96249091178,105784.63742549866,68059.13961638685,4
124584.01913452377,142971.68171068214,83361.18857397897,174570.16403319407,86671.03489292084,63407.898057448634,79971.0771406981,116400.46434408001,103454.60217649964,76348.70873078212,73621.10300315655,67058.54142410058,79693.62493677437,77393.71983930109,108330.9705055917,73512.00413847019,4
123578.10122705714,139920.4227233437,97702.26898220408,171155.2868670567,87218.83144603152,65032.4004927159,78253.3679310522,112355.89383314775,99850.13751389236,76937.56543845718,75727.48669713577,67042.71638902622,77648.44031911377,77554.36182670138,105763.1126955882,70228.59993321895,4
124110.65389044928,141414.8380058811,85647.97319745699,171167.37916080703,85592.63027818565,63193.07544148868,79553.23362985058,116271.40537159507,99269.75211736586,78243.06377685831,76243.36495916426,66076.2493105232,77462.29499128998,76614.64978631136,107406.56941015356,70065.23103299511,4
124266.04321790258,142057.54006594897,90832.32621339873,174647.23284807598,87672.1918788185,64544.75248393446,79187.6932010285,114048.59144074816,103810.82192788387,75593.80091354858,73340.76742419809,67655.95884990202,79796.33120254651,77969.76899740327,107362.55882532106,73593.85622666554,4
123480.4464555319,139523.52279705083,94598.79631981807,169093.07022012118,85946.61485512434,64205.363596125084,78481.4227797297,113747.51344293517,97053.28608194424,78591.84039733892,77527.00329148809,66078.66329892437,76200.71783074354,76712.7515927257,105804.61988504171,68037.43607252075,4
124565.46718662587,142943.22793999052,83400.46058898696,174557.98233246594,86647.67731996505,63390.59780724023,79972.48530059878,116434.79662356336,103385.04354775471,76420.88251362831,73685.38662021002,67039.0283511911,79638.88551460333,77364.48375755355,108359.3795727944,73434.17536427682,4
123588.0701050842,139961.8405058194,97765.47971552369,171348.2941804283,87251.28617898062,65046.3032777671,78273.23863187297,112415.8859152658,99934.04596257758,76946.68495019495,75715.39440338545,67071.46073239575,77683.5325579086,77571.08093155395,105832.42545514411,70283.94285249029,4
124080.94842206818,141370.24627569274,85865.03098786247,171169.77079746377,85583.77898738135,63198.57397062469,79531.03834760647,116241.34227530268,99178.08761335464,78296.7303152955,76317.08101237786,66066.74981912969,77399.28542367047,76597.66246052533,107407.3070177206,69981.79197094345,4
124259.44945328827,142096.8344327014,90739.7676396093,174767.44052975663,87662.75944265837,64519.24914351096,79201.37246863515,114095.55245584875,103843.32136432188,75615.97384404825,73347.87527893488,67662.55261451633,79807.73059221871,77965.07513106766,107438.48770123575,73628.16615440442,4
123441.39795796848,139481.03213084128,94807.85218570856,169065.84579537463,85958.99772155259,64213.477279362356,78451.76201483751,113637.20758404823,97039.04802072622,78590.81221709398,77545.21996321916,66086.53111297263,76178.0308101214,76716.68549974984,105809.69373103307,68026.32725552646,4
124579.54878563271,142952.54861742837,83435.57517952623,174612.475885448,86633.9980523584,63392.54240900784,80007.37637369352,116537.12290967976,103325.43144529242,76480.78518876854,73760.01909494628,67029.95354294224,79605.71552583165,77352.90555392571,108394.1812389113,73395.7750673026,4
123596.51906448831,140000.62078244935,97760.71879395471,171467.4289783751,87269.16757454486,65046.39268474492,78292.1258559377,112416.95879899965,100006.3538558905,76929.76467964229,75692.84149323005,67099.6909856428,77718.33422402552,77583.44144623775,105889.93649362761,70350.52869922265,4
124072.29829696397,141345.30172888061,86032.53496081055,171157.4996897578,85576.31350473328,63207.22409572889,79529.74194642805,116201.7796876168,99106.00323748628,78346.35118798628,76395.51328367153,66070.75078138719,77364.48375755355,76593.7285535012,107422.48385220574,69925.77849933846,4
124296.82157001754,142151.26093045008,90563.59118981256,174835.72510906757,87662.51357346936,64507.156849760635,79260.17990829705,114176.57752949925,103881.22992291808,75616.66674812636,73340.78977594254,67667.8723296967,79830.14939190738,77959.21897402036,107472.39529757445,73664.06305599965,4
123489.99065041431,139513.59862251265,94932.39610581352,169194.5918434372,85996.5933557264,64258.62780316208,78490.89991937876,113670.26581409763,97072.12860252007,78583.88317631283,77551.4113964333,66120.39400582243,76213.27951112742,76742.54646808463,105829.1844521981,68060.6595350098,4
124597.25136724132,142948.05591679286,83298.64839299303,174559.92693423355,86607.2877177343,63370.63769944164,80032.14210655,116504.48936277501,103275.98938655728,76501.25938668959,73794.99957501884,67028.07599640799,79599.41233389525,77340.43328051965,108401.62436981492,73374.40679960333,4
123620.4801345444,139999.07851208193,97603.8318996229,171413.38246028216,87289.99940037722,65044.693952166315,78323.10537375277,112351.04350460095,100084.94258939536,76861.83772824261,75614.9009603144,67127.7424249342,77782.6625445679,77593.76795217609,105868.50117069497,70432.38078741799,4
124100.37208799984,141272.07741404502,86087.00616204813,170987.80524585312,85587.01999032736,63242.18222405699,79559.67093225372,116185.70878335343,99024.79934988015,78333.92361806914,76404.8786645983,66072.4942174547,77348.32344631237,76584.96666967472,107334.4403307963,69876.11292315875,4
124361.93220161584,142203.56401247552,90323.6228613404,174936.91145621677,87685.31235281377,64522.7807191349,79333.85125802175,114304.6306734837,103952.50963598605,75603.74743983119,73312.26895001758,67708.731318561,79919.0646313506,77983.71648594338,107516.38353066248,73756.1075396666,4
123557.22469773587,139584.54305941382,95042.41139202255,169479.77775094245,86061.52517336908,64328.544059818276,78541.07958568091,113789.62412948896,97131.38307707109,78573.4002081633,77553.1101290119,66181.10134376305,76295.15395106722,76793.06141055362,105871.40689747417,68135.35906497945,4
124623.78288790977,143014.17237689166,83205.41926686994,174722.80409607937,86608.45000844599,63375.08569658825,80054.42679577194,116556.68068607817,103247.2226914433,76542.83363137646,73844.86631689862,67046.60559256143,79623.03812778452,77353.509051026,108454.30743149608,73376.30669788203,4
123689.01058304436,140141.28031030658,97558.79313454547,171748.85979281185,87354.37242440849,65093.24194112325,78380.68346746963,112502.52127677457,100197.70714017238,76840.29064658769,75584.36847738845,67176.24571040222,77870.48254853279,77636.86211548593,105933.34358135982,70538.68568404742,4
124131.84334419291,141350.73320278327,86247.82696340406,171189.77560875125,85620.92758666606,63287.01982343433,79574.66895278322,116260.52007204534,98985.84025929455,78382.6504209817,76483.04271495852,66090.75559267469,77343.8530974213,76607.27371064112,107368.70555504627,69849.84962342377,4
124392.82231245308,142339.97670888624,90159.56105703845,175150.7952989096,87704.8477774677,64515.58345742029,79365.38956944819,114384.42640118915,104019.65427632979,75626.54621917561,73323.1542495673,67727.61854262573,79964.55043131716,78008.59397752213,107604.98584568333,73821.66520615402,4
123527.83215377716,139589.95218157198,95152.27021602038,169390.5272353324,86089.44250219375,64340.90457450206,78511.6870417222,113651.3785900329,97143.96710919942,78560.12327195684,77550.51732665507,66194.6241491585,76289.09662831982,76811.21102705134,105840.00269651446,68134.95673357925,4
124642.89362941905,143039.72042080408,83176.56316477814,174642.98601662947,86617.56952018375,63388.83201942826,80091.9106712235,116651.34032384638,103203.2568100997,76586.06190515302,73892.09555293269,67032.43458657677,79595.2325576821,77352.90555392571,108442.84098659051,73332.16200258279,4
123693.61504240216,140198.5454796011,97492.98959886904,171768.6410866548,87389.73288413679,65096.37118534699,78393.2004443646,112480.92949163074,100311.87985085009,76826.20904758085,75557.74754974217,67213.97545504278,77933.00037777428,77681.27503171861,105984.97611105158,70632.22773459289,4
124106.13883806931,141302.34167603753,86382.51857549175,170999.13758029195,85624.48151403446,63298.39686136209,79556.07230139642,116191.98962354538,98919.20970907327,78405.87388347076,76529.19906725873,66083.848903638,77300.8483410893,76614.80624852255,107322.4821475127,69791.77979132888,4
124393.20229210882,142342.36834554296,89992.25824979047,175013.4661809762,87705.02659142335,64500.11605025722,79387.16016854765,114411.2037910466,104049.44915168872,75617.09143127101,73305.74224063662,67725.69629260257,79972.08296919859,78007.05170715472,107608.98680794082,73849.98486637889,4
123551.27913371076,139600.3457427437,95326.85969196078,169418.44456415708,86141.0303283966,64390.637205915125,78526.93093144071,113709.31431166104,97188.58119113222,78556.47993761062,77564.06248379499,66224.97781812881,76312.38714604225,76843.71046348935,105854.19605424358,68175.86042593246,4
124669.35809485413,143093.54342145246,83177.36782757854,174749.53678244792,86622.06222081927,63396.61042649871,80114.21771218989,116765.04364789053,103183.2072953233,76651.79838559609,73976.9651266295,67038.0225226906,79591.07513321342,77369.3117343559,108517.65227528242,73333.74897643912,4
123729.48959225292,140294.30035284764,97467.82153461236,171966.63283903993,87434.01168990275,65116.10777570102,78420.55897957791,112563.40742867082,100409.53462237533,76808.46176248333,75530.16549708432,67240.90930711142,77977.56975621817,77710.57816869953,106048.76798972703,70717.27612224533,4
124121.20391383219,141335.64577527592,86568.99917948237,171090.04212499168,85640.6641770201,63329.95752453298,79555.93819092968,116221.80685064875,98871.4887346612,78458.06520677391,76598.95886170374,66087.58164496203,77276.8425675443,76631.30183593057,107355.36156360645,69754.78765425536,4
124447.2264584573,142480.27860883222,89859.75710865941,175277.2167655488,87718.19176890752,64501.30069271335,79430.9025324467,114538.67578967522,104125.40037934785,75656.43050151235,73324.0036158566,67748.62918241373,80027.4929437033,78039.43938487046,107727.96514367643,73925.24318995992,4
123542.27138069528,139603.92202185656,95460.72428950362,169365.69444724257,86157.72708150472,64403.86943863266,78499.90767239424,113572.90161525032,97192.31393245625,78539.71612926915,77548.37155918736,66234.45495777785,76306.55334073941,76858.26144912976,105835.10766447874,68171.01009738566,4
124658.36103658212,143046.64946158524,83137.60407419254,174487.61904092063,86587.12644423562,63379.3101762903,80110.17204644348,116704.42571692774,103102.20457341726,76683.78373191164,74003.94368218705,67010.52987701057,79544.8740774243,77343.09313810982,108472.5017514827,73259.11650170285,4
123761.38553159065,140323.2682136617,97433.33279291783,171953.9370481893,87459.55973381517,65138.34776143405,78453.84072707186,112608.80382165955,100502.13789965367,76790.49095994126,75482.77979883907,67268.98309814729,78043.06036747222,77730.69473870931,106073.80194351697,70792.28857663734,4
124135.7548994726,141315.17157735486,86776.84805117227,171060.20254614385,85650.40953760261,63365.38503949464,79561.70494099915,116247.44430153898,98815.2293938672,78506.99317538657,76661.58844966751,66095.27064505465,77263.11859644874,76633.87228654293,107356.34504036249,69708.72070893296,4
124476.17196752691,142545.94803404188,89755.66503473104,175393.11056054957,87718.34823111871,64495.46688741051,79469.74986431001,114640.73385485815,104170.59560663649,75686.87357746049,73336.38648228484,67763.51544422096,80068.77661571224,78041.04871047124,107807.82792661524,73971.48894923794,4
123555.3695029461,139640.17655136305,95685.69459744629,169534.94185625814,86186.67259057434,64444.05787516331,78504.93681489669,113613.78295585907,97221.61706943715,78552.3895683753,77569.3598472309,66265.1886064039,76334.49302130855,76873.86296675957,105884.16974355814,68198.77096399915,4
124658.94218193796,143075.2820462325,83221.93720602241,174590.3029549483,86564.59588582467,63378.281996045356,80119.67153783698,116785.69665976724,103027.66150565882,76746.90505825343,74080.1407790352,66997.6105687154,79512.4193444752,77319.15441979819,108528.22465040979,73206.7240126996,4
123768.73925551646,140393.4973947403,97490.46385174559,172148.0843005281,87476.5023561123,65142.05815101363,78461.4179684422,112648.72403725673,100571.40595572066,76792.54732043116,75478.10828424791,67291.22308388032,78080.90187083505,77735.29919806709,106162.82894168246,70857.80153963585,4
124115.37010852936,141289.10944332,87059.12823189834,171048.89256344945,85641.44648807604,63380.62892921316,79535.1734203307,116218.20821979144,98718.46869212016,78560.70441731268,76745.67571230838,66082.41839199286,77201.6736509411,76610.02297520913,107369.35375563547,69628.27678063832,4
124462.15742375344,142561.03546154924,89708.21228125242,175364.2991619467,87695.03536165183,64466.74489578544,79465.54773635241,114644.28778222654,104164.89591180038,75719.86475227651,73358.17943312877,67751.22198477054,80053.01863587125,78012.21496012389,107864.60135753172,73967.17506255806,4
123530.98374974534,139591.60621066167,95929.66388817596,169422.62434037024,86198.4966633912,64460.106427682214,78477.51122445002,113532.93669616422,97203.4003977061,78564.794786548,77583.79907414902,66265.1886064039,76306.6650994617,76860.83189974212,105878.02301383294,68172.28414681961,4
124694.14617945507,143087.93313359417,83343.75421330384,174626.04339433234,86560.34905437817,63395.55989450931,80153.19915451994,116930.69242604882,102950.27976635454,76836.11087037456,74172.4087801467,66983.57367319748,79470.9568585106,77297.58498639883,108574.7833341102,73148.25184920452,4
123805.53022688988,140482.72555860586,97531.769875499,172394.02054476985,87506.78896984924,65152.87639533,78484.52967220898,112708.4031949524,100668.12195397879,76827.50544875926,75502.73990663767,67337.98293328083,78149.45467107948,77767.28454438264,106303.39906256189,70956.39508442821,4
124132.73741397112,141306.29793480612,87311.6582407544,171162.97586714936,85647.8614387347,63402.55599052382,79528.95963537213,116220.59985644817,98647.65836568575,78634.04049087054,76844.40336756747,66094.26481655418,77178.56194717431,76614.64978631136,107421.65683766089,69582.00866961583,4
124458.87171731851,142570.8478773651,89574.9958842988,175287.49856799826,87675.1423090866,64426.89173542163,79467.4029311422,114580.65236576229,104152.93772851679,75733.94635128336,73364.10264540942,67743.17535676663,80049.17413582494,77992.6571837255,107893.88214276817,73966.8621381357,4
123545.37827317456,139562.81716380324,96114.22224214343,169338.470022496,86235.42174523136,64498.506724656436,78486.18370129868,113499.63259692582,97200.33820871571,78555.51881259904,77584.15670206031,66278.93492924391,76309.03438437395,76869.30321089068,105843.44486516058,68170.60776598546,4
124683.17147292751,143037.7087638031,83330.45492535293,174436.45589786244,86537.66203375603,63382.752344936416,80152.75211963084,116880.22218706874,102873.6356346173,76891.72201057935,74237.273542556,66972.37544922536,79445.14059366472,77287.05731476037,108585.80274412666,73095.05469740089,4
123845.60690469824,140515.9626026109,97495.33653203685,172431.63853068813,87545.23397031236,65179.47497123182,78527.64618726328,112779.03470743117,100745.95072817216,76809.06525958363,75461.99267649563,67365.60968942758,78201.66834612707,77786.35058240301,106325.08025468353,71025.6631404952,4
124120.80158243199,141242.95309101976,87493.28851619823,171022.60691197,85651.59418005875,63425.44417684605,79515.74975439903,116158.50671035133,98560.95594894362,78665.86937497489,76894.18070246944,66088.98980486272,77134.81958327527,76610.67117579833,107386.51989537715,69509.32079664717,4
124496.93673812589,142625.29672685824,89453.06711829509,175378.8501475871,87689.87210868266,64439.25225010541,79518.23079803358,114712.05827141504,104185.59362716599,75759.76261612924,73376.35140137094,67751.71372314855,80079.84072921763,78004.25773909781,107958.1881115661,74000.83678970776,4
123561.73975011586,139593.81903336276,96282.7767470809,169466.99255311402,86280.28169635317,64541.712646688546,78488.97766935559,113504.1923527947,97244.05822087028,78557.95515274467,77594.59496672094,66312.84252558262,76337.19758238764,76902.96493804037,105883.43213599113,68205.78941175812,4
124690.30167940876,143058.6076448688,83357.99227452186,174490.07773281072,86529.10131562964,63385.54631299333,80159.9717330899,116930.67007430436,102807.69798847413,76948.67425545148,74305.11108697785,66962.27246073156,79415.16690435016,77282.02817225792,108625.11946262354,73044.38329272071,4
123845.89747737617,140553.24531236236,97450.58833963732,172480.968830701,87569.57502002419,65186.02403235722,78539.3361496134,112775.07844866258,100808.35679869137,76775.89527081195,75419.01027190809,67375.9585471104,78226.07645107228,77794.03958249565,106350.49418812922,71076.28984168648,4
124105.4906374801,141208.0396661806,87700.64564951012,170967.3086961876,85659.5737528293,63451.61806960322,79500.43880944715,116117.71477672039,98491.33026496533,78705.99075627218,76956.07268286619,66084.78767690512,77099.41442005806,76613.57690257751,107389.6938430898,69457.97883963333,4
124546.71407302786,142698.18576552699,89360.17326833884,175510.50192242884,87707.1500071466,64451.14337815564,79576.72531327311,114876.52240711718,104203.16209830786,75782.18141581792,73385.0238782196,67751.35609523726,80095.5540055697,78001.77669546327,108018.91780125115,74031.30221740034,4
123590.99818360785,139655.82277248177,96465.65872021423,169685.72672435365,86321.90064452894,64580.224702385036,78499.1253613383,113535.84242294342,97287.42060511358,78575.56832737545,77622.60170252345,66354.97556388087,76378.16832997421,76939.28652278025,105967.02766025397,68265.04388630914,4
124725.75154611487,143124.2770700785,83395.78907439578,174651.25616207795,86529.34718481866,63394.71052822001,80188.49255901486,117028.90599118543,102742.76617083147,77015.1259917171,74383.29748908251,66959.63495488584,79394.0892093288,77278.20602395607,108692.26410296728,73015.50483888446,4
123838.16377379463,140582.70491155447,97359.66144319314,172443.61906571616,87583.09782541965,65168.455561215356,78529.41197507524,112662.4480083523,100859.87756966086,76744.0663867076,75377.97246908814,67387.3579367826,78247.80234668283,77796.72179183028,106376.04223204163,71126.67067368873,4
124138.1018326404,141192.39344506187,87899.88909958472,170913.37393681693,85689.70390435505,63501.75303241647,79525.7186324261,116175.82931230418,98418.3294675743,78733.77397463012,77009.89568351457,66082.50779897068,77064.76921615234,76610.29119614259,107350.24301412619,69396.24332144778,4
124589.71882935987,142768.9960919614,89202.86169086238,175612.02354574486,87715.39780085061,64447.70120950952,79619.70771786067,114963.82832095961,104245.2057296283,75813.51856154425,73407.576788375,67772.81376991437,80138.20113399043,78015.23244562537,108104.97201740408,74084.54407269288,4
123626.11277414713,139704.63898237218,96581.95484661519,169820.86537133044,86371.34270326409,64619.429662159644,78511.82115218892,113534.21074559817,97340.30483249485,78577.0435425095,77632.79409799507,66398.24854114634,76426.71631893114,76975.07166565319,106007.93135260718,68320.85619221404,4
124709.90415929606,143071.14697350824,83332.89126549856,174407.39863007053,86502.99447810584,63375.21980705498,80175.17091931951,116916.07438517504,102643.36796323872,77031.42041342502,74417.9203412438,66934.8468702849,79339.21567669102,77249.12640441972,108636.56355578465,72935.50794547891,4
123903.07323969285,140644.21691229547,97265.8064682253,172510.98722350446,87629.23182597541,65202.45256453187,78588.88996707082,112771.7703904832,100964.79665813407,76720.6641102629,75343.97546577161,67426.45113783493,78325.80993483185,77828.86360035701,106407.15586032342,71225.5100876701,4
124152.07167292497,141178.8706396664,88030.49034243707,170875.68889566528,85700.90212832716,63529.51389902996,79523.90814112523,116141.27351537628,98375.5705804313,78762.13833834391,77069.46308248796,66102.57966549155,77064.09866381869,76630.16189696336,107352.61229903845,69381.08883870707,4
124624.00640535432,142845.707278932,89000.57840354186,175706.54907304634,87719.7116875305,64438.53699428285,79656.74455842312,115020.892324554,104300.79451808865,75831.57877106415,73420.4290414368,67798.76414522697,80199.35550682015,78040.40050988203,108186.82410559943,74157.38840787273,4
123646.74343427939,139716.23953774446,96672.34530119244,169799.81002805353,86415.26388111876,64664.7142964261,78531.69185300969,113514.36239652186,97364.7799926734,78536.65394027876,77604.317975559,66415.43703263247,76443.23425808361,76994.8753112406,105965.23952069755,68344.72785529231,4
124752.10425282769,143119.53850025398,83335.57347483319,174487.01554382034,86514.43857126696,63403.18183936857,80222.5342658203,117035.72327324431,102611.58378262327,77094.60879500018,74492.61987121342,66945.26278320108,79352.55966813084,77271.50050061947,108684.93273078593,72930.97054135449,4
123985.64058371074,140819.76751324744,97207.60252566368,172926.8637808399,87691.05675113878,65246.70901855338,78661.10845340592,112965.02357304379,101106.93140112537,76732.04114819063,75341.5838291149,67491.07003105522,78442.48604088856,77895.11417092255,106540.32755378814,71371.80225513008,4
124149.59062929043,141221.11543668693,88187.08666409095,170963.1959752078,85713.84378836678,63548.87050972826,79505.60206241632,116069.3008982302,98330.57651884276,78802.28207138563,77130.93037974005,66119.63404651094,77057.19197478199,76656.51460367616,107374.33819464901,69354.4679110608,4
124633.01415836981,142886.38745384067,88831.80038115983,175620.91954003807,87711.7991699933,64424.63420923164,79680.10213137891,115025.34032170061,104294.51367789671,75831.08703268612,73401.20654120523,67784.7496014535,80192.89585267256,78033.69498654545,108167.06516350093,74152.76159677048,4
123622.73766073439,139692.45728164402,96772.86109600797,169633.96008419516,86435.33574763963,64680.36051754481,78506.18851258619,113378.55319721141,97399.64871402369,78524.94162618418,77590.86222539691,66438.682846866,76466.81534848397,77024.3796139216,105946.73227628855,68372.44401841689,4
124698.84004579068,143021.52610081746,83312.55117804423,174081.6890098678,86470.91972481248,63379.69015594604,80190.41480903802,116901.27753034563,102511.62678141914,77126.08005119325,74530.66254027636,66912.47277408514,79292.70169647953,77249.57343930882,108615.12823285202,72844.4916420569,4
123911.07516420784,140685.58999128224,97064.2160849829,172392.90295754708,87668.23562004992,65216.37770132753,78625.70329018871,112746.87054715998,101132.59120376006,76668.56219393757,75254.92611586167,67466.66192611003,78423.28589240144,77876.29400209118,106437.06249440461,71372.36104874147,4
124051.95820950964,140986.93621002868,88325.3992587804,170305.60765333267,85679.6679710946,63546.92590796065,79445.9005529762,115828.81847963555,98238.97907006492,78807.33356563254,77148.65531309311,66087.80516240658,76984.48175006888,76637.62737961143,107241.56883258448,69256.38845639092,4
124609.83539936965,142765.97860645995,88684.59179217718,175244.73968085524,87692.55431801728,64421.102633607705,79709.7181927822,115061.57249946267,104290.66917785039,75830.9976257083,73382.40872411833,67757.23460402901,80173.38277976308,78011.85733221262,108104.27911332597,74134.56727678386,4
123657.51697510685,139682.57781059478,96951.07155455013,169782.84505401197,86487.72823664287,64749.740332334084,78551.49549859708,113533.96487640917,97477.56689519488,78541.12428916983,77605.65908022632,66479.5418357303,76524.48284917866,77066.42324524204,105994.87793384529,68437.73346397084,4
124704.24916794887,143041.1062289603,83349.2750941843,174295.19287290488,86461.82256481917,63379.377231523664,80198.9308236755,116972.04315329113,102483.68710085,77208.20036032205,74623.93636988835,66925.1462131913,79297.08263839276,77262.15747143715,108711.86658285459,72832.95814191796,4
123957.56679267489,140792.74425420098,97023.87118624106,172780.45985465765,87710.88274847064,65234.66142829197,78669.35624710993,112877.02475512323,101234.04577184269,76665.63411541392,75234.67543538517,67502.35766200515,78488.59768969986,77902.44554310388,106523.34022800211,71462.617392852,4
124076.00868654356,141037.78642866452,88544.49105793131,170602.28235748797,85707.36178247473,63582.53223687795,79455.75767228099,115881.12156166096,98206.8819650271,78859.12255753548,77222.974863407,66111.69917722931,76983.40886633503,76655.66523738686,107297.31408325602,69238.57411606003,4
124617.32323376219,142821.34387747574,88540.73596486282,175366.2437637143,87683.948896402,64397.901522863096,79730.10298372543,115084.34892706263,104284.83537254756,75842.86640201407,73386.29792765355,67752.1384062932,80170.18648030597,77998.0663058837,108140.48893934357,74135.95308494009,4
123616.7250414759,139643.708126987,97025.9051949865,169694.01922154656,86496.95950710292,64739.95026826266,78514.6821754792,113348.69126661912,97498.89045940524,78517.54319876948,77584.2684607826,66495.90331267158,76531.25542774862,77078.67200120354,105986.94306456365,68451.27862111076,4
124717.2355314774,142989.6078097353,83375.91837357503,174137.4566122838,86454.155916471,63392.3635950522,80232.36903338064,117027.11785162901,102383.0148438233,77233.99427342346,74659.98973369476,66895.26193085455,79234.09542251771,77233.50253504545,108644.63253553302,72742.14300419606,4
123974.64352543873,140822.62853653773,96911.95600175334,172839.62492223084,87729.72526904647,65233.946172469405,78697.85472129044,112886.30072907219,101335.34387771416,76654.92762981984,75204.96996700406,67539.86388920115,78555.13883294331,77928.53002888322,106584.27108338727,71556.04768467518,4
124082.84832034688,140980.36479715884,88712.21854832394,170511.17664708814,85718.24708202448,63612.64003665925,79463.37961714025,115868.15754987688,98129.94726061192,78865.06812156059,77249.81930849783,66106.53592426014,76937.18545880145,76644.33290294802,107227.73310276665,69170.46835070472,4
124659.925658694,142897.4292156016,88375.15424193791,175566.80596671178,87683.77008244635,64383.26113024487,79772.79481563508,115183.97065209993,104349.36485879002,75886.34054497964,73421.74779435966,67790.0022614005,80238.20283868347,78022.63087304006,108253.38760058733,74211.7702021325,4
123631.18662013848,139653.47583931396,97101.67760868998,169748.93745767325,86524.04982138275,64763.6878208742,78515.24096909058,113286.32989958882,97536.10611392334,78488.46357923312,77556.306428469,66523.3065513738,76554.27772453758,77087.97032689695,105964.6583753417,68480.1123714581,4
124725.81860134825,142962.51749545545,83348.38102440609,174035.64441628987,86430.12779118154,63392.02831888537,80245.690673076,117014.35500554503,102312.4503865779,77264.75027379398,74698.45708590235,66885.20364584967,79204.05467796978,77211.30725280133,108608.19919207087,72683.15675057849,4
124002.15852286322,140857.9442927771,96769.95536922877,172869.88918422334,87745.2597314429,65238.10359693809,78730.73413738419,112890.36874656305,101435.07736147373,76624.59631259397,75155.28203907992,67571.8939390056,78623.31165353199,77945.31618896917,106604.45470863041,71637.8550693816,4
124058.14964272376,140901.73136016505,88807.14640702563,170311.82143829126,85708.00998306394,63623.21241178661,79439.37384359525,115723.05002487302,98080.32638792114,78875.12640656548,77268.95240175157,66109.21813359477,76917.91825508098,76642.88003955843,107170.17736079423,69121.1156989474,4
124678.61171705864,142873.93753217906,88158.34232072144,175402.83356938764,87673.51063174137,64377.628490642135,79814.7937434666,115205.36127154366,104355.10925711505,75874.94115530743,73387.5719770875,67780.25690081799,80246.80826029877,78008.61632926659,108212.05922508947,74210.25028350954,4
123666.07769323322,139655.12986840366,97161.82615301921,169778.73233303218,86571.8825545171,64811.65466447529,78549.3944346183,113308.3910713662,97609.57629794792,78470.71629413561,77529.41727988927,66566.60188038372,76612.99575722168,77125.78947851533,105965.0607067419,68537.55635470824,4
124757.78159591932,142977.47081249606,83324.55406481672,174091.83670185052,86433.77112552775,63408.07687140428,80278.97242056995,117080.00207901027,102276.6875954494,77319.93673085413,74754.96229588536,66898.90526520077,79214.22472169694,77226.03705239738,108633.00962841626,72661.22968926784,4
124044.49272686157,140934.76723847,96621.62919302336,173030.50881987918,87781.20133652704,65253.86157677908,78771.95075415978,112944.03528500025,101536.12959815617,76598.93650995928,75098.55331165234,67608.43904119004,78695.30662242253,77973.85936663859,106640.08338929218,71723.21638145643,4
124094.76180014155,140928.17347385568,88953.32681576334,170426.3741286247,85738.56481773434,63669.77109548701,79457.0540734594,115745.53587979506,98057.63936729901,78908.25169184824,77303.50819867948,66135.81670949659,76926.32251099616,76668.6963044043,107170.78085789453,69102.04966092702,4
124702.86335979264,142934.35429744178,87938.57996923686,175456.67892178046,87668.23562004992,64365.64795561409,79844.72272929225,115214.97252165944,104388.48041158682,75892.77784738276,73376.84313974895,67793.84676144681,80276.91606008007,78017.2664543708,108242.94933592669,74242.68266471419,4
123651.4820041039,139616.5954609627,97176.95828401546,169606.0427553705,86591.90971754906,64827.12207163836,78538.33032111291,113154.85693870271,97639.95231866269,78423.06237495689,77467.4805960036,66581.80106661333,76621.40001313687,77137.59119958772,105882.11338306825,68547.18995656847,4
124731.58535141771,142881.35831133823,83243.9983777998,173739.81907842387,86405.63027925853,63396.49866777643,80276.53608042432,116961.96251654178,102196.31072238812,77336.09704209531,74764.68530472342,66879.90628241377,79168.82832870822,77208.46858125551,108542.64152558346,72583.71383949684,4
124036.26728490202,140877.18914475312,96419.68118186966,172763.91956376072,87790.38790349817,65246.53020459774,78791.08384741352,112834.55644065815,101616.484119473,76549.24858203514,75017.57294149077,67629.60614318922,78740.6359601779,77989.61734647959,106587.1097549331,71779.67688795053,4
124101.51202696706,140829.62463255224,89064.70555838413,170175.18522443596,85762.45883255707,63719.32491294443,79479.91990803718,115720.43487077176,98009.33724753109,78906.91058718093,77310.5489981829,66145.62912531247,76909.11166776558,76680.07334233205,107063.11250485331,69046.28205851103,4
124727.91966532703,142942.26681497894,87734.08385921524,175437.09879363762,87670.56020147327,64366.3408596922,79886.63225014595,115281.55836839181,104427.55126089469,75909.38519351307,73371.76929375759,67817.71842452508,80319.16085710059,78040.17699243748,108258.17087390076,74270.19766213867,4
123672.55969912527,139631.7499437034,97233.9552323765,169714.94045435675,86637.66373844908,64870.95384251521,78551.58490557491,113166.16692139709,97702.26898220408,78395.61443276578,77436.74694737756,66622.9282764111,76668.45043521529,77177.24319425145,105886.42726974814,68592.67575653503,4
124749.95848535998,142902.36895112623,83261.18686928593,173827.70613762215,86404.55739552468,63416.50347906393,80290.84119687571,117025.86615393951,102146.9133671419,77384.6673827967,74823.53744787425,66885.04718363848,79150.45519476595,77220.62793023919,108548.81060705312,72545.67117043391,4
124107.05525959197,141023.32485000193,96346.43451528961,173169.20139422434,87837.41597383213,65286.42806845046,78846.85144982951,113042.29355362577,101724.5548039144,76541.7160441537,74995.89174936913,67666.73239072948,78807.49002784373,78029.69402428795,106669.16300882853,71880.72912463297,4
124094.76180014155,140887.73916813603,89235.04820287802,170415.39942209714,85774.17114665164,63738.3462474759,79443.3524541083,115684.69443138772,97987.38783447599,78939.41002361894,77379.34766761633,66167.0197447562,76904.70837410788,76712.12574388096,107129.76540681905,69047.10907305588,4
124759.23445930892,143059.2111419691,87598.65463956054,175686.94659315905,87667.16273631607,64359.30006018878,79914.77309641519,115399.91085528265,104443.66686864696,75925.50080126534,73388.66721256581,67816.1090989243,80326.5145810264,78047.03897798527,108312.77618560508,74304.66405208874,4
123678.92994629503,139697.3746654242,97287.33119813577,169864.63008697392,86663.50235503941,64889.774011346584,78545.10289968287,113121.95517086449,97760.36116604343,78366.49010974051,77421.23483672558,66647.67165752313,76698.46882801877,77208.8262091668,105908.22022059206,68649.27037349586,4
124762.40840702158,142925.2794891929,83239.43862193092,173815.14445723826,86393.69444771939,63421.823194244294,80305.45923774948,117046.45211058285,102088.70942458027,77410.64010985376,74870.00672459682,66877.93932890169,79123.9236740975,77222.41606979562,108527.41998760939,72501.48177164576,4
124119.75105044259,141081.41703384128,96141.75959131237,173175.7728070942,87848.61419780424,65278.22497823537,78876.02047634369,113008.85534392064,101833.02781975601,76500.4547238892,74930.60230381516,67697.84601901127,78872.64536293094,78061.8805363036,106677.65667172155,71968.14679719768,4
124102.7413729121,140866.21443822558,89321.61650915343,170321.14211572913,85782.46364384457,63770.309242046984,79449.78975651143,115632.48075634013,97971.49574416826,78937.24190440678,77383.90742348522,66185.90696882093,76906.54121715322,76739.26076164971,107070.73444971257,69027.32777921292,4
124780.58037526374,143069.023557785,87357.41226165442,175556.32299856222,87655.00338733237,64354.11445547515,79954.44744282335,115421.45793693757,104456.69793566442,75909.07226909068,73349.6634184913,67815.57265705738,80340.97615968897,78051.71049257643,108271.09018219593,74314.96820628265,4
123741.09014762523,139777.1480413852,97360.62256820472,170068.7015138509,86725.05905926932,64960.22670986971,78586.61008913637,113233.13274778519,97872.99160635372,78352.52026945594,77394.70331605713,66711.44118445412,76791.25091925275,77280.1953292126,105949.1015612008,68751.79782531236,4
124748.81854639275,142930.46509390653,83243.37252895505,173792.79271278295,86370.24746778578,63419.655075032126,80270.61286814367,116977.38522021595,102033.0312291421,77454.80715689746,74921.39338509958,66880.42037253623,79110.17735125749,77236.8776484582,108546.41897039641,72454.72192224525,4
124138.21359136267,141125.78524658506,96076.35838703613,173223.382022784,87870.56361085936,65297.53688544475,78880.96021186831,113046.07099843872,101902.80996594549,76463.86491821587,74875.1252740771,67711.50293487345,78907.53643602568,78073.79401609827,106682.685814224,72008.15641977268,4
124113.51491373956,140858.9501212776,89626.6060622461,170387.32563106128,85809.30808893539,63824.95925724021,79434.21059062608,115673.2503382266,97920.08673192105,78975.86571882555,77452.14729930727,66201.53083819519,76886.11172272108,76748.5143838542,107084.9725109306,68965.70401974965,4
124809.21295991099,143140.25856736404,87369.41514842691,175757.48869866,87654.91398035455,64353.086275230206,79968.9760767193,115536.14473773775,104467.20325555842,75967.27621165231,73412.49417215517,67833.02936947696,80357.29293314135,78051.50932687633,108379.29497710407,74310.43080215821,4
123708.36719374267,139744.91682588065,97600.41208272125,170050.0825107196,86738.0230710534,64964.98763143869,78541.95130371467,113114.64615042761,97869.08005107404,78350.26274326596,77411.31066218742,66728.16028930667,76772.96719228831,77269.77941629641,105953.9071862587,68718.73959526296,4
124757.6027819637,142902.43600635958,83480.01044750339,173798.0230209855,86363.20666828235,63434.45192986154,80284.71681889497,117089.7921430817,101913.65056200631,77531.31717816797,75021.37273804817,66861.17552056021,79040.21639111238,77200.39960150715,108560.36645893652,72343.05260694654,4
124158.44192009473,141210.8336342375,96168.73814686992,173503.1588081311,87892.4459686811,65291.345452230635,78894.88534866397,113136.5061565049,101973.88851331336,76510.26713970509,74914.46434431843,67749.72441789204,78957.24671569427,78088.4791122054,106835.48233932047,72072.44003682614,4
124071.40422718576,140822.60618479326,89985.93270610961,170384.73282870447,85805.88827203373,63824.62398107338,79378.17476727662,115583.57513947191,97820.21913769474,79035.32135907667,77534.66993983627,66188.05273628864,76813.9826433638,76725.9614736988,107102.65274079476,68869.52446335847,4
124765.80587217878,143126.24402359058,87414.92330013792,175690.83579669427,87619.84409330417,64305.83468745169,79935.40375654743,115508.58503682436,104406.31710366215,76028.0953083152,73457.86821339944,67798.63003476025,80300.94418536952,78009.71156474491,108431.6427626184,74249.16467060622,4
123646.2293441569,139675.3134936468,97869.01299584068,169905.95846247178,86738.0230710534,64951.10719813195,78479.54523319546,112987.73294541037,97838.32405070354,78358.01879859195,77412.83058081038,66707.52962917443,76720.03826141814,77238.9340089481,105956.67880257116,68666.86119638219,4
124695.97902250041,142801.3167144438,83712.49094158303,173581.8816521027,86315.53039735918,63402.9136184351,80236.68292006051,117022.53574401567,101776.09792662835,77621.14883913385,75118.53577119538,66815.24268570455,78936.63840730648,77149.16940321558,108576.03503179968,72211.0879076824,4
124116.17477132974,141145.25361600562,96206.1102635992,173344.50612598733,87871.50238412648,65253.727466312346,78876.4675112328,113074.05538249676,101976.54837090355,76518.1126020089,74902.75203022386,67726.1880309806,78923.16030539994,78048.78241405278,106859.30929890982,72058.78312096396,4
124003.1196478748,140651.97296762146,90272.77264270457,170046.97561824034,85776.51807981946,63808.46366983219,79332.68896731007,115421.72615787103,97697.64217110183,79067.35140888112,77590.23637655216,66151.55233759312,76713.62331075947,76678.55342370909,107051.17667331418,68754.39062766917,4
124766.92345940156,143061.69218560366,87340.112011446,175554.44545202798,87590.0268662008,64273.96109985842,79974.65341981094,115568.64417417577,104363.9828996638,76067.70259949,73493.27337661665,67772.23262455853,80262.52153665085,77972.33944801563,108444.60677440248,74225.00243485003,4
123647.21282091294,139623.4574465105,97942.50553160973,169878.08583713602,86753.69164391657,64948.782616708595,78491.25754729004,112923.33756963463,97878.98187386774,78351.89442061119,77410.39424066475,66731.73656841952,76743.12761344048,77251.40628235416,105981.01985228299,68721.57826680878,4
124687.79828402976,142696.82230911523,83679.499766767,173354.05032086975,86283.12036789898,63373.83399889875,80242.06969047424,116934.69338830632,101671.35765211078,77651.59191508197,75164.35684732877,66791.68394704866,78876.82513914409,77120.80503950179,108519.35100786103,72147.60895342934,4
124159.2018794062,141122.23131921666,95961.93980716942,173254.76387199925,87884.15347148819,65236.13664342602,78931.29634038167,113067.2828039268,102048.11865664944,76467.10592116188,74823.06806124069,67743.57768816683,78970.41189317846,78054.90679203354,106826.49693804943,72140.7246161371,4
124073.48293942011,140625.01676380835,90323.60050959594,170080.21266224535,85810.33626918033,63847.46746390671,79386.0872848138,115456.21489956557,97688.32149366397,79067.4631676034,77594.77378067658,66190.48907643427,76750.83896527755,76711.23167410275,107022.1641090112,68774.86482559024,4
124818.9136170046,143074.8797148323,86997.2362515016,175555.3842252951,87578.51571780631,64237.12542499608,80020.00510931076,115522.62193234228,104400.8409262706,76068.61902101267,73465.33369604751,67811.86226747779,80335.5670375308,77995.89818667152,108478.35790853,74290.87302575982,4
123761.65375252411,139665.74694701994,97876.34436802202,170015.97374868082,86825.73131629602,65015.055539018584,78588.1523595038,113031.31884709823,97956.65418584994,78281.66523953262,77315.86871336326,66787.10183943533,76824.42090802442,77287.3925909272,105921.51950854296,68796.88129387872,4
124797.12066616067,142796.62284810818,83600.15107395066,173671.93683051312,86315.73156305928,63421.219697144,80327.87803743816,117092.47435241632,101681.95237898259,77705.07963956353,75215.07295549786,66857.84511063636,78958.85604129506,77173.10812152721,108598.85616288855,72189.00438416057,4
124259.56121201054,141308.73427495174,95717.05409491708,173716.37209849028,87939.07170761487,65268.546672886216,79009.57214946415,113197.68288107908,102196.55659157713,76446.63172324082,74775.68236299543,67825.42977636216,79107.96452855642,78115.90470265207,106932.08657885631,72287.7096876752,4
124100.3944397443,140683.1089476477,90409.25239434867,170218.8381813572,85846.6131504313,63895.92604588581,79389.93178486012,115409.56680888735,97669.88130448834,79061.62936230056,77607.60368199393,66226.18481232939,76762.5736311166,76736.57855231507,106999.67825408916,68762.70547660656,4
124903.47026627902,143235.90168188832,86849.22299971855,175854.1152899403,87614.50202637936,64283.10296334064,80101.23134866136,115751.10146416444,104435.73199936534,76091.08252419025,73479.88468168792,67835.53276485596,80373.721465316,78017.57937879318,108526.92824923138,74322.3442819529,4
123788.45349412604,139806.51823359946,97942.55023509864,170338.62117989318,86878.79435763293,65057.99324011723,78591.57217640546,113038.24788787936,98066.37889938103,78284.30274537834,77329.03389084744,66856.79457864698,76905.82596133066,77351.22917309156,106023.6222772148,68889.93160604616,4
124786.19066312203,142820.82978735326,83643.17818202713,173615.45397227455,86307.05908621062,63431.121519937704,80317.707993711,117066.09929395907,101588.85736332624,77738.29433182412,75271.04172361395,66842.95884882913,78891.97962188478,77160.16646148759,108559.11476124702,72098.47981911658,4
124276.8391104745,141385.4231101779,95605.54124182955,173740.78020343545,87962.33987359285,65275.22984447835,79035.23195209885,113223.20857324703,102284.98009264232,76436.93106614723,74748.5920487156,67851.84953830834,79140.10633708314,78143.03972042081,106961.23325362602,72349.60166807195,4
124095.56646294195,140666.4121945396,90608.16056825646,170102.69851716742,85870.26129606501,63933.924011459836,79381.81810162283,115364.01395368743,97639.3935250513,79083.89169977805,77651.39074938187,66239.8864316805,76726.38615684345,76757.1198054695,106960.33918384781,68711.7658509929,4
124901.10098136676,143251.302033818,86732.05515528383,175728.6325965682,87604.46609311893,64271.12242831259,80116.56464535769,115762.81377825902,104436.35784821009,76120.74328908244,73506.12562967846,67835.77863404497,80352.80023250583,78020.68627127245,108535.51131910221,74299.90313051977,4
123790.35339240474,139822.16445471818,98039.89208220149,170304.78063878784,86917.61933775179,65087.22932186477,78588.68880137072,113003.6250357181,98140.74315318384,78267.24836435895,77313.16415228417,66892.22209360864,76925.6072551736,77384.8685484968,106031.02070462951,68917.13367904826,4
124765.35883728968,142784.61996133567,83743.44810765363,173446.20656325895,86297.60429830603,63434.31781939481,80298.61960394616,117022.49104052676,101513.5096327674,77783.24368992374,75339.95215176966,66832.31941846841,78833.59686536752,77153.81856606228,108541.21101393831,72001.40619294718,4
124301.5377880976,141446.71159347435,95540.85529337589,173809.55652112444,87993.274687919,65286.42806845046,79062.07639718967,113302.2890451299,102375.03527105275,76428.07977534292,74731.02357757374,67880.28095725548,79180.56299454725,78163.6480288086,107015.39153044124,72394.99806106067,4
124081.95425056867,140649.8048484093,90838.83057103521,170080.63734539002,85888.9250026852,63960.679049572835,79357.2758862109,115323.0208543564,97603.5860304339,79105.21526398842,77702.59859592898,66255.06326616566,76698.49117976322,76768.38508467497,106967.58114905133,68659.48512071194,4
124899.87163542172,143271.53036255008,86619.55882544027,175705.1632648901,87585.48946207637,64243.9650587994,80122.68902333845,115784.56202561404,104426.25485971628,76150.40405397463,73538.42390041637,67832.20235493212,80339.47859281047,78016.03710842575,108573.75515386525,74288.8837205033,4
123791.38157264967,139810.78741679044,98104.84625158862,170246.68845494848,86945.20139040964,65103.09906042804,78590.49929267161,112957.98277354035,98182.33974961517,78227.48461097296,77285.82796881533,66908.98590195012,76930.16701104249,77402.1687987052,106003.12572754928,68948.64963873025,4
124776.1994333505,142755.71915575495,83787.25752678604,173342.33800677516,86289.02122843519,63443.303220665846,80317.43977277754,117057.49387234377,101439.30184117578,77826.9189985894,75407.83439968043,66822.48465090808,78789.00513517918,77156.52312714138,108516.66879852639,71952.6346865457,4
124318.68157609482,141485.6483323155,95346.97626197056,173820.06184101844,88002.5730136124,65270.848902565114,79090.664278348,113299.27155962844,102466.1856849415,76405.12453378733,74694.65728934495,67902.11861158832,79232.59785563921,78192.07944775575,107047.15335931223,72488.54011160614,4
124054.46160488864,140580.179164431,90950.5669415673,169894.67083152186,85890.8696044528,63967.27281418715,79329.4256126196,115177.13101829661,97573.85821030835,79098.06270576271,77718.33422402552,66258.66189702296,76678.24049928672,76785.55122441665,106909.69013091209,68635.14407100012,4
124871.84254787477,143194.8415273239,86401.22698560084,175357.01249325427,87556.29808381773,64212.002064228305,80126.64528210704,115706.08505083145,104388.01102495326,76129.70633860903,73505.20920815578,67794.49496203601,80300.18422605805,77986.26458481129,108484.21406557728,74240.98393213558,4
123757.25045886642,139740.08884907828,98105.98619055584,170036.24678090177,86968.6260185988,65114.341987889056,78569.39924590579,112827.94032429939,98267.52224773435,78188.14554073162,77234.0836804013,66936.61265809687,76976.30101159823,77431.024900797,105972.99557602353,69000.77390680002,4
124727.71849962695,142619.84290121114,83823.3332423369,172986.38647632438,86268.16705085839,63444.93489801108,80295.5574149558,116976.51350218219,101334.67332538049,77838.78777489517,75426.07342315596,66785.67132779019,78713.76916334261,77125.72242328196,108407.52523035112,71837.4561473675,4
124276.86146221895,141419.86714838352,95197.77836773139,173625.6240160017,88003.15415896823,65257.840187292124,79084.29403117824,113239.70416065505,102529.46347349447,76373.20624270514,74631.0218728807,67906.23133256809,79251.03804481484,78188.88314829864,107024.82396660137,72523.09590853404,4
124020.1740288942,140477.96463703687,91164.09315634886,169743.0142453926,85910.04740119546,64010.34462575253,79310.60544378823,115141.30117193476,97525.39962832924,79113.88774083708,77737.78024170164,66258.30426911167,76635.77218482163,76782.44433193735,106842.34432486825,68577.07423890522,4
124875.24001303197,143210.21952750918,86323.46526664082,175477.57780284618,87553.57117099418,64213.72314855137,80148.34882597314,115814.15573527286,104397.08583320212,76196.02396440793,73551.47731917827,67802.98862492903,80309.54960698482,77994.9594134044,108551.98455476578,74259.08884514438,4
123779.19987192153,139775.27049485093,98231.91591881705,170271.90122269408,87020.75028666858,65162.778218123705,78591.86274908338,112924.0528254572,98313.72330352347,78186.29034594183,77213.22950282448,66956.43865542873,76983.25240412384,77447.07345331591,105982.38330869477,69040.67177065274,4
124742.7388719009,142682.36073045264,83957.24254336864,173313.83953259463,86275.40901606191,63464.91735755413,80298.19492080151,117064.7805410362,101295.44601386142,77948.13250877053,75539.10619486644,66804.33503441037,78704.09085799348,77148.65531309311,108514.03129268067,71826.61555130668,4
124292.91001473785,141484.41898637047,95098.98365723893,173805.46615188912,88019.69444986516,65249.23476567683,79099.71673485241,113259.10547484226,102565.42743032306,76361.82920477739,74594.32030848507,67900.17400982071,79242.49967843291,78179.56247086078,107032.4682632051,72553.69544669335,4
124020.91163646123,140468.57690436565,91381.91090606582,169825.49218243267,85931.37096540582,64037.21142258781,79297.2167488595,115098.13995339155,97492.6096192133,79150.52224999933,77784.13775970195,66269.48014133933,76613.88982699989,76795.36364023252,106838.9692114555,68557.96349739593,4
124904.81137094634,143245.7588011931,86225.0505358041,175560.05573988627,87546.39626102404,64204.49187809133,80183.53047174579,115893.37031762247,104368.02856541022,76233.50783985948,73576.42186599039,67792.39389805721,80292.31641200976,77981.54836673122,108570.87177883051,74251.15397586275,4
123780.3174591443,139794.49299508252,98260.61555869765,170350.5570114323,87041.98444390112,65162.44294195688,78581.8044640785,112824.49815565326,98381.40438573413,78175.47210162546,77191.54831070284,66990.50271397863,77028.42527966801,77474.45434027366,106017.00616085604,69110.99035870914,4
124750.47257548245,142622.52511054577,84012.33959345098,173136.1655159194,86264.83664093455,63476.89789258217,80313.63997622013,117053.71642753083,101171.81851527913,77964.29282001172,75565.50360506817,66768.95222293762,78629.25721755711,77114.54655105431,108416.82355604453,71724.19985821247,4
124389.84953044052,141629.41475265202,94973.92564701148,174176.2145371693,88069.67295046723,65290.83136210816,79188.5872708067,113498.9396928477,102700.3425598553,76386.97491728961,74591.19106426134,67957.01449597055,79354.41486292063,78236.82764015527,107157.74979087709,72691.62806172705,4
124063.82698581541,140549.69138499396,91543.67048068887,170093.98133682983,85973.57105893745,64088.329862157094,79312.23712113347,115140.45180564545,97491.67084594618,79180.3394771027,77826.98605382277,66303.0971650001,76636.12981273292,76838.81543145364,106877.03423226289,68569.2287766014,4
124948.240810423,143368.20165731927,86057.94889425623,175783.37201873923,87552.65474947152,64204.22365715786,80221.14845766408,115983.98428964429,104381.08198417211,76270.9470118221,73609.30128208414,67805.89435170822,80322.84889493573,78007.34227983264,108637.23410811831,74274.46684532963,4
123847.68561693259,139919.55100530994,98302.41332082907,170601.4553429431,87110.29137495653,65224.781957242725,78631.64885421382,112936.18982269644,98455.81334302585,78141.45274656448,77149.32586542677,67024.67853125079,77076.99562036939,77519.87308500685,106014.50276547704,69172.16708328332,4
124809.59293956673,142757.46259182246,84087.35204784299,173452.21918251744,86289.93764995786,63514.873506411735,80343.50190681242,117186.46343785089,101157.96043371683,78046.90486751853,75667.13698710645,66804.20092394363,78661.04139817256,77170.5153191704,108514.92536245887,71737.27562871881,4
124434.93299900688,141792.69424589805,94813.14954914447,174442.08853746517,88100.92068921575,65291.054879552714,79216.63871009812,113549.63344927234,102794.3092935454,76377.16250147374,74569.71103783978,67994.87835107784,79419.01140439647,78277.44075983057,107234.17040516977,72786.77943787331,4
124093.19717802969,140607.91767930004,91736.2084074269,170157.72851201636,86012.91012917878,64137.146072047486,79314.36053685672,115149.07957900519,97458.23263624104,79179.84773872468,77845.82857439859,66317.04465354022,76615.99089097869,76857.85911772956,106840.62324054519,68543.16664256652,4
125001.46031397108,143485.03422558718,85969.92772459122,175923.45040124064,87562.28835133176,64212.89613400652,80256.0395307588,116096.3018055322,104388.63687379801,76316.79043969995,73649.57912559262,67820.758261771,80341.60200853372,78029.0234719543,108709.18437351995,74299.18787469719,4
123900.92747222513,140046.88889347183,98396.6706271971,170834.829906801,87167.93652390677,65268.59137637513,78652.30186609052,112984.58134944217,98549.55655927141,78139.97753143043,77138.2617519214,67077.40629642086,77138.9546559995,77571.19269027624,106083.74846979958,69262.1999099493,4
124819.71827980499,142788.8444410377,84191.62293572699,173412.45542913146,86283.47799581027,63524.35064606079,80334.04711890782,117154.12046362406,101074.76724085418,78099.61028094415,75724.64802558995,66798.65769131872,78614.34860400541,77169.62124939219,108516.08765317056,71669.99687790834,4
124454.1778509829,141839.6329092542,94688.60562903949,174363.43274872695,88107.31328812997,65282.69532712643,79232.06141377227,113522.02904487003,102848.42286687171,76359.05758846493,74519.0843366485,68000.98037731415,79439.82087848436,78282.49225407747,107246.48621636466,72827.28079882632,4
124107.25642529207,140592.76319655933,91930.48977023242,170049.4790136193,86036.69238527922,64168.68438347393,79309.0184699319,115092.84258995565,97439.56892962086,79204.79228553681,77872.60596425604,66335.08251131565,76612.2805013991,76878.53448135073,106827.05573166082,68523.43005221248,4
125001.03563082643,143458.1003735185,85825.5578071544,175673.84847090824,87542.50705748881,64184.5988255261,80266.96953379746,116039.75189206027,104355.5339402597,76339.43275683318,73651.00963723774,67807.92836045365,80323.74296471394,78011.34324209014,108690.47596341086,74268.25306037105,4
123873.70304747857,139954.1738574712,98374.81062111982,170464.99794304348,87182.08517814698,65262.26583269428,78635.1580780933,112798.9277599964,98591.80135629194,78095.02817333081,77078.13555933662,67090.57147390503,77154.5114701404,77574.94778334473,106011.41822474221,69281.15418924739,4
124788.64935501211,142631.4658083279,84197.61320324102,172914.25739696712,86267.45179503583,63519.276800069434,80324.16764785859,117029.15186037445,100980.80050716407,78115.74824044088,75751.1795462584,66777.42353408618,78564.23599293662,77147.94005727053,108407.92756175132,71579.56171984217,4
124469.28763023468,141776.75745210142,94478.47687941515,174078.55976564405,88127.74278256211,65281.421277692476,79274.82030091528,113517.73750993461,102913.19822230318,76320.70199497962,74452.63260038289,68010.41281347428,79481.52923363796,78286.98495471299,107199.77107045306,72874.3982761381,4
124131.17279185925,140523.24927130333,92058.90054212816,169927.4608406378,86078.42309217728,64218.84169803163,79330.11851669771,115088.0146131533,97450.4542291706,79214.58234960823,77891.26967087624,66369.50419777683,76643.50588840318,76915.1019352796,106805.66511221709,68532.68367441699,4
125062.8158525009,143482.128498808,85671.33077041278,175733.57233209282,87555.26990357279,64197.27226463226,80326.42517404856,116176.63397510457,104363.22294035232,76366.45601587964,73668.95808803536,67820.9594274711,80350.87798248268,78025.64835854154,108719.33206550266,74282.64758380027,4
123942.30055121191,140034.9977654216,98378.11867929921,170738.13626028734,87244.64771087738,65305.00236809282,78673.9160029788,112877.15886558997,98702.53189832353,78075.73861786588,77049.16769852253,67147.54607052161,77242.37617759421,77627.78730723707,106075.72419354013,69386.11798120952,4
124792.49385505842,142607.2588690828,84216.18750288337,172856.54519278352,86261.19330658833,63519.05328262488,80308.87905465116,116940.92952500934,100903.6646370488,78145.65487452208,75793.4913985123,66777.02120268598,78535.3351873559,77146.93422877006,108386.89457021888,71523.66000695944,4
124520.2943110817,141844.01385116743,94292.77858648046,174176.348647636,88155.81657359799,65289.244388251835,79316.41689734661,113577.88605426384,102999.2077349672,76301.52419823698,74405.93980621574,68039.62654347737,79546.57281000291,78310.4319346466,107228.38130335585,72956.67504747809,4
124121.67330046574,140470.32034043316,92178.28120926395,169784.25321391266,86097.98086857569,64244.97088729989,79309.53256005437,114972.03141117471,97414.26675489746,79198.8914250006,77884.65355451746,66378.33313683666,76628.28435042911,76919.9522638264,106730.49619561389,68502.53117114678,4
125037.1113463773,143444.77873382316,85477.2729250518,175524.6282249246,87527.73255440386,64163.05174387118,80314.98108088745,116080.61088092458,104351.44357102437,76390.48414116909,73676.96001255036,67821.11588968229,80358.14229943065,78025.84952424164,108708.78204211975,74281.10531343285,4
123954.7057693846,140007.61687846386,98368.79800186135,170609.59137792487,87284.29970554111,65336.45127254144,78694.27844217759,112863.68076368341,98762.70279439722,78022.42970733998,76978.4691308104,67166.41094284189,77274.11565472075,77649.22263016971,105996.15198327924,69425.85938285105,4
124822.57930309526,142606.09657837113,84296.72083815586,172888.53053909907,86278.09122539655,63555.10664643129,80337.35517708721,117041.91470645842,100866.02429938607,78201.89186357164,75863.76528307979,66791.72865053757,78540.76666125855,77176.84086285126,108387.54277080808,71499.49777120326,4
124538.35452060158,141908.4539304321,94100.17360450908,174302.43483810843,88173.65326567332,65280.661318381,79340.33326391378,113615.92872332678,103096.41547160334,76293.52227372197,74381.86697743738,68067.85679672442,79614.9914997806,78345.88180135272,107277.75630685763,73045.27736249893,4
124126.59068424591,140471.84025905613,92328.46258025916,169854.81767115806,86133.45308702625,64277.179751059986,79299.69779249404,114956.16167261144,97419.74293228901,79207.04981172679,77914.11315370955,66399.79081151377,76638.45439415627,76955.64799972154,106714.22412565043,68505.5710083927,4
125054.67981751918,143478.0604813171,85345.41998450995,175573.198565626,87529.2077695379,64159.45311301388,80339.59035153275,116160.7195330524,104336.1773295614,76411.60653967936,73694.30496624768,67809.13535465424,80352.15203191663,78028.88936148756,108712.02304506577,74269.79533073847,4
123945.92153381367,140031.2426723531,98370.22851350647,170668.5329280535,87321.5600635481,65352.008086682334,78681.2250234157,112804.4262891324,98853.3391181635,77998.53569251725,76944.47212749388,67197.4128124014,77326.59755070182,77685.4324561873,106015.12861432179,69499.21780815338,4
124768.44337802452,142501.5351178092,84355.8635539846,172594.7839134674,86257.70643445331,63549.92104171766,80292.36111549869,116917.48254507573,100751.53866428598,78217.42632596807,75885.87115834608,66751.56256575139,78459.54042190796,77146.04015899183,108289.1056882269,71391.58354897304,4
124549.46333759587,141935.2983755229,93975.76379487083,174328.42991690992,88191.69112344875,65288.23855975134,79362.30502871335,113695.07625044302,103177.44054525382,76290.46008473159,74342.75142464059,68076.28340438407,79658.73386367963,78356.52123171344,107307.48412698318,73109.65038653021,4
124095.09707630839,140415.29034558422,92525.80613205506,169770.52924281708,86148.92049418933,64306.81816420772,79264.69496067702,114877.23766293975,97392.85378370927,79213.84474204121,77926.27250269325,66399.61199755812,76615.0297659671,76957.59260148914,106673.54395074178,68471.77517077628,4
125055.12685240828,143476.3617487385,85278.32004765511,175549.7739374368,87516.64608915402,64155.20628156737,80356.39886336314,116233.45210950996,104306.89654432495,76448.77749070854,73720.38945202703,67791.2986625789,80331.32020608429,78012.14790489053,108720.80728063671,74244.0237693815,4
123932.37637667375,140041.2115503802,98420.18466236409,170737.4880596981,87343.6212353255,65359.07123793021,78668.23865988715,112758.35934381,98936.57701451505,77984.23057606585,76919.25935974829,67225.71012088182,77366.04837966543,77708.92413960984,106045.03524840299,69564.26138451832,4
124744.34819750169,142453.74708816374,84461.14027036908,172523.0124620214,86238.7521551552,63546.56828004936,80277.54190892482,116891.08513487401,100672.2123232141,78259.04527414385,75942.3763683291,66736.94452487762,78405.53860730394,77131.13154544015,108256.2486238776,71314.42532711332,4
124553.30783764218,141956.6442914777,93828.62226112155,174355.76610037877,88191.5123094931,65270.44657116492,79387.38368599222,113717.80797455406,103246.19451119835,76276.49024444702,74308.12857247933,68091.86257026943,79684.84070120343,78361.61742944925,107326.46075802574,73158.57835514288,4
124106.76468691406,140402.9968861338,92725.74248620779,169846.10049082048,86173.75328227917,64344.05617047026,79273.18862357005,114892.74977359174,97397.94998144508,79228.7980590818,77956.87204085256,66430.74797758437,76616.75085029016,76982.98418319038,106663.75388667034,68467.39422886304,4
125083.08888472187,143527.14491214097,85189.47186344527,175717.00968945143,87504.21851923688,64148.321944275136,80385.9255177886,116331.64332290213,104307.63415189197,76494.41975288627,73765.40586536001,67805.38026158574,80343.09957541223,78020.19453289444,108783.14629592256,74250.05874038444,4
123956.09157754084,140087.59142012495,98449.21957841153,170896.20779707527,87374.98073279629,65384.17224695352,78682.63318331637,112775.14550389595,99009.35429446153,77947.1937355034,76878.08744646162,67254.49916774026,77398.97249924809,77729.48774450872,106052.65719326225,69618.17379214452,4
124782.5473287758,142497.10947240706,84594.73664697846,172723.26174059653,86243.5130767242,63583.739231078536,80298.84312139072,116988.9634238438,100628.49231105951,78317.94212078358,76026.57538969224,66751.42845528465,78401.98467993554,77150.77872881637,108304.46133666771,71286.75386747764,4
124588.93651830395,142052.46621995763,93669.67900629986,174560.46337610047,88199.31306830801,65267.697306596914,79417.82676194033,113770.04400134612,103323.2409743358,76261.2016512396,74285.97799372411,68112.71674784622,79739.37895767439,78380.05761862488,107397.2934362046,73236.27301886953,4
124095.65586991976,140391.6421999505,92868.92776118849,169838.09856630547,86180.52586084913,64363.74805733539,79248.53464943584,114790.2446735197,97385.14243187218,79219.45502989949,77970.03721833673,66444.9860388024,76620.57299859202,77000.08326769868,106646.54304343976,68463.41561834999,4
125095.38234417229,143523.30041209466,85057.66362639233,175618.952586526,87479.87746952505,64140.3870749935,80414.75926813594,116365.93089889656,104262.37186936998,76495.96202325368,73769.71975203989,67785.24133983151,80324.94995891451,78001.12849487406,108758.87230144409,74218.45337372462,4
123996.07884837138,140139.04513586106,98448.81724701133,171017.17543806738,87410.67646869141,65415.6882066355,78718.2842157226,112809.99187350177,99114.80982480168,77920.57280785714,76847.30909434665,67304.8352962536,77484.64673574528,77770.0561606951,106095.55019087199,69718.89075266013,4
124804.87672148667,142487.27470484673,84674.80059561737,172690.3152692694,86243.13309706845,63605.64394064474,80316.16572334358,117007.40361301943,100558.57605440333,78350.55331594388,76074.27401235986,66755.04943788641,78385.64555473872,77151.53868812784,108277.52748459906,71236.19422151973,4
124668.21815588692,142182.9557040877,93516.5248532921,174863.4189204477,88229.26440587812,65284.125838771564,79484.05498076142,113943.40413134148,103438.665382703,76276.1996717691,74269.39299933828,68164.05870486006,79841.88405774643,78421.63186331176,107504.09007121206,73350.5127847806,4
124145.34379784392,140461.89373277352,93057.71059485801,170056.9891997563,86228.11272479448,64415.89467714962,79268.13712932315,114845.98992419124,97390.41744356364,79231.1002887607,77987.87391041206,66482.2463968094,76647.77507159414,77030.66045411355,106672.31460479673,68473.63036556606,4
125130.7875073895,143621.67043944245,84948.02831983904,175790.88220487622,87474.6471613225,64127.80304286517,80436.10518409076,116424.35835890274,104263.57886357057,76555.84234664946,73818.20068576344,67804.73206099654,80354.34250287325,78019.8592567276,108840.12089253914,74238.8158129234,4
124022.18568589518,140207.08384598303,98445.73270627651,171113.6455671365,87446.34985284208,65432.7425876549,78728.72248038322,112797.09491695106,99189.93403791595,77891.5825952986,76805.55603570414,67336.50771814678,77535.94398927022,77798.66639359789,106119.62301965035,69790.66220410612,4
124813.59390182424,142492.05797816016,84766.48745137305,172647.75754782648,86240.31677726707,63616.70805415011,80311.40480177461,116998.0158803482,100485.59760875674,78399.52598804545,76141.73157712597,66760.03387689995,78363.36086551678,77158.13245274215,108280.81319103399,71194.19529368822,4
124680.3775048706,142217.7126667157,93314.53213864949,174800.38700108376,88225.30814710954,65263.18225421695,79501.89167283675,113924.51690727675,103490.0743949502,76254.25025871399,74224.86832438331,68172.95469915327,79874.62936337345,78426.012805225,107516.96467601832,73404.98398601818,4
124166.84617600992,140438.96084296238,93186.38958768721,169974.77948364968,86249.74921342722,64453.333849112256,79276.11670209368,114812.64112146392,97384.74010047199,79227.45695441449,77996.03229713826,66503.52525753084,76659.26386824416,77051.58168692372,106643.27968874929,68477.05018246772,4
125190.75723776309,143666.19511439744,84793.77893135296,175820.76648721297,87466.77934727423,64130.485252199804,80495.87374876425,116530.37268285427,104264.51763683769,76592.34274534497,73844.30752328725,67821.76409027149,80388.9206515456,78033.13619293406,108878.23061683544,74260.67581900071,4
124078.44502668918,140265.53365773364,98357.55507440033,171190.58027155165,87483.65491433798,65453.41795127606,78771.50371927068,112786.94722496835,99297.3341700237,77854.81397566962,76752.18006994486,67389.07902110566,77623.94280719076,77843.03460634168,106140.61130769388,69887.6464232977,4
124836.28092244637,142451.04252708468,84741.31938711637,172457.38774030065,86232.98540508574,63620.95488559662,80323.78766820284,116916.18614389731,100425.29260221632,78411.4618195846,76162.89867912515,66764.10189439081,78354.12959505673,77166.98374354646,108218.9435623817,71142.36159829637,4
124746.5386684583,142267.28883591757,93035.18003644705,174750.36379699278,88248.77747878761,65270.155998487004,79578.9381359742,113994.79079184424,103574.85456166918,76217.52634257392,74158.43893986213,68197.65337677639,79946.19964911934,78454.33246544987,107500.55849558813,73481.91869043335,4
124182.91708027328,140427.00265967878,93230.10959984179,169886.17716862884,86281.71220799831,64482.59228260426,79278.19541432803,114714.94164644978,97426.15788294768,79220.77378282235,77992.34425930314,66547.62524934116,76714.62913925995,77108.06454516227,106625.8676798186,68521.03841555577,4
125192.41126685278,143629.18062557944,84590.42276029859,175553.30551306077,87456.96693145836,64120.158746261455,80515.02919376246,116501.11424936226,104223.12220610646,76582.91030918484,73824.66033991103,67797.62420625976,80367.86530826871,78024.6201782966,108790.79059252627,74224.77891740548,4
124096.72875365363,140291.79695746864,98309.27530637686,171191.49669307432,87533.74517366233,65490.43244009405,78794.30249861508,112801.60996933102,99413.07150281328,77821.04048979766,76699.25113907471,67429.66978903649,77704.05145931858,77892.96840345484,106147.74151417513,69987.55872101292,4
124818.89126526014,142411.36818067648,84821.89742587775,172328.932264916,86239.64622493341,63647.79933068745,80316.81392393279,116891.12983836292,100356.62804324961,78440.07205248739,76207.02102267994,66754.84827218631,78321.74191734099,77171.20822324851,108173.36835543733,71086.95162379165,4
124716.67673786602,142251.30733863203,92843.53617948726,174590.59352762625,88252.39846138937,65252.98985874532,79576.79236850647,113915.19622983888,103636.36656241018,76199.17556037613,74117.98228239802,68202.101373923,79974.0275709662,78458.60164864083,107487.77329775969,73526.24219968822,4
124134.43614654973,140299.6647715169,93380.84976444839,169535.4782981251,86303.21458616431,64514.10824228624,79255.3072280058,114575.93614768221,97387.17644061762,79195.87393949914,77972.20533754889,66536.96346723598,76672.67491491734,77098.22977760194,106488.29269269618,68455.07841766816,4
125172.048827654,143560.67252882392,84492.47741609543,175327.0835074286,87445.29932085268,64115.35312120356,80530.6530631367,116492.70999344708,104200.77046165115,76622.00351023716,73847.21325006643,67792.46095329057,80363.48436635546,78021.7144515174,108765.8683974586,74188.8596640658,4
124122.88029466633,140286.11961437698,98340.92537652557,171206.29354790374,87589.11044467812,65540.20977499602,78840.77177533768,112873.91786264395,99492.46489911854,77795.00070750722,76642.36594943595,67460.11286498462,77748.03969240663,77917.35415665558,106111.53168815753,70028.90944825525,4
124823.94275950704,142397.55480260312,84963.74159619113,172420.17208578254,86251.47029775027,63679.13647641379,80321.35132805721,116928.7031207923,100318.78653988679,78517.72201272512,76287.17437829667,66783.30204287793,78327.2851499659,77196.93508111658,108205.33135000842,71044.70682677113,4
124738.04500556529,142326.16333081285,92720.7356954498,174822.1576001832,88269.92222904232,65256.655544835994,79603.72622057513,114008.58181817316,103708.62975223419,76209.1891418921,74098.13393332172,68229.23639169174,80024.9448448354,78477.75709363903,107553.35331599157,73575.34898225653,4
124143.42154782076,140335.6734318344,93631.56928200356,169785.23669066868,86342.88893257249,64567.215987112046,79244.37722496716,114631.86021230939,97383.89073418269,79218.96329152148,78005.10710538711,66562.35504893721,76678.48636847573,77122.57082731377,106515.31595174265,68441.17563261696,4
125185.32576386044,143647.03966939924,84506.693125569,175631.89424656561,87441.23130336181,64120.22580149482,80539.77257487447,116639.76212021854,104168.67335661333,76692.9032436494,73925.3996521711,67792.1033253793,80351.70499702753,78023.10025967364,108861.62327070514,74166.21734693258,4
124104.1942363017,140352.88427506498,98426.80077872286,171445.83719323127,87611.37278215561,65545.44008319855,78811.53569359014,112860.0374293372,99553.46280973707,77793.05610573961,76642.92474304733,67479.80475184975,77768.73740777223,77931.27929345123,106189.62868328438,70073.52353018803,4
124807.80480001032,142408.75302657523,85192.37759022447,172521.13491548717,86249.74921342722,63697.196685933675,80306.1074383387,116978.83808360554,100221.39998929501,78581.31272570047,76380.04587650846,66762.71608623458,78255.6701607311,77179.88070009717,108222.9892281281,70958.63025887373,4
124711.75935408585,142365.3906423319,92619.63875527844,174867.6210484053,88256.08649922449,65218.05408216168,79593.60088033687,113985.35835568409,103739.16223516015,76220.49912458648,74096.54695946538,68224.96720850078,80015.35594646406,78464.45780568813,107611.62431378655,73601.09819186905,4
124092.90660535177,140261.39858500942,93814.40655164797,169597.6384994553,86340.94433080486,64562.3880103097,79204.99345123691,114473.07341969889,97351.30189076686,79217.35396592069,78023.8155154962,66561.68449660356,76631.01126325266,77115.19475164352,106478.56968385812,68403.15531529849,4
125145.27143779653,143542.9252437264,84392.9227462915,175235.55311388412,87396.50546270674,64076.9751759738,80535.8610195948,116538.06168294689,104094.2643993216,76703.05093563211,73939.9059343226,67759.20155754108,80281.45346420449,77980.09550334162,108786.32024363521,74090.35552625127,4
124102.16022755626,140295.4179400704,98360.2149319905,171226.49952489132,87625.78965732928,65542.6684668861,78832.90396128941,112796.73728903977,99639.00293576754,77750.94541918581,76585.81603596402,67510.00195860886,77808.43410592487,77945.18207850243,106158.13507534684,70133.806184984,4
124791.48802655794,142285.6843216043,85205.65452643091,172204.9024349335,86227.24100676073,63691.72050854212,80310.53308374084,116880.71392544675,100153.4953896398,78595.26021424058,76410.62306292332,66768.10285664831,78227.0599278283,77173.59985990523,108153.0729714719,70900.44866805658,4
124768.97981989144,142361.88141845245,92347.32745257944,174815.9214634802,88270.65983660935,65219.37283508454,79680.10213137891,114083.46016209843,103820.47788148855,76183.59639449077,74041.56166810534,68255.83496759355,80083.90874670849,78480.1263785513,107599.95670318088,73674.56837589364,4
124153.055149681,140255.4083174954,93863.22276153836,169688.34187845493,86388.75471219477,64614.17700221265,79265.25375428841,114522.49312668957,97402.39797859169,79197.66207905556,78013.37725083558,66621.29659906586,76703.87795017696,77160.38997893214,106470.70186980985,68459.48171132586,4
125202.24603441311,143580.45382266687,84176.53550821966,175368.76951083774,87393.35386673854,64074.62824280599,80601.88807271577,116617.2315618076,104106.55785877202,76721.42406957436,73955.46274846348,67797.28893009292,80340.28325561086,78007.49874204383,108822.44066267498,74131.75095698249,4
124143.04156816502,140332.09715272154,98197.36012188914,171352.20573570798,87660.09958506818,65555.56542343681,78874.14292980944,112773.60323352853,99746.09014345291,77679.10691250645,76502.86871229038,67565.65780230258,77902.73611578181,77987.29276505623,106155.56462473448,70248.22476485072,4
124795.84661672672,142229.00029766565,85192.7575698802,172076.40225605993,86225.58697767103,63705.377424404316,80320.32314781228,116815.04450023705,100088.85414467505,78581.22331872265,76412.12062980184,66774.71897300708,78216.26403525639,77177.55611867382,108068.80689487541,70863.34477226077,4
124804.47439008647,142404.03680849515,92082.25811508395,174853.83002207638,88282.77448210413,65219.328131595634,79728.98539650267,114138.06547380275,103911.71770235512,76151.0746063083,73981.39077203165,68288.62497670949,80164.3750267476,78505.3838497858,107608.47271781835,73771.53024334076,4
124163.96280097519,140260.19159080883,93946.81828580122,169736.24166682264,86422.08116317763,64650.43153171916,79269.74645492392,114496.29688218796,97444.19574072311,79180.09360791369,77996.56873900518,66662.49086409698,76749.49786061024,77195.88454912718,106453.15575041244,68502.33000544668,4
125247.41890995728,143651.9570531794,84056.21606781674,175508.7361346169,87400.61818368653,64089.045117979666,80652.73829135159,116771.90563343832,104108.79303321756,76748.0673489651,73973.1653300721,67805.08968890783,80355.99653196294,78012.77375373528,108828.96737205594,74138.00944542998,4
124183.69939132922,140455.99287223732,98142.30777529572,171639.42565195868,87711.28507987084,65579.83941791528,78902.03790688967,112838.17742325991,99891.19766845676,77660.15263320836,76467.50825256208,67620.44192796254,77995.27233782677,78039.05940521472,106219.55766911003,70363.13508309545,4
124806.68721278754,142261.56678933703,85284.01974249122,172129.04061425218,86237.16518129889,63726.90215431478,80319.27261582288,116822.75585207413,100044.84355984254,78609.58768243644,76463.77551123804,66777.82586548637,78191.07361925526,77190.87775836918,108041.53776663993,70809.05238497882,4
124882.54903346885,142592.48436599784,91926.24293878592,175257.18960251685,88324.88516865793,65243.11038769608,79798.92400490333,114378.3020232084,104038.67561086126,76164.88798438168,73983.13420809916,68331.16034640794,80251.03274000082,78557.26224866656,107715.06818712571,73877.96925043693,4
124183.40881865131,140357.95812105635,94109.89661334714,169977.88637612897,86469.33275095615,64695.98438691907,79262.81741414279,114523.58836216788,97473.67769165966,79171.4881862984,78012.41612582399,66689.98350977701,76763.13242472797,77234.5754187793,106472.51236111074,68521.44074695597,4
125255.64435191684,143748.2260165484,83992.24537518567,175657.3081800113,87401.3334395091,64085.06650746662,80655.82283208643,116836.77039584762,104096.29840806704,76790.379201219,74034.6773308131,67805.17909588564,80353.26961913939,78026.90005623104,108891.23933210842,74138.0988524078,4
124177.03857148155,140534.44749527544,98133.23296704686,171739.24854269606,87747.1149262327,65590.76942095392,78893.49954050775,112817.18913521638,99979.68822475531,77623.8757519574,76435.32174054644,67638.83741364925,78032.73386153387,78067.42376892851,106251.52066368112,70440.628581122,4
124783.39669506511,142261.58914108147,85444.46056419141,172068.8697181785,86240.09325982252,63748.717456903156,80299.08899057972,116822.64409335186,99972.98270141873,78642.04241538554,76526.67332013528,66757.9551646656,78140.11164189717,77187.01090657842,108023.9469437536,70753.1506720961,4
124857.33626572326,142620.64756401154,91788.19856502993,175167.31323806205,88315.11745633096,65221.31743685216,79793.20195832277,114364.26512769045,104077.18766655776,76154.11444355422,73959.86604212118,68316.20702936733,80251.41271965655,78547.38277761731,107732.94958268995,73914.91668402156,4
124176.32331565897,140359.18746700138,94317.87959550376,169960.116739287,86495.93132685797,64733.043579225974,79255.59780068372,114520.79439411097,97489.70389243412,79180.1383114026,78032.80091676723,66702.67930062763,76768.89917479744,77251.69685503207,106477.65326233546,68537.55635470824,4
125249.20704951372,143758.06078410873,83948.32419733098,175577.6912662615,87377.08179677508,64069.71085902582,80664.00357055708,116854.1377012894,104055.30530873602,76833.20514359536,74075.87159584422,67788.25882533299,80334.85178170822,78013.66782351349,108910.707701529,74111.0979451058,4
124221.96557783672,140608.20825197795,98155.62941499108,171868.8216053035,87788.97974359748,65626.12988068222,78939.4323753634,112916.31912187567,100073.58790321207,77603.84858892544,76397.94962381717,67671.31449834282,78095.184635542,78093.77647564131,106284.55654198606,70525.38639609652,4
124822.82517228427,142322.43058948882,85600.54279572282,172249.02477848827,86253.70547219581,63778.42292528426,80319.58554024524,116896.71777447675,99946.00414586117,78709.12000049591,76613.2863298996,66787.32535687988,78161.56931657426,77216.76107844843,108092.34328178685,70750.33435229473,4
124898.57523424331,142724.35965828417,91616.51481586872,175329.09516442957,88329.02024138215,65211.996759414295,79833.9938919537,114427.49821275452,104138.8784812544,76150.00172257444,73944.93507682504,68337.82116625561,80307.11326683918,78564.16893770325,107793.05342353028,73979.5132254974,4
124178.17851044876,140352.01255703124,94457.80151579398,169902.49394208123,86526.79908595076,64757.83166382691,79246.14301277912,114434.20373609112,97494.509517492,79157.16071810255,78030.3645766216,66722.7511671485,76782.89136682646,77273.35569540926,106443.20922412982,68541.17733731,4
125264.5179944656,143760.05008936528,83881.11250175387,175502.1200182581,87367.49289840375,64067.76625725821,80688.70224818018,116905.27849260313,104013.44049137122,76860.85425148657,74115.56829399685,67785.95659565409,80329.84499095024,78014.49483805834,108910.86416374019,74088.50033146147,4
124242.79740366906,140654.38695602262,98138.28446129376,171966.31991461755,87822.99909865846,65641.30671516737,78954.85507903756,112940.77193030977,100172.82964859363,77577.69704791273,76367.73006531359,67715.12391747521,78170.97940098995,78132.93673192701,106337.64193506741,70627.98090314638,4
124804.34027961973,142257.36466137943,85771.31012336137,172091.06500042262,86248.2069430598,63797.7571842381,80306.57682497226,116862.67606767132,99836.43589454125,78725.81675360403,76658.90624033287,66771.47797006107,78103.47713273492,77198.34324101725,108033.66995259166,70670.73979028939,4
124937.73549052901,142799.43916790953,91529.8571026155,175488.73132332938,88339.65967174288,65221.0939194076,79877.98212504174,114571.84577844689,104205.88901113141,76177.06968510982,73956.62503917517,68365.26910844674,80368.71467455801,78584.17374899075,107887.62365432068,74061.41001718164,4
124176.39037089235,140374.11843229752,94701.39082686792,170029.29538837617,86551.2295426404,64792.052184587985,79226.87580905865,114413.5060207255,97503.38316004076,79182.48524457042,78067.84845207316,66751.11553086228,76801.95740484683,77295.99801254249,106489.29852119667,68563.0820468762,4
125302.04657340606,143838.28119495884,83943.47386878417,175697.60837526422,87367.00116002574,64088.195751690364,80722.65454800779,117080.73968657729,103957.76229593305,76931.48576396535,74191.05013502242,67773.28315654793,80306.73328718344,78001.84375069663,108967.03409755637,74054.65979035613,4
124254.48736601918,140749.20305600204,98201.98693299138,172179.4437979989,87852.05636645036,65653.68958159561,78956.84438429409,112951.59017462614,100252.80419025471,77584.08964682695,76365.4725391236,67741.74484512149,78213.44771545503,78151.8463077362,106426.75834021073,70697.22660746893,4
124782.52497703135,142252.24611189915,85986.42331199924,172055.79394767212,86240.71910866727,63802.965140696186,80275.06086529027,116793.25154939313,99752.70625981168,78791.597937536,76744.80399427463,66757.57518500986,78054.01272225533,77190.25190952444,108049.62909813275,70596.21907427539,4
124923.45272582206,142799.57327837625,91412.68925818078,175332.5820365646,88329.601386738,65192.081355104616,79887.861596091,114543.95080136668,104203.58678145251,76169.80536816185,73930.4958499069,68335.58599181009,80343.59131379024,78555.31764689895,107875.93369197055,74047.35076991926,4
124151.53523105803,140310.23714664427,94891.4477099714,169840.26668551765,86568.95447599345,64809.75476619659,79212.77185830734,114325.26133361594,97493.12370933578,79179.26659336884,78065.74738809436,66750.757902951,76783.00312554874,77298.97079455505,106458.98955571528,68540.84206114316,4
125235.03604352905,143714.65369637654,83874.76460632856,175280.83774815057,87317.69321175733,64037.501995265724,80691.78678891502,116910.35233859449,103876.17842867118,76960.40892129051,74215.59235043435,67734.92756306262,80255.48073714743,77969.79134914772,108943.34124843375,73978.03801036335,4
124221.36208073642,140633.77864763484,98173.28729311077,171814.14923836582,87863.14283170018,65651.2979449389,78957.62669535002,112850.69440015488,100288.83520231667,77527.78560254403,76282.34640149432,67730.56897289383,78214.69941314452,78138.27879885182,106352.59525210802,70707.26254072935,4
124744.34819750169,142089.6371709868,86144.69601448727,171689.51591128303,86232.73953589673,63819.751300782125,80265.4496151745,116746.6034587149,99651.22933998458,78815.38019363645,76774.84473882255,66731.82597539735,77996.8146081942,77168.79423484734,107973.40964954015,70496.37383179353,4
124911.29337683838,142759.16132440107,91272.38735823482,175249.59000940205,88321.17477907834,65174.71404966284,79904.71481141029,114568.4930167786,104250.72661050876,76185.80921719184,73922.53862888082,68342.11270119104,80387.35602943374,78557.23989692211,107934.67407639911,74087.31568900534,4
124109.08926833741,140204.46869188175,95072.7427092484,169687.29134646553,86581.35969416615,64827.47969954964,79181.5911747922,114214.35197762871,97477.52219170597,79175.53385204481,78071.24591723036,66754.58005125285,76772.38604693247,77296.57915789833,106418.24232557326,68515.24931374185,4
125193.77472326455,143600.0339508097,83846.55670482597,175025.1114398374,87280.87988863944,64014.81497464359,80681.61674518786,116871.28148928662,103782.36815719225,76997.93750023097,74254.68555148668,67697.66720505562,80195.66746898502,77929.28998819471,108894.32387284326,73884.11598016214,4
124206.9675573072,140592.8302517927,98181.37862460359,171795.9102148903,87877.20207896258,65658.38344793124,78965.18158497592,112851.94609784438,100358.99732816189,77515.17921867124,76253.33383719133,67746.55047017938,78253.23382058548,78147.95710420098,106359.65840335589,70749.5520412388,4
124685.0266677173,141971.79877421842,86333.03181326769,171536.5405722309,86205.67157336135,63812.79990825652,80223.45068734296,116639.47154754061,99554.24512079301,78863.86112736001,76839.66479774294,66713.47519319954,77941.22581973384,77149.68349333806,107940.61964042422,70399.03198469066,4
124868.08745480627,142685.62408514312,91138.43335371415,175091.09378946948,88291.71517988625,65136.15729047744,79899.10452355201,114519.3862342103,104243.21642437177,76179.14839734416,73892.11790467714,68315.67058750041,80364.17727043359,78521.61121626034,107912.47879415499,74064.40515093865,4
124093.8900821078,140126.84108338846,95299.3446945363,169664.6937328212,86601.87859557613,64863.57776684497,79182.39583759259,114225.79607078983,97463.90997933269,79169.96826767543,78064.2274694714,66756.68111523165,76754.1693752014,77290.49948340649,106380.28906348815,68487.39904015053,4
125182.82236848144,143589.32746521564,83871.3447894269,175167.0450171286,87255.91299008287,64001.87331460397,80685.05891383397,116944.86343203348,103735.1836246471,77069.06075108776,74326.3452442104,67693.26391139792,80182.43523626748,77918.15881945596,108976.73475464998,73860.5348897618,4
124184.88403378536,140578.4804318524,98180.03751993628,171884.19960548874,87888.33324770132,65651.43205540563,78956.79968080517,112817.83733580558,100390.78150877733,77477.38241879731,76201.74601098849,67742.19188001059,78249.52343100589,78127.54996151329,106365.5592638921,70776.955279941,4
124675.68363853499,141912.9466310676,86539.74074599038,171555.1372236177,86203.3022884491,63836.98449575717,80217.4827715734,116662.78441700751,99448.9237009196,78897.47815102078,76893.62190885805,66689.8941027992,77872.13657762248,77122.23555114694,107911.5176691434,70317.51517266217,4
124924.79383048939,142797.38280741964,91046.43357353611,175493.55930013172,88305.86383412646,65143.3769039365,79955.2744573682,114732.28660014708,104306.94124781385,76220.25325539747,73915.52018112186,68339.07286394511,80414.93808209158,78537.74917575708,108042.54359514042,74141.40691058719,4
124074.24289873158,140133.09957183595,95454.26463535603,169814.65158637185,86612.78624687031,64865.90234826832,79146.20836331944,114121.56988639473,97454.61165363928,79166.74961647387,78071.76000735283,66769.19809212662,76746.10039545303,77297.3391172098,106399.4668602308,68487.28728142826,4
125202.26838615756,143598.75990137577,83843.0921844354,175211.5026368502,87237.85278056297,63996.195971512316,80714.87614093735,117026.2237818508,103645.68723984805,77101.76135322587,74357.43652074772,67664.87719593968,80127.13702048505,77890.82263598712,108950.963193293,73787.37763015958,4
124259.44945328827,140721.59865159972,98162.29023483876,172313.50956124184,87933.12614358976,65680.55637843089,79017.86464665708,112986.36948899859,100519.05817020634,77484.80319795647,76188.08909512628,67803.41330807368,78346.79822287538,78180.18831970553,106489.83496306361,70903.26498785794,4
124693.20740618795,141966.4567072936,86673.02419817737,171771.1444820338,86204.7998553276,63846.86396680641,80219.06974542973,116656.05654192646,99398.52051717289,78955.10094822657,76967.00268590482,66715.5986089228,77863.35234205156,77140.85455427821,107963.61958546872,70292.32475666104,4
124958.58966810581,142872.39526181165,90832.59443433219,175601.09354270622,88301.41583697985,65119.61699958051,79995.52994913221,114769.43519943181,104336.49025398378,76213.05599368286,73884.96534645144,68351.76865479573,80433.71354743405,78535.9386844562,108063.59893841732,74180.18718721715,4
124147.1542891448,140220.96427928976,95591.63845677835,170090.31565073915,86667.34685508572,64920.328846016986,79195.65042205459,114233.23920169345,97504.94778215264,79173.47749155492,78081.39360921308,66825.63624687627,76802.09151531357,77341.79673693141,106446.65139277595,68553.64961071606,4
125234.07491851746,143650.75005897883,83743.15753497572,175288.45969300982,87224.7323065677,63985.53418940714,80740.24537089412,117046.65327628294,103600.87199221516,77143.9614467575,74401.29064336904,67678.31059435733,80127.9640350299,77893.79541799967,108990.03404260088,73777.67697306597,4
124319.01685226166,140814.91718470064,98068.63642557102,172481.99701094592,87973.96278070961,65701.58936996333,79064.5127373353,113042.47236758142,100621.27269760045,77456.61764819833,76144.27967599388,67853.25769820901,78434.01472974,78220.712032403,106537.13125433103,71012.43090777766,4
124722.35408095767,141975.79973647592,86778.77030119543,171767.56820292096,86215.32752696605,63875.250682264654,80231.5867223247,116654.02253318102,99339.91424321107,78978.57027990464,77015.23775043938,66729.85902188528,77863.57585949611,77158.60183937573,107953.22602429701,70262.5298813021,4
124953.40406339218,142880.30777934883,90587.5299081242,175440.5633140282,88279.98051404722,65080.85907469501,79999.59796662307,114683.53744549006,104360.22780659531,76191.64302249468,73847.19089832198,68355.36728565303,80465.5424315384,78539.04557693549,108068.31515649738,74211.92666434369,4
124115.66068120727,140120.09085656295,95664.23692276918,169712.1464862998,86677.31573311279,64933.94105839027,79176.36086658966,114069.75854274734,97485.74763366552,79117.01698506082,78030.47633534389,66823.64694161975,76790.379201219,77344.2554288215,106334.93737398832,68527.18514528098,4
125262.19341304225,143635.97555589385,83697.53762454244,175148.56012446407,87222.94416701129,64002.40975647089,80785.37354294938,117162.83764396164,103560.7953144068,77184.19458677704,74445.23417296818,67675.36016408923,80128.7686978303,77900.56799656963,108986.18954255457,73753.17946114295,4
124300.12962819693,140812.45849281055,97956.65418584994,172379.44720738498,87982.2105744136,65687.1054395563,79054.8567837306,112950.36082868109,100709.69619866565,77419.69256635816,76098.92798649406,67881.0185648225,78491.48106473459,78246.10361410423,106564.86976920007,71088.96328079264,4
124694.81673178873,141888.2926569334,86905.39293353473,171507.46095269453,86207.63852687342,63892.238008050685,80214.55469304975,116595.3715557303,99247.78035256629,78982.92887007343,77041.07636702972,66708.66956814165,77809.14936174743,77140.3628159002,107867.64119477764,70175.73805758216,4
124982.10370327279,142935.20366373108,90424.67509802284,175512.31241372973,88288.87650834043,65087.38578407595,80046.38016776803,114823.88404892494,104419.86226080207,76203.31063310035,73845.51451748783,68367.05724800316,80510.96117627158,78550.0426352075,108127.86020372632,74268.99066793808,4
124082.87067209133,140103.9752488107,95781.74004337074,169696.03087854755,86691.88907049765,64949.900203931364,79139.30167428276,113959.0503524602,97518.76116022601,79106.06463027772,78034.18672492346,66846.64688666427,76807.90296887195,77365.82486222088,106347.52140611666,68551.4814915039,4
125207.14106644882,143553.8775985095,83624.15684749566,174869.1186152838,87175.3796548104,63971.4972938892,80750.05778671001,117052.24121239678,103470.40485982953,77198.05266833934,74467.58591742348,67635.12702406968,80062.13814760902,77862.95001065136,108926.97977149246,73668.26518395725,4
124268.18898537029,140750.45475369153,97871.02465284165,172155.32626573162,87988.42435937219,65684.8479133663,79049.98410343935,112882.92561565943,100765.17322840373,77357.80058596142,76015.93595933152,67872.30138448493,78493.29155603547,78231.82084939729,106498.32862595662,71115.36069099435,4
124686.25601366235,141817.0799990988,87068.04657793601,171402.74302992143,86212.06417227557,63925.519755544636,80217.32630936222,116623.91473339972,99197.55598277521,79015.02597511125,77089.8925769201,66704.80271635088,77774.0571229526,77143.08972872373,107834.78413042834,70124.08317614594,4
124987.93750857563,142959.45530646507,90235.64639516431,175569.2423068574,88278.39354019088,65067.31391755509,80065.40150229949,114864.22894766676,104483.20710458841,76216.52051407343,73841.51355523033,68378.3448789531,80543.34885398732,78562.47020512464,108186.22060849913,74321.83019183042,4
124135.57608551695,140148.72344121023,95937.21877780186,169936.42389016438,86746.33791999078,65010.58519012752,79175.33268634471,114080.26386264132,97573.6346928638,79103.71769710991,78035.08079470167,66878.22990157962,76836.22262909682,77395.97736549108,106351.56707186307,68587.6913175215,4
125253.43152921577,143638.92598616195,83581.7779400084,175155.82444141203,87176.58664901098,63979.56627363757,80782.78074059257,117181.2554813928,103459.7207259799,77263.3868173822,74536.80927000157,67648.15809108711,80074.67747624844,77874.99760091277,109008.31776956533,73666.32058218964,4
124344.02845430715,140905.64291544474,97804.84113750949,172578.19891908157,88039.47574370811,65716.90031491523,79103.56123489872,113024.61332376163,100886.87847696287,77338.53338224094,75981.89425252608,67914.16620184973,78572.66260059626,78269.5282422934,106571.53058904775,71220.57035214549,4
124715.69326110999,141888.3373604223,87205.26393714715,171629.92616056517,86227.41982071637,63950.553709334585,80213.54886454927,116627.91569565723,99163.40251724751,79060.3106093777,77158.42302542008,66725.0533968274,77776.98520147624,77167.1625575021,107870.94925295703,70104.86067591437,4
125051.43881457315,143091.82233712942,90053.43497436465,175806.88605390623,88294.73266538771,65070.420810034375,80120.5656076152,115003.7485365568,104523.39554111905,76214.8888367282,73830.00240683585,68384.87158833403,80576.78706369246,78569.10867322788,108226.31963805195,74361.07985509395,4
124136.98424541764,140184.01684570513,96025.2175957224,169977.8640243845,86770.47780400251,65026.320818224056,79156.7807384468,113981.96089052688,97603.1836990337,79076.35916189662,78022.3626521066,66901.36395709086,76859.96018170836,77421.99479603706,106348.84015903952,68614.13343121212,4
125276.67734344928,143669.1008411766,83527.8655323822,175129.94112133278,87166.66247447282,63979.92390154886,80805.8700926149,117234.78790936327,103403.46138518589,77293.62872763023,74577.82472107705,67633.58475370226,80054.94088589441,77874.10353113455,109005.14382185267,73628.09909917106,4
124388.93310891786,141000.3249049574,97713.75777885411,172719.90897892823,88080.06651163894,65736.07811165787,79142.34151152868,113092.71908911694,100996.15615560487,77306.36922196976,75938.7777374718,67948.56553656644,78645.73045322066,78308.50968462345,106622.2690489613,71322.29314116159,4
124720.87886582362,141890.3490174233,87331.32777587508,171608.42378239916,86239.8026871446,63971.586700867025,80207.87152145762,116604.75928840153,99112.01585674475,79083.57877535568,77205.9204823876,66728.09323407331,77762.32245711357,77182.40644722062,107862.58970053073,70068.7402568746,4
125100.52324539701,143188.51598364307,89867.53551572985,175951.9265236767,88311.00473535118,65070.21964433428,80168.10776807163,115121.54222983625,104584.92989360451,76224.07540369933,73820.94995033144,68401.05425131969,80635.9297795212,78591.12514151636,108300.84035406595,74427.50923961512,4
124203.70420261672,140289.78530046766,96169.4534026925,170260.2336120884,86838.29299667991,65087.631653264965,79193.48230284241,114083.23664465388,97677.83852551444,79078.05789447522,78029.20228590992,66949.44255941422,76933.43036573296,77476.01896238554,106408.04993010164,68682.23919656745,4
125295.13988436938,143723.10265578065,83470.19803168751,175167.42499678434,87161.45451801474,63973.1513229789,80811.16745605081,117231.79277560626,103366.91628300147,77343.69663521012,74633.07823337057,67635.93168687007,80055.63378997252,77884.87707196201,109035.81041524535,73597.4772092673,4
124426.59579832504,141073.41510932628,97616.21476605115,172785.35488669336,88117.88566325733,65749.19858565314,79167.42016880753,113111.67336841505,101096.29197076464,77272.46162563105,75881.87019608858,67974.56061536797,78709.61173887394,78338.48337393801,106635.03189504528,71393.86342690748,4
124702.4833801369,141845.3326040903,87452.78715524521,171411.9072451481,86246.88819013693,63982.71786960577,80174.25449779684,116490.89950214619,99054.7283357058,79104.56706339921,77242.59969503876,66730.41781549666,77739.5460295136,77194.94577586005,107815.40516798559,70009.19520964565,4
125126.29480675398,143213.99697232211,89691.73904558887,175852.8188887619,88319.20782556628,65065.525777998664,80201.81419871023,115205.11540235466,104612.57900149573,76219.69446178609,73794.664298852,68394.70635589438,80648.20088722717,78597.47303694165,108276.07462120947,74445.45769041273,4
124201.82665608248,140274.69787296033,96271.24324694196,170184.23768094036,86875.1063197978,65111.77153727669,79176.51732880084,114042.91409765651,97716.57409865547,79059.64005704405,78020.37334685009,66970.69906839122,76959.49249976785,77514.30750063747,106408.65342720192,68720.21481039701,4
125312.79776248906,143728.0200395608,83446.81810698725,175130.47756319973,87157.7664801796,63975.98999452472,80827.12660159191,117323.5913900842,103316.4907475103,77386.23200490857,74682.4755886168,67625.29225650933,80038.64646418649,77897.01406920125,109048.55090958488,73573.44908397783,4
124485.5373484537,141191.14174737237,97530.13819815377,173080.97905885926,88159.92929457776,65767.01292598402,79210.51433211737,113244.88976536867,101227.65317292848,77269.13121570721,75863.18413772395,68025.6567031928,78810.26164415618,78399.72715374555,106753.67495461405,71533.96416115334,4
124750.22670629344,141890.95251452358,87584.55068880925,171556.03129339594,86266.89300142444,64018.95004736782,80193.18642535049,116544.56604058339,99013.04233229665,79128.9304648555,77293.27109971894,66746.75694069349,77738.42844229084,77221.63375873968,107836.57226998477,69998.22050311811,4
125174.64163001081,143305.41560714433,89448.17208625938,175964.01881742702,88314.40220050838,65045.476263222256,80238.51576310585,115224.0473299083,104676.79556331583,76226.06470895585,73786.93059527047,68423.20483007489,80717.4018880608,78626.12797333336,108353.61282272493,74523.50998205066,4
124220.31154874702,140254.2013232948,96281.30153194685,170036.58205706862,86896.58634621935,65135.307924188135,79180.00420093587,113919.80068919668,97746.88306413688,79003.00073659429,77964.87396536756,66995.28598729205,76987.65569778153,77535.16167821428,106339.40772287939,68742.4771478745,4
125351.95801877476,143713.24553647585,83329.02441370778,174970.37201766635,87147.46232598572,63987.14351500792,80864.588125299,117353.9003555656,103283.90190409445,77402.07939172738,74702.2345307153,67629.42732923357,80052.81747017115,77903.09374369308,109016.69967373606,73554.67361863538,4
124529.14560188599,141220.15431167535,97352.08420182278,173024.65266283188,88190.79705367054,65789.99051928408,79249.92045759207,113246.72260841401,101339.50130218283,77212.64835746866,75780.52738672822,68062.60413677742,78892.24784281825,78432.07012797239,106743.54961437579,71629.98725533334,4
124755.25584879589,141833.8214556958,87664.70404442598,171374.445721441,86275.5654782731,64055.562204785616,80183.91045140153,116485.78095266593,98975.89373301194,79141.64860745057,77313.72294589556,66759.8103594554,77739.03193939113,77239.49280255947,107786.25849321586,69968.49268299254,4
125209.68916531673,143343.8829593519,89244.10065938243,175976.75931176657,88320.19130232232,65055.1545685714,80278.41362695857,115322.41735725611,104732.38435177617,76235.92182826065,73767.909260739,68440.19215586092,80765.99458050664,78642.89178167484,108381.48544806069,74580.70809611179,4
124222.99375808165,140255.98946285123,96400.01164674899,170071.9425167969,86932.8185239814,65177.57507295312,79168.89538394158,113879.76871487722,97796.68275078331,79001.21259703787,77952.31228498368,67034.44624357775,77027.26298895634,77569.27044025308,106352.79641780812,68789.10288680826,4
125342.72674831472,143677.84037325866,83330.61138756412,174834.60752184482,87130.89968334434,63994.161962766884,80862.12943340892,117348.82650957424,103207.2577723572,77448.81688938342,74742.60178120158,67617.49149769444,80006.77287659323,77886.10641790705,108982.94853960855,73485.24910035719,4
124528.13977338551,141243.78010556463,97311.58284086977,173041.61763687345,88216.27804234959,65804.27328399102,79254.92724835005,113242.49812871196,101439.97239350944,77205.6746131986,75748.36322645703,68101.76439306312,78949.5353638572,78460.59095389735,106781.01113808289,71703.0774597022,4
124701.4328481475,141737.19486441553,87871.65884633767,171145.8991343855,86265.08251012355,64069.19676890335,80135.9659595449,116355.58204121377,98893.46049946077,79174.19274737748,77362.29328659693,66753.59657449681,77681.52090090764,77232.16143037814,107729.23919311038,69869.742675989,4
125166.3938363068,143273.69848176223,89106.72683796012,175684.17497684658,88295.090293299,65026.23141124623,80269.4952809209,115269.57783336376,104717.05105507984,76229.3951188797,73737.5108882798,68413.63828344802,80731.66230102329,78613.38747899384,108332.33396200347,74529.00851118666,4
124194.49528390114,140186.8331655065,96598.29397181202,169942.70473035632,86960.1770591947,65213.82960245963,79154.12088085663,113854.46654015381,97825.82942555302,78999.37975399253,77940.42115693344,67048.32667688449,77029.3864046796,77584.9613648607,106319.93935345882,68772.1826162556,4
125300.86193094993,143618.34002951861,83401.33230702071,174738.8973520872,87106.37981967686,63986.04827952961,80840.56000000954,117356.58256490024,103137.07329476754,77519.38134662883,74811.33339540166,67596.83848581773,79965.15392841744,77872.76242646723,109005.03206313039,73403.79934356206,4
124477.55777568315,141203.39050333388,97305.19024195556,172969.30974356053,88220.03313541808,65787.86710356083,79226.87580905865,113188.74218329696,101489.39210050013,77189.98368859098,75699.70347877782,68090.90144525784,78948.41777663444,78448.92334329168,106785.81676314077,71716.86848603112,4
124663.81486222922,141669.1338025491,88162.58915216794,171138.85833488207,86270.84926019303,64090.363870902525,80109.18856968744,116378.38082055817,98819.65503926935,79235.9506173075,77425.16874374972,66733.59176320932,77624.36749033541,77218.92919766059,107729.03802741028,69791.84684656226,4
125165.92444967324,143314.66922934883,89087.34787551736,175885.09480775535,88293.6374299094,65012.52979189513,80287.44373171851,115403.71065184005,104733.81486342131,76288.1578550527,73773.27367940827,68404.0493850767,80730.03062367805,78601.54105443253,108432.06744576305,74539.71499678076,4
124175.29513541402,140206.43564539382,96840.36336426299,170164.43403535296,86988.1837949972,65227.55357355518,79130.60684568965,113844.34119991557,97859.13352479142,79032.48268753085,77977.39094226253,67066.2304241932,77034.95198904896,77598.52887374508,106410.50862199171,68794.40025024417,4
125281.28180280708,143608.81818638067,83495.70137211101,174796.0060591705,87081.54703158702,63961.37195365095,80827.23836031418,117368.205472017,103050.23676755867,77591.71159168621,74898.95223366645,67567.80356977029,79899.57391018557,77846.25325754324,109049.02029621844,73325.94821762422,4
124500.40125851647,141251.4914574017,97300.04934073084,173120.85457096752,88241.75903102863,65781.94389128017,79253.69790240502,113252.84698639477,101551.46289485252,77179.16544427461,75675.76476046619,68092.57782609199,78965.3380471871,78447.9175147912,106834.34240035324,71760.54379469679,4
124664.08308316268,141647.25144472736,88379.53518385116,171174.01762891028,86273.17384161639,64096.309434927636,80098.54913932671,116342.08158756276,98763.44040196424,79288.43251328857,77506.90907322276,66734.73170217653,77593.87971089837,77220.65028198365,107762.76680979333,69744.9081832061,4
125173.16641487676,143328.2367382332,88906.8351872963,175848.6614642932,88270.34691218697,64963.49006456019,80303.91696738207,115375.16747417062,104745.54952926034,76298.64082320224,73775.24063292035,68396.40508847298,80734.7021382692,78589.35935370438,108467.09262932451,74559.4962906237,4
124189.3096791875,140172.61745603292,96923.53420538119,170090.33800248362,87009.21678652964,65234.19204165841,79139.43578474948,113775.52017873767,97875.8973331329,78996.42932372443,77938.29774121019,67073.31592718553,77045.18908800949,77603.80388543653,106363.83817956904,68814.87444816524,4
125294.73755296918,143555.4869241103,83420.55480725227,174634.44765024754,87052.35565332838,63936.67327602784,80849.27718034711,117343.37268392715,102970.48574334214,77611.04585064005,74916.25248387486,67548.0446276718,79870.04725576012,77820.05701304162,109016.0291214024,73281.17767348024,4
124525.21169486186,141247.7363643332,97109.72423669389,173079.16856755837,88252.37610964492,65761.40263812574,79283.1127981082,113191.84907577623,101641.80864594087,77128.87401925016,75594.82909379352,68124.8760968299,79038.65176900051,78461.26150623102,106852.6261273177,71863.11595000219,4
124726.8914850821,141628.94536601848,88479.84981296657,171199.20804491141,86302.3205163861,64143.002229094775,80148.52763992878,116419.91036175613,98716.07705546345,79287.44903653253,77512.7428785256,66753.46246403009,77603.60271973643,77229.65803499914,107725.97583841991,69737.04036915784,4
125256.09138680594,143444.68932684534,88671.53837341529,176164.6704274023,88287.06601703954,64964.49589306067,80370.86044202572,115525.39354865476,104824.60764939876,76318.48917227855,73778.05695272172,68449.40107457651,80838.99537789768,78625.12214483287,108588.57436043912,74676.66413505843,4
124229.02872908459,140213.81172106406,96946.62355740352,170231.10928906314,87052.15448762829,65261.39411466052,79151.57278198873,113745.92646907884,97910.4084265719,78944.84149752159,77892.387258099,67113.66082592736,77096.32987932324,77620.61239726692,106357.31147018808,68869.03272498044,4
125316.70931776873,143565.16522945944,83339.26151266832,174601.54588240932,87044.01845264656,63932.158223647864,80864.11873866543,117345.56315488377,102906.33623675541,77632.9729119507,74948.50605112387,67551.71031376247,79870.62840111594,77815.89958857294,109002.30515030684,73251.76277777705,4
124590.74700960482,141365.84298203504,96960.30282501016,173298.9979742763,88296.67726715533,65782.99442326957,79338.25455167945,113309.26278939996,101769.63827248076,77104.28710034932,75553.29955259556,68177.02271664413,79145.49310749688,78502.61223347334,106910.76301464594,71987.05637300687,4
124702.81865630373,141605.09605468466,88557.9021046045,171088.4775028798,86299.90652798493,64142.77871165022,80115.67057557948,116287.36451713617,98662.03053737052,79290.01948714489,77540.68255909474,66758.40219955471,77588.53764397356,77234.50836354595,107683.2169512769,69698.05892682778,4
125257.27602926208,143441.44832389933,88422.56229192762,175965.3822738388,88270.1904499758,64939.1266631039,80398.93423306159,115533.77545282549,104816.24809697249,76285.36388699578,73725.12802185155,68421.14846958501,80825.24905505766,78600.13289453184,108518.07695842707,74670.89738498896,4
124230.28042677409,140210.34720067348,96982.11812759854,170174.00058197984,87083.67044731027,65287.03156555076,79153.8303081787,113696.26089289915,97986.78433737569,78916.99122393026,77860.80424318365,67142.47222453025,77146.08486248075,77657.93981050728,106350.29302242912,68938.92662989219,4
125329.829791764,143561.36543290204,83291.18291034496,174538.55866653429,87038.05053687698,63941.63536329691,80883.4977011082,117399.76613518789,102856.64830883125,77663.12541522091,74985.25231900839,67535.81822345474,79849.30483690559,77812.99386179374,108986.50246697695,73224.22542860812,4
124599.79946610922,141411.90992735742,96791.68126483932,173346.94246613295,88316.83854065402,65778.18879821168,79351.55383963035,113311.6991295456,101869.90819810727,77058.46602421594,75490.89348207635,68192.31130985158,79201.10424770167,78522.97467267212,106933.13711084571,72089.67323180118,4
124662.20553662843,141535.6044811731,88660.96599828792,170903.06978262303,86298.5654233176,64149.75245592028,80076.13033963804,116173.63884134757,98601.43495815218,79279.49181550644,77551.74667260011,66739.71614119007,77546.8516405644,77228.85337219875,107614.32887486565,69654.67419084003,4
125254.99615132764,143452.06540251558,88224.19055988676,175890.95096480264,88264.87073479542,64919.99356985016,80414.89337860268,115579.70828768115,104835.91763209316,76279.48537820404,73707.49249547631,68404.2505507768,80833.85447667295,78597.58479566393,108518.14401366044,74698.45708590235,4
124222.79259238156,140210.52601462914,97062.5620558932,170181.95780300593,87120.28260472807,65309.13744081705,79142.09564233967,113683.833322982,98044.63065202603,78890.7726276842,77837.31255976112,67157.42554157085,77171.65525813762,77689.27695623362,106342.06758046956,68988.59220607189,4
125281.79589292956,143510.76108345523,83263.22087803137,174361.35403649262,87009.66382141874,63913.919200172335,80849.81362221405,117336.62245710165,102784.22865679607,77690.46159868976,75032.03452015335,67506.71625217394,79797.26997581363,77804.83547506756,108953.4218851831,73161.52878541098,4
124570.49632912832,141388.10531951254,96659.73891731966,173205.85825513105,88324.90752040238,65764.19660618265,79346.61410410573,113272.09183837079,101934.12475992738,77001.8267037662,75417.53505677404,68182.14126612441,79214.00120425239,78528.31673959694,106890.31116846934,72126.26303747452,4
124649.15211786654,141488.50935560578,88864.47863155349,170854.27592447712,86314.85984502552,64185.090563904116,80065.71442672187,116180.72434433989,98567.57206530239,79308.70554550953,77600.92051040179,66742.06307435788,77529.55139035599,77252.85914574374,107594.07819438913,69612.51880079732,4
125257.56660194,143479.4239377289,88069.31532255595,175933.68750020117,88254.4771736237,64903.65444465333,80434.60761721226,115644.95302974619,104853.88843463523,76300.98775637004,73722.28935030573,68399.57903618563,80850.35006408097,78603.64211841133,108553.41506641092,74708.60477788506,4
124231.5768279525,140240.3432417325,97178.45585089397,170336.54246765882,87155.30778828953,65343.53677553377,79141.98388361739,113699.99363422318,98103.03576028773,78877.18276705538,77825.4214317109,67189.27677741967,77218.75038370496,77724.16802932836,106363.43584816884,69034.52504092753,4
125276.67734344928,143497.1712228264,83276.16253807099,174360.81759462567,86985.70275136265,63905.872572168424,80844.40450005585,117351.91105030908,102691.15599288416,77728.83954391952,75086.21514871302,67483.9845280629,79757.88620208338,77788.74221905974,108940.07789374328,73089.62322349826,4
124576.53130013125,141432.92056714543,96512.75384578155,173292.27009919527,88333.6023489955,65748.8186059974,79355.01836002093,113275.98104190601,102022.05652261456,76970.62366850658,75367.33303872742,68202.70487102329,79269.47823399046,78541.28075138101,106922.22945955151,72204.76236400157,4
124658.29398134876,141474.00307345428,89033.86015103581,170884.69664868078,86328.11442948753,64217.63470383105,80067.05553138918,116219.99635934788,98515.89483212172,79318.98734795897,77628.86019097093,66746.91340290468,77511.58058781394,77257.15068067917,107559.58945269459,69577.20304455794,4
125278.0184481166,143554.65990956544,87888.28854421241,176126.9183310173,88238.47332459371,64878.88871179685,80454.76889071094,115728.41444354231,104901.72116776957,76325.39586131524,73736.14743186801,68421.70726319638,80899.92623328284,78617.96958660717,108651.6956867809,74777.02346766276,4
124204.97825205067,140200.75830230216,97247.56744474977,170252.79048118478,87162.5721052375,65342.75446447784,79114.80416235974,113574.48858910664,98111.61883015858,78812.27330115715,77764.26705888117,67190.72964080927,77208.31211904432,77715.3390902685,106301.65562649436,69042.70577939818,4
125297.75503847064,143487.55997271062,83351.174992463,174363.47745221586,86972.85049830086,63919.21656360824,80867.02446544463,117446.61539156621,102621.79852983935,77775.01824796418,75139.1887830721,67477.99426054886,79733.54515237155,77779.53330034415,108945.41996066809,73046.2384875105,4
124610.28243425876,141506.39075117002,96476.14168836376,173503.53878778682,88350.72378524826,65752.59605081035,79379.58292717731,113344.44443517261,102116.62675340495,76969.79665396175,75343.14845122676,68240.6134296195,79343.30604592635,78567.1417197158,107015.52564090797,72305.23345532817,4
124610.68476565895,141370.17922045937,89244.54769427153,170671.4386548327,86301.3146878856,64205.96709322537,80008.56101614964,116039.34956066008,98405.09723485676,79326.65399630714,77651.56956333751,66722.43824272612,77446.40290098226,77226.17116286412,107491.52839082819,69485.04680216871,4
125272.7657881696,143502.08860660656,87776.93215333608,175928.524247232,88204.69983872173,64845.29403988052,80469.20811762907,115740.68555124827,104863.32087079536,76329.24036136155,73723.22812357284,68390.12424828103,80875.7416457822,78580.53041464454,108623.28661957821,74741.68535967892,4
124209.00156605263,140166.26956060762,97385.43300455011,170227.95769309494,87180.63231475739,65357.43956058497,79112.85956059213,113559.28940287702,98159.18334235947,78801.25389114069,77745.53629702763,67213.23784747576,77239.31398860384,77727.87841890793,106310.3951585764,69079.38499204934,4
125299.5208262826,143445.24812045673,83395.00676333986,174312.15784694647,86947.45891659963,63906.87840066891,80872.03125620261,117478.62308962621,102545.4002672911,77824.25914099922,75198.66677506767,67460.64930685154,79697.3129746095,77758.2097361338,108952.2148909825,72985.17352165861,4
124642.17837359649,141554.89403663803,96384.499536097,173664.38194088722,88367.17466916736,65746.80694899643,79412.01530838196,113420.68623550967,102205.98902773728,76946.77435717278,75309.21850314361,68264.17216827539,79399.36422102025,78579.32342044395,107072.85786543583,72387.66668887934,4
124630.19783856843,141368.59224660305,89463.4606794668,170802.68809827426,86315.70921131482,64230.129328981566,80007.75635334925,116062.61772663805,98361.73485061346,79352.6267233642,77702.73270639572,66735.46930974357,77433.81886885392,77233.18961062309,107506.99579799126,69457.08476985512,4
125268.45190148974,143507.02834213118,87645.41448896105,175928.6360059543,88175.62021918538,64801.99871087059,80464.6930652491,115701.8605711294,104838.86806236126,76343.81369874641,73732.5040975218,68381.18355049891,80869.79608175709,78560.05621672347,108656.99305021681,74737.95261835487,4
124188.03562975355,140099.28138247508,97511.13921536675,170088.90749083846,87192.56814629653,65358.33363036319,79086.79742655724,113431.45977633713,98153.26013007881,78766.78750119061,77711.338128011,67217.57408590008,77234.10603214575,77718.37892751444,106257.3321172395,69073.9535181467,4
125259.57825894098,143323.09583700847,83450.64025528911,174016.1760468693,86907.20342483562,63878.37992648839,80844.35979656695,117382.80116114632,102417.61534424011,77859.10551060505,75244.62196166777,67426.22762039037,79632.87289534484,77716.52373272464,108896.31317809978,72883.31662217577,4
124628.11912633409,141497.96414351035,96283.78257558138,173509.08202041173,88366.74998602271,65722.28708532895,79417.13385786222,113379.9166536232,102243.76347586674,76912.01739454478,75248.68997915865,68259.8582815955,79417.15620960668,78559.45271962318,107051.73546692556,72418.98148286123,4
124584.84614906862,141249.41274516736,89642.65461476501,170595.15215100674,86307.66258331091,64230.79988131522,79974.25108841075,115953.22828927379,98291.43861430153,79369.47993868351,77732.34876779899,66727.6014956953,77394.41274337922,77216.53756100388,107456.19028284434,69395.17043771392,4
125280.96887838471,143500.99337112825,87519.17183627747,175934.84979091285,88170.52402144957,64792.65568168827,80505.03796399092,115825.17514528932,104834.33065823682,76353.69316979566,73728.21256258638,68368.13013173701,80863.04585493158,78535.22342863363,108660.7481432853,74730.42008047344,4
124200.59731013744,140139.04513586106,97638.16417910626,170345.2596479964,87230.90138803738,65387.2344359439,79095.2687377058,113497.28566375801,98229.92661356051,78765.35698954547,77709.8852646214,67259.61771722052,77286.29735544889,77750.6995499968,106326.0413796951,69139.95821952322,4
125211.92433976226,143283.2650283891,83500.32818321326,173996.9758983822,86866.50089818251,63847.17689122879,80802.0702960575,117301.39610784008,102318.150081414,77901.55147332567,75302.04359317345,67400.4113555445,79574.22191789412,77691.06509579005,108905.2538758819,72801.62099619163,4
124565.31072441468,141437.01093638074,96187.4018534901,173326.3118060007,88343.81709621157,65682.00924182049,79383.65094466817,113238.29600075436,102261.35429875307,76865.86104224456,75184.18284466062,68238.3111999406,79402.62757571072,78533.30117861048,107014.47510891857,72421.57428521804,4
124532.7442327433,141106.02630448656,89879.87367866919,170324.0031390194,86292.64221103695,64243.65213437702,79942.60101826204,115870.39272432242,98185.84897349465,79374.75495037496,77753.13589014244,66693.67154761215,77323.2000855446,77185.53569144437,107366.55978757856,69295.83928535454,4
125224.37426142387,143404.2997246146,87383.49674743376,175712.5169888159,88115.00228822259,64734.00470423755,80480.11576892326,115740.19381287025,104799.97602700902,76377.8330538074,73739.63430400305,68339.16227092294,80847.57844776851,78503.23808231809,108680.64119585052,74709.61060638554,4
124134.88318143884,139981.37593047332,97709.08626426295,170029.22833314282,87216.57391984152,65371.54351133628,79052.44279532944,113319.0975569603,98209.25124993936,78708.76237258464,77646.89804874636,67233.77910063018,77251.49568933198,77714.86970363495,106228.09603549195,69111.48209708717,4
125166.86322294036,143120.94666015467,83514.94622408703,173680.16227247266,86823.3396796393,63829.58606834246,80790.49209242966,117253.25045028335,102199.23880091177,77922.6962235804,75331.12321270982,67357.42895095694,79501.57874841437,77639.4772695872,108822.0383312748,72699.85350368661,4
124561.82385227966,141384.73020609978,96039.18743600696,173292.98535501782,88343.48182004473,65668.03940153592,79403.27577629994,113265.27455631192,102328.27542165226,76829.56180924915,75123.72137590902,68244.94966804382,79438.18920113912,78521.11947788233,107011.03294027245,72476.29135564463,4
124490.90176712297,140980.4765558811,90009.73731395452,170195.74882933486,86279.23116436377,64245.0155907888,79911.1074103245,115772.98382198618,98124.5604901982,79375.78313061991,77763.77532050316,66686.60839636426,77285.00095427048,77164.457996423,107303.30435077005,69236.18247940332,4
125225.55890388,143371.08503235402,87207.99084997068,175718.2390353965,88090.81770072195,64713.821078994406,80506.71434482507,115812.54640967208,104786.45322161356,76380.26939395301,73720.25534156029,68322.48786955928,80837.29664531907,78473.55496568144,108663.56446308667,74696.62424285701,4
124153.72570201466,139993.13294805682,97790.96070420275,170238.88769613358,87248.8945423239,65407.12748850912,79071.26296416081,113383.0682495914,98269.0421663573,78688.77991304158,77619.11483038841,67264.06571436713,77292.93582355212,77730.98531138722,106242.02117228761,69163.24873724565,4
125208.01278448258,143181.4975358841,83579.63217254069,174024.80382022905,86824.09963895079,63852.9212895538,80824.51144749063,117431.0138739364,102152.12132359997,77993.48419827035,75408.50495201409,67366.61551792808,79498.09187627934,77641.2207056547,108888.33360532923,72675.33364001915,4
124641.23960032935,141591.75206324484,95955.52485651075,173962.62126715438,88383.64790483093,65689.6535384242,79461.36796013928,113496.54805619098,102455.45684760295,76848.51608854724,75127.72233816652,68303.33242456109,79540.64959772225,78559.98916149011,107179.63214869883,72609.73127004282,4
124507.19618883089,141076.79022273902,90199.5930313579,170598.3708022083,86295.99497270524,64262.561710186215,79885.26879373417,115772.69324930827,98084.70732983439,79407.45555251307,77826.11433578901,66711.21766700955,77280.66471584616,77174.20335700552,107365.75512477817,69221.31856934054,4
125249.22940125817,143472.2713795032,87068.96299945867,175944.66220672874,88079.82064244994,64691.24581709455,80518.62782461976,115883.58025355104,104757.44065731057,76390.50649291356,73733.37581555556,68313.45776479933,80824.51144749063,78448.25279095802,108700.93657981594,74685.64953632945,4
124169.17075743327,140070.40292863882,97875.27148428815,170462.94158255358,87283.83031890754,65423.28779975031,79061.67406578947,113379.514322223,98322.03815246084,78666.80814824202,77607.33546106046,67295.60402579357,77330.1961815591,77747.5032505397,106283.75187918567,69217.76464197214,4
125169.9477636752,143153.2896343815,83604.53201586391,173905.91489147127,86791.80136821287,63820.82418451598,80780.27734521357,117335.77309081235,102037.00983965515,78018.60755903811,75453.96840023618,67337.11121524706,79430.5449045354,77602.08280111347,108858.6951921815,72584.54085404168,4
124613.79165813825,141577.62576074907,95801.00724709121,173800.74993380904,88378.52935535066,65653.6448781067,79444.91707622017,113429.38106410278,102486.27990320681,76792.81554136462,75052.75458726342,68287.19446506434,79534.30170229694,78529.68019600872,107138.90727030126,72630.3395784306,4
124435.24592342925,140933.49318903603,90349.23796048618,170199.10159100316,86278.15828062991,64251.09526528064,79825.96961569424,115596.71796521163,97990.96411358882,79385.2379185245,77826.9189985894,66679.32172767184,77202.59007246376,77137.39003388764,107250.2636611776,69129.9222862628,4
125240.53457266506,143442.45415239982,86926.38122157827,175811.28934756393,88058.1841538172,64663.84257839234,80535.61515040579,115956.11166430851,104749.39402930666,76405.32569948741,73741.06481564818,68294.92816864589,80815.54839796406,78430.34904364933,108705.87631534056,74682.65440257244,4
124131.32925407044,140012.66837271076,97939.95743274182,170343.8514880957,87293.48627251224,65418.41511945905,79030.06869912967,113290.91200720216,98355.34225169924,78622.5069907316,77568.80105361952,67299.1356014175,77328.36333851378,77746.11744238346,106252.37002997042,69237.1436044149,4
125124.19374277518,143057.13242973477,83655.65045543319,173693.6850778681,86751.63528342669,63796.99722492662,80746.88383899735,117281.14542736358,101929.49794882513,78045.0720244732,75504.61745317192,67302.66717704144,79353.99017977598,77569.22573676417,108815.5339736383,72490.2611959292,4
124629.46023100142,141595.93183945798,95705.5876500115,173854.9305623687,88386.75479731022,65652.12495948374,79474.68959983464,113531.9979228971,102546.11552311368,76755.44342463535,75007.2017320635,68289.72021218779,79552.83129845039,78526.21567561814,107153.27944198603,72681.63683195553,4
124446.80177531265,140958.72830852607,90591.15089072597,170426.64234955815,86294.3185918711,64282.700631940446,79815.79957196707,115657.09002698542,97979.14004077198,79426.36512832227,77895.22592964482,66705.74148961801,77208.69209870006,77163.54157490034,107318.59294397748,69136.94073402176,4
125256.33725599495,143512.57157475612,86828.5923395863,176001.3462306674,88037.93347334069,64642.63077290425,80548.80267963442,116061.58954639311,104719.91207837011,76427.11865033134,73758.6109350456,68278.43258123787,80790.87207208539,78405.18097939265,108755.25131884233,74675.18891992437,4
124164.47689109766,140121.8789961194,98073.28558841773,170715.09161175392,87331.03720319715,65446.24304130591,79035.94720792142,113388.34326128285,98426.1749298781,78621.8587901424,77562.83313784994,67335.56894487965,77371.18928089015,77770.61495430648,106334.17741467684,69317.09579433153,4
125135.99546384758,143117.01275313055,83768.54911667695,173890.17926337474,86736.59255940827,63797.53366679355,80741.34060637244,117359.89062307963,101833.20663371166,78099.74439141087,75573.93021272782,67282.17062737592,79301.19535937255,77543.72239634066,108846.60289843117,72432.7501574457,4
124651.87903069009,141723.64970727562,95618.572308847,174150.77825197915,88396.34369568154,65633.17068018565,79482.37859992727,113599.23197021867,102631.09685553276,76757.92446826989,74987.44278996502,68308.74154671926,79604.79910430899,78535.71516701164,107254.73401006867,72779.80569360325,4
124453.75316783825,140992.21122172015,90843.88206528212,170564.1055779583,86305.42740886539,64305.07472814021,79798.20874908075,115687.77897212256,97918.54446155364,79446.05701518738,77935.3473109421,66698.0971930143,77166.69317086854,77149.59408636023,107310.6804264403,69102.18377139376,4
125240.3110552205,143562.95240675836,86717.4147626656,176072.08950186844,87997.25329843203,64590.7970775124,80531.56948465938,116057.90150855799,104698.65556939312,76462.07677865944,73797.70413609793,68260.93116532936,80775.82934806697,78381.37637154775,108826.77690109932,74681.55916709414,4
124107.97168111465,140060.97049247866,98149.4156300325,170503.8005714179,87320.30836585861,65420.56088692676,78983.33120147363,113206.221247461,98419.75997921944,78563.02899873603,77517.86142800587,67312.36783413505,77334.46536475008,77740.44009929182,106266.40692548835,69310.43497448385,4
125101.1267424973,143033.21606316758,83868.30495218099,173656.0447402054,86697.90168975612,63781.86509393038,80720.19585611772,117334.7002070785,101719.01157128949,78142.45857506497,75641.70070191631,67241.33399025607,79230.4520881715,77506.95377671169,108809.49900263536,72346.89710699285,4
124594.23388173986,141655.70040413146,95478.87390600132,173891.3415540864,88362.07847143155,65585.69557496256,79451.1532129232,113475.51506465854,102652.86745463223,76718.853618962,74943.52161211033,68284.73577317427,79593.60088033687,78504.51213175204,107237.67962904926,72801.3304235137,4
124360.09935857051,140804.36716131773,91015.31994525432,170091.23207226183,86269.99989390373,64292.98243438989,79729.54419011404,115472.1069898733,97809.82557652303,79423.54880852089,77938.23068597683,66648.29750636786,77077.50971049187,77103.92947243805,107191.59033198243,69004.12666846832,4
125202.44720011321,143458.07802177407,86593.20611872747,175753.01834976894,87954.02502465546,64562.85739694326,80534.87754283876,116060.60606963707,104639.17757739754,76465.22837462764,73793.63611860706,68208.58337981503,80731.72935625665,78334.48241168051,108787.12490643561,74639.20261135133,4
124094.22535827463,140014.88119541184,98230.21718623844,170473.3351437253,87332.3112526311,65439.38105575813,78982.72770437333,113201.90736078113,98467.54800886489,78536.67629202323,77492.40279107128,67320.63797958351,77362.22623136357,77745.89392493891,106282.83545766301,69365.64378328845,4
125090.30849818094,142963.76919314495,83951.69931074373,173587.91662310562,86666.74335798543,63788.30239633351,80726.07436490947,117375.6038994317,101601.0837675433,78166.62081082116,75689.17580713939,67198.9103792799,79158.34536055868,77467.0335611145,108780.59819705466,72266.74375137613,4
124639.54086775075,141743.83333251876,95367.91984652518,174228.69643315036,88369.72276803527,65588.55659825285,79497.77895185698,113609.55847615702,102751.7515721025,76716.28316834965,74925.930789224,68308.89800893045,79671.27319231906,78522.6840999942,107366.67154630084,72918.05123305932,4
124397.1138473885,140835.70430704407,91225.80632278995,170352.1663370331,86288.19421389034,64333.39438836508,79748.23024847869,115527.31579867791,97765.83734343498,79435.26112261547,77973.38998000503,66654.64540179317,77067.1385010646,77105.49409454991,107211.77395722557,68988.6369095608,4
125218.58515960994,143505.26255431923,86435.80513427319,175893.27554622598,87924.94540511911,64530.514422716435,80555.03881633744,116070.50789243077,104618.21164109846,76485.0543719595,73810.48933392637,68202.9954437012,80734.67978652475,78320.42316441813,108840.05383730578,74646.71279748832,4
124122.03092837703,140040.3621840909,98272.75255593688,170592.04525852745,87360.80972681163,65463.945622914514,79005.12415231754,113202.10852648123,98507.49057620652,78485.08846582037,77440.43498521269,67338.78759608121,77396.33499340237,77753.13589014244,106279.12506808342,69409.36379544305,4
125084.16176845573,142944.43493419111,83986.99271523867,173567.64359088466,86641.95527338449,63785.12844862085,80721.15698112929,117338.2988379358,101518.73994096994,78205.37873570666,75749.39140670198,67195.08823097804,79137.13355507058,77457.26584878753,108790.18709542598,72222.1967246767,4
124627.0685943447,141733.66328879158,95181.57335300128,174116.46832424027,88355.39529983942,65566.227205542,79505.13267578276,113551.26512661757,102780.27239802747,76660.87319384495,74859.25553551383,68299.37616579249,79685.80182621501,78500.46646600563,107337.81544420905,72956.27271607789,4
124336.2947507256,140702.86788974618,91350.21613242819,170013.55976027963,86267.8094229471,64333.59555406518,79702.23035838966,115348.97122966901,97684.6558075733,79406.9414623906,77976.67568643996,66632.51717478242,77019.01519525233,77080.32603029323,107124.55745036095,68933.83043215638,4
125213.06427872948,143472.7184143923,86270.82690844857,175757.3322364488,87889.65200062419,64510.84488759576,80578.57520324888,116128.89064894804,104595.1893443095,76492.83277902994,73819.58649391968,68178.5426352671,80728.44364982173,78295.97035598403,108834.2870872363,74656.39110283746,4
124106.5411694695,140007.63923020833,98265.91292213356,170527.73928972954,87368.16345073741,65469.71237298398,79000.76556214876,113149.11254037768,98552.93167268416,78432.3159971614,77394.30098465693,67337.2453257138,77418.06088901292,77753.69468375381,106257.51093119514,69465.77959844824,4
125081.03252423198,142896.53514582338,83998.28034618859,173470.83818564872,86619.6482324181,63783.51912302007,80725.29205385353,117352.76041659838,101434.943251007,78227.88694237315,75792.99966013429,67163.28169861814,79096.2745662063,77437.86453460033,108754.58076650868,72167.56906122793,4
124683.75261828335,141831.0721911278,94984.49802213884,174356.19078352343,88384.34080890904,65571.9269003781,79567.80696723545,113695.05389869856,102893.2828179935,76638.07441450053,74815.93785475944,68319.96212243583,79765.1281672869,78527.17680062972,107396.93580829333,73069.75252267749,4
124387.70376297281,140771.95713185755,91497.08944524401,170301.85256026417,86308.98133623379,64386.12215353515,79732.20404770423,115448.3023820284,97692.32245592147,79415.07749737233,77997.79808495022,66656.6794105386,77048.31833223323,77112.78076324234,107144.27168897053,68956.76332196752,4
125257.29838100653,143591.27206698325,86083.07225502399,176038.539533441,87887.57328838985,64505.3240067153,80622.58578808139,116258.2848975998,104601.31372229026,76510.1553809828,73825.28618875578,68180.77780971263,80756.11510945739,78301.62534733121,108897.05078566681,74687.1247514635,4
124163.4040073638,140163.76616522865,98299.70875974999,170959.88791702842,87426.90383516597,65517.09807122923,79036.05896664369,113262.27942255492,98661.09176410339,78407.72907826056,77356.21361210509,67387.00030887131,77501.5446545535,77804.23197796727,106331.62931580894,69582.90273939405,4
125077.54565209696,142946.96068131455,84056.6407509614,173580.16056777962,86612.24980500339,63790.872846945866,80714.96554791517,117358.97420155695,101342.04940105074,78258.46412878802,75832.6963582869,67144.19330885331,79052.48749881834,77425.19109549417,108751.11624611811,72114.93070303569,4
124696.33665041169,141936.30420402338,94854.94731127589,174534.78122172132,88401.39518992844,65571.83749340028,79587.72237154513,113767.56295771158,102957.9017112138,76615.85678051195,74762.20426108889,68323.56075329313,79803.75198170567,78531.84831522088,107444.65678270541,73144.72027358059,4
124345.12368978545,140762.81526837533,91705.98884892331,170270.47071104893,86312.60231883555,64399.287331019324,79679.94566916772,115343.0256656439,97639.48293202913,79423.54880852089,78016.81941948169,66647.4257883341,77016.53415161779,77111.01497543037,107131.82176730892,68920.10646106082,4
125223.01080501209,143576.47521215383,85999.9461173947,175852.8188887619,87857.77841303092,64476.400849390135,80606.69369777366,116236.44724326697,104531.62098307861,76524.90753232331,73826.20261027844,68133.70503588975,80698.53701574053,78257.86063168773,108860.97507011594,74622.97524487678,4
124116.62180621884,140115.2181762717,98400.85040341025,170762.8572896549,87438.97377717184,65518.55093461883,79001.30200401568,113160.1095986497,98685.09753764838,78377.3977610347,77314.86288486277,67382.32879428015,77493.34156433839,77793.1678644619,106290.4350507778,69580.7793236708,4
125018.98408162405,142857.08431685978,84192.40524678293,173336.2136287944,86573.80480454025,63772.0526781145,80670.32911423792,117289.81790421224,101239.79017016772,78313.1364957257,75900.2656817753,67112.65499742687,78989.38852422101,77395.82090327989,108725.85877488361,72008.20112326159,4
124644.19003059746,141882.21298244156,94752.55396992613,174288.35323910156,88379.15520419541,65532.319609203296,79561.12379564332,113697.9372737333,102974.86668525537,76578.73053297169,74707.48719066229,68294.95052039034,79781.31083027254,78494.43149500269,107406.48000317575,73128.98464548406,4
124314.43474464832,140685.03119767085,91985.1621371701,170155.58274454865,86323.28645268518,64426.623514488165,79653.39179675482,115353.10630239324,97590.71142562764,79439.3514918508,78049.20709719743,66632.24895384896,76971.94242142946,77095.61462350066,107094.85198197985,68854.88407074024,4
125246.27897099007,143639.46242802887,85997.46507376016,176097.14580740285,87851.65403505016,64475.19385518955,80635.12511672081,116455.47198718453,104526.56948883171,76586.84421620896,73883.42307608403,68123.28912297358,80700.3922105303,78247.80234668283,108971.63855691417,74621.12005008699,4
124101.57908220042,140174.45029907828,98536.39138178724,171039.50483077823,87458.91153322597,65519.57911486377,78969.83074782262,113167.73154350895,98743.48029416565,78369.66405745316,77307.68797489261,67397.25975957629,77517.77202102805,77801.03567851016,106383.23949375623,69630.1319754281,4
125011.74211642053,142877.223238614,84389.5252811343,173504.2540436094,86554.64935954206,63773.77376243756,80650.90544830626,117366.7079051385,101128.76905545821,78375.38610403372,75977.73682805739,67083.01658427913,78916.74535474126,77363.14265288624,108768.59531028215,71920.40347104115,4
124664.37365584061,141996.16217567472,94708.87866126045,174613.95110058202,88378.57405883957,65514.59467585024,79572.18790914869,113807.99726343123,103035.3728574959,76594.71203025723,74698.34532718007,68306.7745932072,79811.10570563146,78490.05055308946,107532.14151050348,73193.11180032633,4
124328.9410267998,140733.08744824977,92278.70759710165,170381.35771529173,86332.94240628988,64454.07145667928,79645.18870653972,115401.31901518334,97544.35390762734,79470.28630617695,78098.1350658101,66637.38985507368,76940.82879314767,77087.97032689695,107141.38831393581,68821.8928959242,4
125248.15651752432,143700.8179665587,85932.77912530651,176200.88025341992,87803.88835714918,64429.84216568973,80630.78887829649,116463.65272565518,104489.84557269163,76638.7896703231,73934.20623948649,68112.82850656849,80676.05116081848,78224.5565324493,109058.1398079562,74606.81493363559,4
124102.3390415119,140205.76509306015,98600.25031569604,171070.126720682,87457.99511170329,65507.151544946624,78954.43039589291,113086.99704253639,98788.67552145428,78346.3958914752,77280.4411984016,67412.07896615016,77528.76907930007,77801.72858258827,106413.28023830417,69669.940432303,4
124966.85981355427,142748.99128067392,84447.7292236959,173060.30369523808,86496.51247221381,63738.88268934283,80616.528465334,117184.161208172,100972.82093439353,78377.8000924349,76006.88350282711,67030.60174353144,78801.58916730752,77302.9494050681,108655.96486997187,71785.33187929772,4
124690.32403115321,141981.63354177875,94515.84899614441,174448.19056370147,88366.95115172281,65495.461582596494,79615.72910734762,113828.80673751912,103107.97132348674,76568.80635843353,74661.04026568416,68318.44220381287,79851.6517700734,78491.81634090142,107548.05595255566,73264.81619653896,4
124326.3929279319,140641.35588900518,92386.9570954987,170168.56910807718,86325.70044108634,64463.123913183685,79638.88551460333,115294.56708366479,97516.19070961366,79456.87525950377,78106.82989440321,66650.24210813548,76931.0610808207,77094.80996070028,107102.56333381693,68807.74424168399,4
125271.69290443575,143649.05132640022,85709.48519819799,176029.50942868108,87770.49485093294,64401.23193278694,80670.73144563811,116474.20274903807,104460.22951128836,76634.02874875412,73926.2490184604,68110.45922165623,80674.6430009178,78206.94335781853,109044.32642988283,74604.19977953432,4
124112.82200966144,140129.9256241233,98502.5955441708,170882.14854981287,87470.53444034273,65510.75017580393,78974.79283509169,112989.16345705552,98844.3760686369,78263.85089920175,77189.02256357939,67439.83983276365,77569.44925420872,77807.36122219102,106351.23179569624,69732.52531677787,4
124969.4973194,142640.7641340213,84408.34544996565,172832.0923843494,86473.37841670256,63739.17326202074,80627.7266893061,117128.19244005591,100900.58009631398,78383.56684250437,76024.2955117578,67035.38501684487,78789.54157704611,77296.17682649814,108602.49949723476,71747.22215500142,4
124724.25397923637,141973.02812016348,94254.37828950623,174402.28008059028,88377.07649196107,65490.90182672761,79663.4500817597,113862.40140943545,103184.92837964636,76511.69765135023,74574.11433149748,68344.05730295865,79916.9635673718,78498.76773342703,107533.77318784871,73345.28247657805,4
124295.10048569448,140529.3736492841,92446.74801191664,169939.6648931104,86328.44970565435,64472.51164585491,79607.66012759926,115125.76670953831,97485.70293017662,79419.70430847458,78074.77749285431,66664.48016935351,76927.55185694121,77095.83814094521,107017.6043531423,68788.3429274968,4
125254.52676469408,143570.37318591753,85489.20875659095,175754.8288410698,87742.04108024134,64378.7460778649,80681.08030332092,116442.0385887669,104416.62125785605,76615.78972527859,73890.75444826538,68084.2182736657,80650.21254422815,78175.8520812812,108963.43546669907,74567.94525002781,4
124155.08915842643,140166.96246468576,98499.4439482026,171027.4125370279,87523.66453691298,65562.40505724015,79019.74219319131,113107.80651662429,98954.59252054602,78228.75866040691,77139.24522867742,67478.75421986035,77644.1711359228,77847.72847267729,106361.93828129033,69822.11110855475,4
125025.17551483816,142735.75904795635,84504.16737844556,173196.09054280407,86495.66310592451,63790.35875682339,80673.9948003286,117339.32701818073,100871.99221515564,78446.77757582397,76102.59367258474,67051.74649378617,78799.89043472892,77327.89395188022,108667.5430735997,71737.54384965228,4
124773.42781703804,142149.96452927167,94069.41760413857,174858.83681283437,88401.84222481755,65491.99706220592,79704.309070624,114001.161039014,103286.51705819572,76505.57327336947,74551.02497947514,68369.04655325969,79978.76614079073,78534.17289664423,107640.0557327337,73443.07135857003,4
124320.13443948442,140632.7951708788,92622.54448205764,170265.30745807977,86365.97828459482,64512.76713761892,79607.45896189916,115164.50228267936,97493.48133724707,79429.51672429046,78109.0874205932,66686.60839636426,76930.72580465386,77133.74669954141,107047.6674494347,68796.97070085653,4
125268.89893637884,143680.83550701567,85359.97097015036,175951.81476495444,87729.92643474657,64361.87051080114,80694.87132964985,116504.24349358601,104402.7408245493,76647.14922274939,73929.15474523959,68079.50205558563,80638.56728536694,78185.12805523015,109014.84447894627,74559.42923539034,4
124150.48469906863,140239.18095102085,98502.48378544854,171127.74951788777,87551.53716224876,65568.61884219872,79008.0969343301,113060.0855422122,99027.99564933726,78180.32243017227,77092.5971379992,67496.41209798004,77664.89120303288,77873.29886833417,106368.73321160475,69870.90496670068,4
125000.11920930377,142720.1351785821,84606.33720235077,173077.78275940215,86477.37937896006,63789.397631811815,80645.45162265917,117290.9801949239,100781.62411232282,78473.10793079234,76157.8248331338,67023.6727027503,78728.27544549412,77316.36045174128,108635.66948600645,71649.34386603163,4
124747.72331091444,142175.78079411754,93892.10121537463,174763.88660238823,88387.60416359952,65457.73183795594,79689.48986405013,113944.29820111969,103347.22439613634,76478.90764223429,74513.54110402359,68362.65395434547,79988.7797223067,78534.2399518776,107658.09359050913,73485.22674861274,4
124258.53303176559,140523.13751258107,92792.3506846846,169911.97108173027,86359.33981649159,64520.56789643382,79553.16657461722,115002.65330107848,97433.37749640674,79391.94344186109,78095.6316704311,66652.4325790921,76855.55688805066,77113.69718476501,106932.55596548987,68717.59965629574,4
125253.49858444913,143643.3069280752,85267.88178299449,175761.84728882878,87703.32785884474,64347.92302226103,80704.3484692989,116569.62234611779,104367.96151017684,76667.82458637054,73948.48900419343,68037.05609286501,80598.40120058075,78162.88806949712,108995.82314441481,74522.57120878354,4
124135.53138202804,140240.72322138827,98532.52452999646,171139.70770117137,87569.88794444656,65574.65381320164,78995.1999777794,113044.0369896933,99113.87105153454,78153.3438746147,77061.72937890641,67506.00099635136,77697.72591563773,77893.95188021087,106398.79630789714,69937.78138611095,4
124936.01440620596,142605.73895045984,84676.78990087389,172797.5812909104,86436.6992040514,63763.02257335455,80592.81326446692,117150.54418451122,100669.64187260174,78492.06221009043,76196.26983359693,66975.52704519356,78642.40004329683,77283.19046296961,108565.73087760579,71545.65412350347,4
124715.96148204345,142101.93063043721,93707.45345442933,174513.10002959968,88369.8121750131,65425.72413989594,79688.95342218321,113888.62000568153,103374.40411739399,76430.18083932172,74448.74339684765,68332.16617490843,79978.63203032399,78505.11562885233,107601.0966421481,73494.36861209496,4
124222.83729587047,140412.92106067194,92956.3901372421,169741.82960293646,86361.41852872593,64533.800129151365,79526.14331557075,114917.6719686594,97410.01992345095,79381.97456383402,78101.77840015631,66648.6327825347,76843.53164953372,77110.56794054127,106891.227589992,68696.74547871893,4
125221.26736894458,143561.20897069084,85133.63720579591,175586.65431578807,87658.64672167858,64307.779289219296,80693.75374242708,116525.29883686292,104313.40090196145,76677.48053997524,73955.66391416358,68002.20972325918,80568.98630487756,78127.25938883536,108975.3712982382,74483.70152517575,4
124120.04162312052,140158.35704307046,98540.14647485572,171004.63610942796,87583.43310158647,65584.39917378416,78995.69171615741,113001.41221301701,99141.65426989249,78083.74054238088,76978.93851744397,67492.47819095591,77697.27888074862,77873.54473752317,106317.57006854656,69953.13703455175,4
124906.01836514693,142519.26005116227,84787.78866383895,172729.1178976438,86414.19099738491,63764.98952686662,80574.08250261337,117130.82994590163,100595.23291531003,78540.67725428072,76256.03839827042,66961.91483282029,78613.70040341621,77270.740541308,108564.70269736084,71494.80390486764,4
124742.98474108992,142154.18900897374,93597.37111298695,174753.8506691278,88379.15520419541,65428.428700975026,79729.03009999158,114044.54577500175,103436.45256000193,76421.2401415396,74411.28187314056,68333.01554119773,80017.12173427604,78502.54517823996,107653.24326196233,73558.02638030367,4
124209.6721183863,140399.53236574322,93187.66363712116,169913.2451311642,86372.41558699794,64561.15866436466,79501.10936178081,114915.10151804704,97380.64973123667,79387.54014820339,78118.09517360869,66646.3305528558,76820.95638763385,77109.62916727415,106891.98754930349,68672.6055947072,4
125238.05352903051,143616.149558562,85112.4924555412,175835.76450774248,87642.70992788195,64303.91243742853,80712.66331823627,116665.5336815755,104278.08514572206,76728.7107382668,74002.80374321983,67989.62569113084,80549.02619707897,78111.88138865012,109044.95227872758,74462.42266445431,4
124130.88221918134,140253.62017793898,98643.3891824948,171386.06862855778,87610.2328431884,65597.36318556825,78985.63343115251,113042.91940247052,99231.01654422481,78091.36248724014,76982.87242446809,67530.94554316349,77750.56543953007,77904.32308963813,106427.04891288864,70036.46433788113,4
124874.63651593168,142496.01423692875,84979.43252079876,172757.4822613576,86382.92090689193,63754.1489308058,80528.21672299108,117086.21586396884,100462.6647189456,78583.16792049026,76326.06641364889,66928.27545741505,78524.11461163934,77234.84363971277,108545.63665934047,71379.53595871163,4
124720.1412582566,142169.96934055918,93496.47533851568,174743.5465149339,88355.50705856169,65388.53083712231,79708.35473637041,114009.56529492918,103454.55747301072,76415.65220542577,74392.57346303147,68318.84453521307,80005.54353064818,78482.62977393028,107683.3734134881,73568.17407228638,4
124178.73730406015,140350.76085934174,93440.5065703996,169844.24529603068,86373.66728468744,64569.49586504649,79458.506936849,114837.89859269842,97337.04147780436,79404.7956949229,78150.19227864651,66639.64738126367,76781.28204122568,77104.06358290477,106870.73104032649,68628.08091975223,4
125195.38404886534,143541.96411871482,85047.89591406536,175590.83409200123,87591.56913656821,64251.60935540311,80688.27756503553,116600.80302963294,104180.69859513028,76750.57074434409,74028.01651096542,67932.00289392506,80469.990428685,78060.45002465845,109004.94265615258,74374.28973606703,4
124106.40705900277,140196.4891191112,98674.4357555432,171253.14280428205,87619.15118922606,65584.82385692881,78972.2894397127,112973.2713667478,99276.85997210264,78050.65996058703,76937.56543845718,67526.49754601688,77759.5061373122,77899.9868512138,106405.12185157799,70070.4389894532,4
124879.08451307828,142429.5625006631,85135.40299360789,172678.08886505233,86375.96951436634,63764.76600942207,80539.92903708566,117139.65888496148,100360.36078457366,78621.0094238531,76385.90203355576,66895.75366923257,78468.41406445671,77212.24602606846,108514.8136037366,71301.77423975161,4
124757.26750579686,142229.6261465104,93342.8294471299,174924.39447932178,88365.94532322233,65373.331650892695,79751.80652759153,114099.55341810625,103529.32405821372,76419.1390775608,74382.11284662639,68331.80854699714,80063.97099065436,78493.04568684647,107768.89118777409,73654.40710239495,4
124212.80136261003,140361.31088272465,93629.08823836902,169995.81247518212,86410.9499944389,64611.09246147782,79478.98113477006,114871.3144506591,97322.80341658634,79404.57217747835,78168.11837769966,66653.5278145704,76785.73003837229,77118.99454820092,106861.9244530111,68629.80200407529,4
125251.44222395924,143637.4507710279,84948.90003787281,175876.55644137342,87592.75377902434,64250.916451325,80734.32215861348,116741.1049295789,104175.80356309457,76808.79703865017,74083.9405755926,67946.44212084319,80501.43933313362,78075.55980391023,109101.79276487742,74402.27412012508,4
124146.34962634441,140279.32468406257,98649.40180175327,171463.74094053995,87658.17733504502,65606.50504905047,78996.40697197997,112997.38889901506,99342.03765893432,78005.10710538711,76878.69094356192,67550.36920909515,77796.47592264127,77916.72830781083,106408.7651859242,70133.1579843948,4
124887.53347248239,142448.29326251667,85221.03252661617,172747.5804385639,86368.54873520718,63774.444314771215,80533.9611213161,117123.56562895366,100289.6175133726,78665.19882264124,76447.7940139525,66898.97232043414,78443.93890427815,77219.73386046098,108523.88841198545,71256.73547467416,4
124776.02061939487,142302.15755726787,93144.81534300034,175010.89573036382,88372.04734945862,65361.50757807584,79779.00860059365,114141.17236628204,103583.30352107329,76390.14886500227,74337.63287516033,68339.05051220066,80090.99424970082,78497.20311131515,107789.36538569516,73707.04546058721,4
124174.7586935471,140318.44023685937,93765.29976907966,169880.38806681492,86418.08020092013,64621.73189183854,79437.33983484982,114738.41097812784,97297.1659656961,79377.2359940095,78158.97651421744,66660.3898001182,76762.1712997164,77124.09074593673,106810.8060134418,68606.4444311195,4
125200.7037640457,143573.90476154146,84816.39889674174,175611.3529934112,87547.64795871353,64211.935008994944,80712.61861474736,116659.11873091683,104100.00879764663,76808.19354154987,74087.09217156078,67914.54618150547,80448.17512609663,78040.98165523788,109052.21659567555,74336.91761933775,4
124102.31668976745,140215.80102632058,98628.70408638765,171249.7676908693,87665.70987292647,65604.13576413819,78975.77631184773,112890.77107796325,99388.97632229047,77944.89150582452,76815.01082360874,67562.17093016756,77810.28930071465,77917.8905985225,106358.69727834432,70164.85275803242,4
124843.70170160553,142338.47914200774,85348.05749035567,172502.98529898946,86349.12506927551,63783.80969569799,80511.43056290515,117091.22265472684,100181.5915324201,78689.69633456426,76494.17388369727,66883.92959641572,78381.8010546924,77196.80097064984,108459.47068446525,71164.15454914028,4
124781.63090725314,142324.6434121899,93006.61450703317,175085.572908589,88372.67319830337,65354.48913031688,79805.92010091784,114243.00691402041,103634.93605076506,76385.4326469222,74315.37053768284,68354.33910540809,80126.5111716403,78496.15257932575,107837.55574674079,73763.95300197041,4
124154.91034447079,140292.98159992477,93973.66273089204,169946.30336121362,86430.28425339273,64644.195395016126,79414.58575899432,114708.1243643909,97273.58487529575,79378.64415391018,78179.20484294949,66675.74544855898,76750.861317022,77124.78365001484,106808.704949463,68594.93328272502,4
125233.22555222816,143616.46248298438,84790.24735572904,175766.25058248648,87537.2096940529,64215.1089567076,80749.63310356536,116825.1251369864,104039.7037911062,76848.82901296963,74126.20772435758,67900.62104470981,80414.87102685822,78016.03710842575,109080.8491803228,74302.40652589877,4
124169.08135045545,140368.44108920588,98694.75349125308,171758.26987722755,87716.4036293511,65637.88689826571,79015.11538208908,113061.22548117943,99508.55815512636,77956.0003228188,76817.91655038793,67624.19702103102,77896.16470291195,77962.68349441094,106504.02832079273,70287.45207636978,4
124846.60742838473,142376.27594188167,85487.30885831224,172677.12774004077,86335.33404294659,63777.68531771724,80488.0953416938,117058.633811311,100089.45764177533,78735.51741069763,76564.24660256466,66883.30374757097,78333.45423143556,77186.40740947812,108492.17128660338,71098.44042044168,4
124784.02254390986,142363.82602022006,92821.34089724314,175076.4310451068,88357.27284637367,65315.73120543137,79804.57899625052,114195.06242216378,103653.82327482979,76355.57071632991,74266.10729290334,68350.02521872822,80122.64431984954,78476.21482327161,107841.3555432982,73776.13470269856,4
124170.44480686722,140271.72509094776,94147.24637833195,169899.58821530204,86453.73123332635,64673.74440118604,79406.4497240126,114673.6132709519,97257.89395068813,79367.37887470471,78177.46140688198,66692.15162898917,76738.25493314922,77133.56788558577,106771.71281238948,68575.46491330444,4
125215.16534270828,143578.01748252125,84655.19811573006,175580.73110350742,87499.47994941234,64174.540540521215,80733.47279232416,116736.9028016213,103989.70293875968,76877.28278366123,74147.9559717126,67891.03214633849,80393.70392485904,78002.06726814118,109086.63828213672,74267.31428710393,4
124121.06980336545,140256.72707041824,98606.03941750996,171356.8996020436,87712.87205372716,65615.19987764358,78982.16891076195,112846.42521696392,99525.76899835694,77870.50490027726,76714.98676717124,67613.73640462595,77885.0335341732,77945.62911339154,106391.21906652678,70288.36849789244,4
124798.79704699482,142189.057730324,85561.78487083732,172166.54684144817,86307.75199028874,63777.662965972784,80459.93214368013,116930.60301907099,99961.80682919107,78733.6845676523,76570.92977415679,66845.59635467487,78250.66336997312,77153.30447593982,108352.53993899107,70980.7584858845,4
124797.43359058305,142324.97868835673,92625.65137453693,174937.85022948388,88361.54202956463,65312.937237374455,79845.66150255936,114269.60548992224,103701.90187715316,76333.12956489678,74214.45241146714,68354.27205017472,80152.50625044183,78478.85232911735,107832.77247342737,73820.77113637581,4
124160.61003930689,140217.90209029938,94308.20129015461,169875.53773826812,86482.1179487846,64708.70252951414,79398.7383721755,114649.00400030661,97262.16313387909,79361.52271765741,78183.6528400961,66718.23611476853,76750.05665422161,77159.58531613175,106759.73227736143,68581.87986396311,4
125230.25277021561,143595.47419494085,84574.77653917987,175678.9670203885,87490.80747256368,64169.86902593006,80760.25018218163,116850.94140183229,103947.90517662826,76914.11845852358,74191.11719025578,67886.31592825841,80378.81766305181,77997.59691925012,109114.44385223913,74240.60395247984,4
124145.52261179956,140335.33815566756,98597.3222371724,171638.37511996928,87751.29470244584,65631.76252028496,78993.52359694525,112909.65830202798,99620.74156054754,77842.60992319703,76685.43776100133,67655.95884990202,77938.32009295466,77979.02261960777,106445.84672997556,70374.60152800102,4
124788.82816896775,142194.64566643783,85690.84384332226,172266.3697321856,86304.15335943144,63783.36266080888,80433.26651254494,116916.90139971989,99881.89934276335,78768.4415302803,76641.82950756903,66844.03173256299,78205.87047408467,77151.06930149428,108353.1210843469,70917.7936217539,4
124835.99034976846,142424.33219246057,92470.12793661689,175176.20923235526,88377.32236115007,65307.617522194094,79874.80817732909,114394.3505757273,103757.96005224706,76320.21025660161,74204.75175437353,68366.85608230306,80182.99402987886,78481.64629717426,107884.67322405259,73873.47654980142,4
124122.05328012149,140192.06347370904,94440.8365417524,169860.0479793606,86485.60482091962,64701.81819222191,79336.64522607866,114484.78573379347,97251.63546224064,79342.79195580387,78196.68390711355,66732.54123121992,76739.88661049445,77163.83214757826,106749.78575107882,68569.87697719062,4
125175.78156897803,143497.79707167114,84446.6339882176,175334.75015577677,87432.5364747687,64121.52220267322,80721.89458869632,116718.90964733477,103842.40494279921,76895.56651062566,74190.49134141103,67834.05754972191,80295.7585806559,77937.02369177624,109021.2817813494,74137.00361692949,4
124148.60715253439,140307.04084718716,98567.4156030912,171539.9380373881,87769.01963579889,65648.21340420407,79005.03474533973,112916.27441838676,99692.82593641592,77778.32630614356,76620.12596370291,67665.48069303998,77969.23255553633,77975.66985793947,106415.53776449416,70419.50618261173,4
124828.88249503166,142202.46877699718,85867.64614196375,172392.65708835807,86315.55274910365,63832.42473988829,80463.95545768207,117074.34708766307,99823.38247577936,78808.78642902213,76710.58347351354,66849.79848263245,78189.53134888785,77150.59991486072,108373.0811921455,70874.72181018851,4
124860.55491692483,142524.17743494242,92292.56567866393,175444.98895943034,88368.87340174596,65288.484428940355,79890.0073635587,114455.99668693503,103838.1134078638,76326.89342819374,74199.02970779297,68393.58876867162,80244.57308585323,78495.70554443664,108009.61947555775,73962.9058793671,4
124146.08140541094,140232.0507445396,94629.90994809986,170051.24480143128,86513.7233154444,64748.01924801103,79336.24289467846,114518.04512954297,97243.58883423673,79321.75896427143,78192.21355822249,66746.57812673785,76732.62229354648,77165.88850806815,106740.10744572968,68572.5368347808,4
125238.8581918309,143613.4897009718,84413.08401979019,175652.54725844233,87436.71625098184,64141.21408953835,80766.53102237357,116920.38827185491,103816.18634655314,76944.49447923833,74241.34156004686,67840.89718352523,80294.79745564431,77932.44158416291,109103.91618060067,74141.40691058719,4
124201.24551072664,140467.59342760962,98572.57885606037,171971.50551933117,87814.43838053208,65673.64968939421,79024.92779790495,113004.78732642977,99809.72555991716,77768.93857347233,76605.15029491787,67725.56218213585,78046.1225564626,78014.62894852507,106532.1915188064,70545.0559312172,4
124815.49380010294,142218.53968126056,85993.1958905692,172434.03016734484,86300.06299019611,63830.32367590949,80424.12464906272,116998.70878442632,99732.52263456854,78841.53173464915,76772.67661961039,66845.48459595258,78132.42264180454,77136.42890887606,108364.36401180793,70810.88522802416,4
124852.8659168322,142555.15695275748,92089.41067330966,175365.93083929192,88353.16012539389,65255.78382680224,79885.8052356011,114419.94332312862,103862.14153315325,76299.28902379144,74159.13184394024,68384.20103600038,80235.69944330447,78472.99617207005,107995.62728352872,73980.13907434215,4
124130.88221918134,140181.2452293927,94785.94747614235,169865.85943291898,86531.69411798647,64774.55076867947,79310.33722285477,114443.92674492917,97226.78032240634,79296.21092035901,78185.77625581935,66747.89687966072,76700.39107804192,77163.34040920025,106658.09889532316,68540.55148846525,4
125228.33052019245,143595.5412501742,84321.21835007887,175527.84687612616,87407.77074191222,64120.24815323927,80759.15494670332,116931.98882722722,103781.78701183642,76992.46132283943,74296.72918280712,67833.31994215488,80275.10556877918,77925.82546780414,109125.55266923341,74118.13874460921,4
124200.35144094843,140472.13083173404,98525.26021304849,171944.6834259848,87834.86787496423,65681.62926216474,79020.79272518071,112991.57744545669,99886.34733990996,77726.98434912972,76552.17666055879,67738.74971136448,78068.07196951771,78021.78150675076,106517.70758839937,70602.9693011009,4
124744.5940666907,142083.5351447505,86077.64078112136,172058.94554364032,86262.08737636654,63812.39757685633,80361.78563377686,116819.04546249456,99613.32078138838,78846.98556029625,76795.8330268661,66807.01724374501,78040.10993720412,77097.35805956819,108259.64608903481,70699.2382644699,4
124863.46064370402,142551.58067364464,91913.03305781282,175278.8260911496,88351.34963409301,65250.12883545504,79917.74587842774,114501.30367294594,103907.87320230881,76285.02861082896,74120.57508475483,68382.03291678822,80251.72564407894,78465.10600627733,107994.86732421725,74017.31002537132,4
124125.00371038959,140163.94497918428,94949.62930078857,169898.20240714579,86553.79999325276,64804.59151322741,79298.33433608226,114416.76937541597,97251.18842735153,79298.98253667146,78195.67807861305,66775.88126371877,76716.7525549832,77188.91080485712,106671.9793286299,68565.02664864382,4
125216.79702005352,143559.42083113443,84235.6782240484,175400.77720889775,87371.89619206145,64099.86336229603,80759.87020252588,116924.34453062351,103701.92422889761,77008.35341314715,74312.8894940483,67799.30058709391,80220.14262916359,77895.18122615591,109085.76656410296,74047.50723213045,4
124195.97049903519,140463.6148170966,98465.02226174144,171900.58343417448,87842.08748842329,65680.69048889763,79020.07746935815,112936.7039128189,99965.2937013261,77677.87756656141,76488.94357549472,67754.61944992775,78106.91930138103,78036.8689342581,106515.38300697602,70661.39676110707,4
124751.3442935162,142040.79860935194,86213.82996008753,172009.3023192051,86252.27496055067,63834.816376545,80360.19865992054,116818.08433748297,99548.63483293472,78878.12154032249,76842.88344894451,66802.90452276522,78010.78444847876,77100.37554506965,108236.82495794595,70641.5260602863,4
124864.6229344157,142550.97717654434,91687.57101149214,175218.78930554262,88326.9415291478,65218.501117050786,79929.77111694468,114465.33971611736,103952.9343191307,76263.57093615185,74078.7326191345,68382.41289644396,80276.06669379077,78462.96023880962,108007.92074297914,74055.06212175633,4
124121.85211442139,140095.9062690623,95061.14215387609,169785.43785636878,86562.89715324607,64830.005446673094,79290.6676877341,114337.97947621101,97255.79288670933,79262.32567576476,78163.69273229751,66786.9677289686,76713.46684854828,77194.5657962043,106606.01933074229,68557.91879390703,4
125225.91653179128,143518.00304865875,84114.7552865452,175312.26430085473,87340.89432250195,64088.03928947917,80781.12671150287,116947.12095822346,103656.50548416442,77026.86065755614,74329.9438750677,67790.02461314495,80202.41769581052,77880.67494400442,109075.77533433144,74009.84454272325,4
124216.42234521179,140476.154145736,98372.03900480736,171977.8981182454,87864.88626776771,65689.31826225738,79037.69064398893,112917.9507992209,100068.87168513199,77632.10119391694,76433.08656610092,67799.01001441598,78179.92009877207,78064.13806249357,106542.4509695114,70745.9534103815,4
124733.88758109661,141949.62584371876,86293.67039128189,171829.61664552888,86242.03786159014,63844.31586793851,80345.29004636884,116733.03594983053,99449.59425325326,78878.12154032249,76870.59961206908,66793.40503137172,77957.87786935305,77083.63408847262,108150.56957609291,70545.7041318064,4
124885.79003641488,142572.2560372658,91478.13516594592,175270.98062884578,88329.10964835998,65210.49919253578,79965.46685283982,114536.12769080732,104008.72427329115,76248.19293596661,74049.1836129646,68401.03189957523,80318.49030476694,78466.0224278,108027.43381588862,74097.4410292436,4
124096.90756760926,140031.66735549778,95187.58597225977,169698.78014311555,86582.45492964446,64855.173510929766,79265.74549266642,114242.20225122002,97232.65883119809,79222.53957063433,78142.48092680943,66797.54010409596,76698.93821465233,77193.40350549264,106546.4519317689,68524.65939815753,4
125200.63670881234,143478.10518480602,84050.29285553608,175218.96811949828,87313.64754601092,64072.92951022739,80772.14131023185,116936.79445228512,103591.08192814374,77060.36592249465,74366.10899759638,67776.52415949394,80168.01836109381,77863.28528681818,109056.77635154442,73956.51328045288,4
124214.29892948853,140473.78486082374,98352.25771096442,171990.9962404962,87888.78028259042,65709.8595154118,79052.3533883516,112945.33168617866,100113.44106357588,77581.31803051449,76373.11683572731,67800.52993303895,78188.34670643172,78062.75225433735,106509.1915737619,70778.51990205287,4
124704.33857492669,141908.006895543,86458.60391361761,171834.8022502425,86229.856160862,63861.124379768895,80319.8090576898,116713.81344959897,99371.38549940413,78921.57333154361,76940.22529604737,66788.35353712481,77920.32693866813,77085.08695186222,108159.59968085286,70491.00941312425,4
124907.22535934752,142628.0683431707,91332.87117873087,175422.03371787476,88323.56641573505,65210.27567509123,80005.58823413709,114654.25666025361,104025.21986069917,76241.73328181902,74021.10982192872,68390.61598665905,80323.0053571469,78457.48406141807,108055.77582785796,74125.31365457937,4
124089.86676810584,140034.3495648324,95326.72558149404,169796.85959778543,86598.65994437457,64882.04030776505,79257.43064372905,114188.13338138263,97237.5538632338,79212.43658214052,78142.97266518744,66815.68972059367,76705.21905484427,77209.58616847827,106551.79399869371,68541.08793033219,4
125226.52002889158,143502.11095835103,83966.42911033978,175269.59482068956,87296.43670278034,64075.49996083975,80813.73790666317,117017.10427011304,103528.16176750205,77087.50094026339,74395.03215492156,67763.26957503195,80143.69966312643,77847.30378953264,109054.42941837662,73917.68830033402,4
124264.34448532398,140568.8244782477,98248.14328529159,172226.2036473994,87927.24763479801,65733.55236453442,79106.13168551108,113017.39371030257,100226.69735273092,77544.86233530789,76317.77391645598,67848.18385221765,78267.94126843706,78097.7327344099,106552.30808881618,70884.86950217122,4
124751.65721793858,141957.3595473003,86550.87191472911,172013.88442681843,86247.33522502605,63900.32933954351,80359.30459014233,116803.26513090912,99322.45753079148,78949.04362547919,76983.58768029067,66807.21840944511,77912.36971764204,77102.2977950928,108149.25082317005,70466.60130817906,4
124929.06301368035,142733.61328048864,91048.19936134809,175601.6970398065,88320.61598546697,65179.7878956542,80032.7903071392,114658.2129190222,104113.71041699772,76238.4475753841,74001.50734204141,68426.51288825428,80389.50179690144,78490.29642227846,108129.4248258382,74221.023824337,4
124128.11060286888,140084.35041717894,95439.53483575999,169917.51431435518,86648.05729962079,64939.551346248554,79282.9116324081,114239.00595176291,97262.43135481255,79173.92452644403,78116.86582766364,66842.71297964013,76714.8079532156,77240.31981710432,106494.19355323238,68561.22685208642,4
125244.87081108938,143569.5908748616,83880.24078372012,175387.99201106932,87283.40563576289,64072.48247533828,80827.05954635853,117083.7348203343,103507.93343877,77132.94203674103,74445.27887645709,67775.42892401564,80145.44309919394,77865.56516475262,109094.64020665172,73914.67081483256,4
124263.11513937893,140621.68635388452,98187.65946479554,172288.81088361872,87949.93465542015,65738.98383843707,79105.14820875505,112980.91566335151,100303.54265016827,77492.02281141553,76251.70215984609,67874.82713160838,78299.56898684133,78116.61995847464,106549.402362037,70942.91698252165,4
124742.71652015645,141930.47039872056,86733.64212914016,171945.13046087392,86246.0611755921,63927.84433696799,80342.45137482302,116778.3652875859,99242.63945134157,78978.90555607148,77037.41068093905,66810.83939204687,77870.99663865527,77102.54366428181,108120.26061061151,70390.22539737528,4
124935.09798468328,142746.37612657264,90912.36781029319,175525.29877725826,88313.84340689701,65170.55662519415,80053.8456504161,114679.00004136564,104125.57919330349,76222.10845018727,73972.83005390526,68427.40695803249,80388.78654107888,78475.87954710479,108125.6250292808,74217.24637952405,4
124075.42754118772,139995.25636378006,95610.83860526545,169692.67811687925,86649.46545952147,64941.2277270827,79231.07793701625,114036.7673679313,97256.41873555408,79161.00521814886,78116.50819975237,66863.72361942811,76706.71662172278,77251.36157886524,106464.04104996218,68533.73420640639,4
125194.75820002059,143430.94300400533,83854.31276015197,174947.66264529977,87240.46793466425,64046.2191756033,80809.69224091676,116989.63397617746,103379.79088780771,77137.68060656555,74456.79002485157,67723.86344955725,80048.63769395801,77811.71981235979,108986.5248187214,73773.161920686,4
124237.58944721096,140561.29194036627,98175.72363325639,172116.09895421256,87965.55852479441,65740.52610880448,79098.24151971836,112927.71851154788,100379.87385748314,77466.6312297143,76205.54580754589,67888.23817828156,78327.70983311055,78128.82401094724,106551.81635043817,70986.27936676495,4
124698.70593532396,141809.48040598398,86964.4238906412,171723.15528668824,86237.07577432106,63947.402113366385,80314.17641808707,116731.82895562994,99135.57459540066,79013.86368439958,77087.41153328557,66780.99981319903,77784.83066378006,77079.90134714858,108060.17912151566,70275.89622448638,4
124953.18054594763,142805.34002844573,90853.11333574216,175736.56746584983,88318.8949011439,65175.429305485406,80087.12739791005,114865.34653488953,104178.86575208495,76263.1015495183,73987.02341163438,68430.33503655613,80407.36084072123,78483.76971289751,108227.28076306354,74255.46786254262,4
124081.01547730154,140061.7081000457,95899.42197792792,170050.75306305327,86684.64710529413,64986.02062297114,79217.8457042987,114130.0859010322,97280.87154398818,79191.60475630818,78150.54990655779,66884.19781734918,76705.53197926664,77274.0933029763,106549.33530680362,68542.74195942187,4
125199.2509006561,143520.70760973784,83951.43108981027,175291.7677511892,87223.2347396892,64042.48643427926,80805.80303738154,117119.31879750715,103320.5364132567,77227.04288089788,74549.03567421863,67713.49224012998,80000.55909163464,77800.92391978788,109097.25536075298,73721.90937064998,4
124263.24924984566,140697.83874724375,98241.97420382193,172532.15432550365,87994.10170246384,65747.63396354127,79101.79544708676,113026.91555344053,100464.09523059074,77478.20943334216,76201.27662435491,67915.86493442833,78355.6942171686,78148.20297338998,106666.30198553824,71043.41042559272,4
124665.89357446357,141811.1120833292,87179.76059672363,171777.87235711486,86217.20507350028,63934.59456379349,80258.90055404909,116638.26455334004,99041.20553031034,79069.31836239318,77168.50366216942,66771.12034214978,77712.96980535625,77069.99952435488,108084.22959854956,70183.58351988597,4
124953.2923046699,142837.2583195279,90681.16136564748,175703.15160788913,88298.93479334531,65130.77052006371,80089.8096072447,114849.67796202636,104187.40411846687,76263.52623266295,73974.10410333921,68416.85693464958,80387.24427071145,78463.42962544318,108240.44594054771,74251.73512121857,4
124106.63057644732,140059.42822211125,96035.49939817184,170041.09710944857,86717.5712248768,65014.072062262545,79224.64063461311,114111.39984266757,97298.99880874144,79179.24424162439,78146.63835127812,66900.82751522392,76708.61652000148,77288.77839908343,106532.16916706195,68551.52619499281,4
125256.3149042505,143555.66573806593,83863.27580967854,175315.30413810065,87215.92571925232,64043.20169010183,80849.21012511375,117206.64706309403,103276.63758714648,77271.43344538611,74600.35527948801,67710.81003079534,79994.50176888726,77803.29320470014,109122.40107326521,73699.62468142805,4
124320.15679122887,140780.04846335037,98067.40707962598,172673.19383301662,88024.81299934543,65745.68936177366,79138.29584578227,113004.89908515205,100593.80240366489,77439.38445322329,76149.24176326297,67971.07374323293,78458.35577945183,78192.34766868921,106727.85868976817,71170.99418294361,4
124693.47562712141,141754.5621698573,87190.91411720683,171564.48025280004,86219.75317236819,63946.88802324391,80269.76350185437,116528.6515985312,98955.37483160196,79043.9044289475,77161.08288301025,66767.99109792603,77686.66180213235,77061.05882657276,107976.56124550835,70116.5506382645,4
125032.97627365307,142873.89282869015,90349.48382967518,175631.82719133227,88312.41289525187,65127.59657235105,80169.69474192796,114903.36685220801,104248.26791861867,76226.0423572114,73908.56878859625,68443.54491752922,80464.15662338216,78478.8746808618,108224.1962223287,74315.8399243164,4
124155.4020828488,140048.6099777949,96005.52570885727,169959.49089044225,86759.90542887515,65048.605507445995,79251.61919017068,114022.4622514799,97368.89271365319,79132.3279300127,78094.62584193061,66964.97702181066,76793.7319628873,77337.505201996,106490.75138458627,68616.9944545024,4
125289.23902383317,143523.81450221714,83648.87787686323,175109.01988852263,87202.87230049042,64037.300829565625,80883.27418366363,117170.72780975436,103240.1148367065,77267.47718661751,74593.73916312924,67723.41641466814,80011.9808330513,77807.02594602418,109055.61406083276,73680.69275387439,4
124368.92829763035,140789.3691407882,97846.86241708546,172566.732474176,88063.45916550866,65773.51728362052,79190.30835512976,113017.25959983583,100696.8662973483,77352.59262950333,76035.22551479645,68004.6013599159,78532.40710883225,78216.68871840104,106655.21552028842,71255.77434966259,4
124753.11008132817,141789.85557435223,87280.81283340607,171682.43040829067,86259.20400133182,64016.759576411205,80311.24833956342,116651.80971047995,98963.66732879488,79078.28141191977,77203.35003177525,66809.78886005747,77729.37598578644,77107.25988236188,107981.2327600995,70130.43107157125,4
125077.29978290794,142993.8993446707,90088.14723350374,175855.1658219297,88326.82977042554,65132.156328219935,80206.88804470158,115003.32385341215,104344.35806803204,76231.92086600314,73892.87786398863,68479.19594993544,80539.30318824091,78513.51988476752,108296.6605778528,74404.95632945972,4
124163.8510422529,140084.61863811238,96082.10278536114,170029.54125756517,86801.63613577321,65088.74924048773,79242.70084413301,113994.18729474394,97412.1433391742,79093.27943244927,78057.4772426459,66986.76997265458,76812.14980031847,77360.39338831823,106448.5736427991,68638.80975709078,4
125265.52382296609,143510.11288286603,83537.1191545867,174961.18545069522,87176.72075947771,64015.060843832594,80860.36364559694,117111.04865205869,103189.42108028187,77295.6403846312,74623.24346581024,67706.56319934884,79980.21900418031,77797.52645463067,109027.36145584125,73628.00969219324,4
124390.20715835181,140837.60420532277,97706.87344156188,172556.5400787044,88099.02079093705,65787.71064134964,79210.64844258409,113052.86592875313,100806.23338296812,77301.98828005651,75960.928316227,68020.4040432458,78577.02119076505,78236.8723436442,106626.22530772988,71327.99283599769,4
124734.42402296353,141744.92856799706,87377.86410783102,171512.11011554123,86261.32741705507,64031.82465217408,80279.37475197014,116571.25402346303,98914.02410435965,79093.99468827185,77240.56568629332,66806.10082222233,77696.07188654803,77113.25014987591,107918.11143375772,70073.88115809932,4
125077.83622477487,143005.5669552764,89844.08853579624,175734.62286408222,88314.98334586422,65107.43529885237,80213.75003024937,115006.34133891361,104384.81472549615,76221.81787750934,73861.29484907328,68470.72463878688,80553.07186282538,78512.89403592277,108278.7568305441,74429.38678614936,4
124159.42539685075,140066.80429778152,96168.82755384775,169966.30817250113,86834.31438616687,65121.56160134812,79224.50652414639,113949.28264013323,97457.09269727382,79066.65850480301,78028.10705043162,67001.34331003945,76829.9864923938,77388.44482760964,106404.38424401096,68665.54244345933,4
125317.80455324704,143578.50922089926,83539.13081158767,175130.8798945999,87193.5292713081,64052.36590532851,80904.2401199627,117324.93249475153,103160.11794330097,77345.17185034417,74678.85460601504,67697.89072250017,79970.83127150909,77808.21058848032,109046.15927292815,73606.66377623842,4
124411.32955686207,140972.80990753294,97626.11658884486,172913.25156846663,88133.44247739822,65791.73395535159,79206.08868671521,113081.3420511892,100956.88414059689,77304.40226845769,75950.08772016618,68073.95882296072,78676.821729758,78298.07141996281,106762.50389367389,71470.14993073345,4
124712.09463025269,141726.66719277707,87539.19899930943,171470.91585051012,86263.07085312258,64044.45338779133,80237.46523111645,116503.3941272967,98824.50536781613,79102.77892384278,77270.0923407188,66780.23985388754,77627.87671421489,77107.57280678426,107854.1630928711,69994.0183751605,4
125113.37549845882,143097.45497673214,89681.74781581735,175891.77797934748,88322.56058723458,65098.76282200371,80245.37774865363,115138.19427945546,104434.77087435377,76230.75857529147,73854.65638097005,68469.42823760846,80578.32933405988,78527.66853900773,108331.30578175852,74481.95808910824,4
124162.68875154124,140094.69927486175,96307.4307212151,170048.56259209666,86866.79147086042,65138.88420330098,79202.31124190227,113893.85031388406,97500.52213675049,79047.7042255049,78019.12164916059,67024.1644411283,76847.51026004675,77421.39129893677,106416.70005520583,68704.76975497839,4
125283.94166039726,143528.06133366365,83464.78890952932,174914.73852571708,87152.11148883242,64012.37863449796,80873.32765738103,117218.89581905554,103081.4845063072,77373.13388265776,74717.21019950035,67673.7731902329,79923.80320117512,77791.82675979457,109019.24777260397,73545.97879004227,4
124445.90770553444,140988.85846005185,97530.29466036495,172871.4538063352,88165.24900975812,65808.49776369307,79246.65710290159,113151.57123226777,101037.7974555251,77244.49959331747,75869.21910872687,68083.92770098778,78715.64670987686,78310.14136196868,106723.72361704393,71534.4335477869,4
124743.76705214585,141739.76531502788,87708.08878041373,171573.30919185988,86281.42163532038,64083.367774888015,80249.02108299984,116571.2093199741,98802.35478906093,79146.94597088647,77335.6053037173,66806.81607804491,77645.10990918994,77140.34046415573,107888.3165583988,69990.15152336974,4
125155.06150186795,143188.35952143188,89491.24389782475,176073.6094204914,88327.097991359,65091.5655602891,80278.97242056995,115231.17753638954,104488.05743313521,76237.01706373895,73846.67680819951,68490.52828437428,80627.74904105057,78545.0358444495,108405.60298032797,74538.73152002472,4
124199.45737117021,140155.831295947,96456.94153987666,170246.35317878166,86915.20534935062,65190.91906439294,79208.68148907203,113931.4459480579,97551.26059666403,79032.3038735752,78006.42585830997,67066.94568001576,76890.35855416759,77460.97623836712,106439.2753171057,68748.48976713298,4
125326.6334923069,143605.8454043681,83501.78104660286,175121.96154856225,87152.33500627698,64032.38344578546,80890.91848026736,117349.60882063018,103033.56236619501,77432.85774384234,74781.09148515362,67680.70223101405,79914.43782024835,77802.84616981103,109077.71993609905,73518.08381296204,4
124468.01358080073,141091.47531884615,97500.09745360583,173102.72730621425,88190.37237052589,65811.87287710582,79245.02542555636,113168.64796503163,101129.39490430296,77226.84171519778,75831.28819838622,68119.08699501598,78768.10625411347,78337.65635939316,106803.72051044948,71616.66561563798,4
124708.25013020638,141702.61671574315,87943.02796638347,171477.06258023533,86274.13496662796,64090.721498813815,80193.8346259397,116462.95982157705,98713.66306706227,79176.33851484519,77384.17564441868,66796.7130895511,77584.87195788287,77130.84097276223,107864.26608136488,69908.81352529688,4
125168.36078981886,143226.04456258353,89419.0030597452,176072.84946117993,88321.91238664537,65084.748278230225,80296.31737426727,115330.64279921565,104494.24886634933,76255.56901163686,73849.64959021207,68477.8101417792,80621.89288400327,78528.07087040793,108427.6865038498,74539.35736886947,4
124182.58180410646,140156.25597909166,96669.35016743543,170269.4872342929,86936.68537577217,65208.17461111243,79174.95270668897,113887.2789010142,97577.99328303257,79040.35050157912,78019.68044277198,67085.34116570248,76903.9037113075,77473.87319491783,106470.6795180654,68767.91343306463,4
125301.73364898369,143569.1438399725,83572.41255908163,174984.47596841765,87119.79086635004,64010.97047459728,80870.10900617945,117340.17638447005,102930.0961411114,77487.68657299121,74843.60931439511,67642.19017531755,79849.68481656132,77764.17765190336,109067.23696794952,73425.50288742816,4
124487.28078452121,141146.2594445061,97494.55422098092,173214.41897325745,88208.94667016825,65813.28103700651,79259.15172805211,113229.77998611689,101218.15368153497,77232.40729956714,75812.06569815466,68136.34254173547,78823.02449024016,78349.97217058804,106871.84862754925,71690.69459327395,4
124656.48349004787,141612.04744721027,88149.17810549475,171266.62090618862,86247.60344595951,64074.96351897282,80132.05440426522,116290.449057871,98618.3775804493,79216.77282056485,77439.4738602011,66779.23402538705,77533.68646308023,77113.47366732046,107834.42650251705,69824.97213184502,4
125119.16460027274,143129.8426544479,89227.94034814124,175697.8095409643,88266.4800603962,65015.23435297422,80270.88108907713,115183.23304453291,104460.11775256608,76251.00925576797,73820.9723020759,68439.74512097181,80595.89780520175,78487.99419259957,108380.43491607129,74508.0872783765,4
124158.48662358364,140020.87146292586,96793.75997707367,169918.2072184333,86940.55222756293,65215.95301818288,79158.16654660304,113767.18297805583,97568.09146023888,79001.10083831559,77967.48911946882,67073.29357544107,76894.650089103,77465.31247679144,106370.27548197216,68749.98733401149,4
125290.71423896722,143455.9099025619,83544.74109944595,174709.10247672827,87077.74723502962,63987.79171559712,80867.65031428938,117298.02099442734,102855.41896288622,77539.98965501663,74889.98918413988,67621.7159773965,79829.00945294017,77754.29818085411,109052.1942439311,73376.15023567084,4
124492.35463051256,141077.93016170623,97357.15804781414,173024.0491657316,88207.62791724538,65796.27135947601,79269.4111787571,113162.2106626285,101284.31484512269,77186.58622343377,75737.20970597383,68144.25505927266,78862.92235409288,78355.60481019078,106842.27726963488,71752.5865736707,4
124694.8837870221,141536.8114753737,88311.51882547366,171184.52294880425,86258.9581321428,64116.1354322595,80156.28369525477,116351.37991325617,98551.23294010556,79237.11290801917,77468.79934892648,66774.76367649599,77511.46882909165,77118.34634761172,107774.76969656584,69777.54173011085,4
125204.4588571142,143219.49550145812,89053.77555534549,175979.26270714554,88281.81335709254,65022.9457048113,80340.05973816631,115388.75733479946,104517.8746602386,76280.06652355987,73834.00336909335,68465.00259220632,80661.12019552234,78515.0845068794,108480.79424867562,74584.37378220246,4
124199.45737117021,140089.69248410375,96882.40699558343,170213.60787315463,86979.86894605983,65242.395131873505,79156.40075879106,113755.71653315026,97640.71227797416,79001.39141099351,77975.64750619502,67127.45185225629,76955.7150549549,77515.82741926044,106435.22965135929,68830.69948323959,4
125313.51301831163,143465.7670218667,83508.46421819499,174729.10728801577,87064.96203720117,63984.885988817936,80873.21589865875,117314.94126497999,102761.0498977959,77556.57464940246,74924.76849851233,67599.83361957474,79779.94737386076,77733.35459629948,109013.4810225345,73304.89287434732,4
124526.68690999591,141156.98828184465,97243.18650283653,173200.42678122842,88241.15553392835,65804.69796713567,79286.59967024323,113191.53615135387,101386.17174460551,77152.05277825032,75689.08640016156,68178.60969050047,78933.5315148272,78386.58432800583,106885.03615677789,71848.1626329616,4
124703.62331910412,141528.63073690305,88486.39887409197,171220.12927772157,86273.95615267231,64148.36664776405,80142.3138549702,116338.75117763891,98484.33416895082,79253.63084717165,77504.02569818804,66775.76950499648,77480.33284906541,77123.7554697699,107737.48698681439,69723.76343295138,4
125234.6560638733,143300.34176115296,88882.8294137513,176147.39252893836,88278.68411286881,65011.94864653929,80361.36095063221,115464.23917582503,104553.10100950015,76304.47462850508,73839.36778776262,68476.5137406008,80693.73139068263,78529.30021635297,108551.22459545429,74628.40671877941,4
124238.05883384454,140147.20352258725,97030.152026433,170411.75608775092,87029.46746700615,65290.697251641424,79170.54941303127,113812.73583325575,97676.02803421355,78979.08437002712,77949.4959651823,67149.73654147823,76975.20577611992,77540.77196607256,106432.59214551355,68861.70135279911,4
125305.46639030772,143492.38794951295,83507.07841003877,174801.97397494008,87037.93877815471,63961.84134028451,80849.2324768582,117288.52150303383,102701.7954232449,77624.41219382432,74997.9034063701,67596.86083756218,79762.20008876326,77739.41191904688,109074.61304361977,73270.76176056407,4
124521.65776749347,141166.86775289392,97117.5696989977,173128.56592280458,88244.37418512991,65785.90015004875,79282.39754228563,113138.16018559459,101428.3941898816,77091.5466060098,75610.76588759017,68167.36676303945,78932.88331423799,78371.78747317642,106844.7136097805,71875.18589200806,4
124666.54177505277,141441.45893352735,88637.02727997629,170985.0112777962,86260.83567867705,64148.56781346415,80097.18568291493,116206.38414697458,98415.42374079512,79266.43839674455,77536.83805904843,66764.07954264636,77437.19398226666,77117.92166446707,107690.88359962507,69663.03374326632,4
125219.27806368805,143249.44683902824,88672.38773970459,175874.41067390572,88249.06805146553,64974.88945423239,80362.8138140218,115428.07405329634,104540.09229422717,76282.41345672768,73807.2259792359,68445.02013266327,80671.46905320515,78495.83965490338,108503.4589175533,74610.860599382,4
124192.43892341125,140036.07064915547,97083.63975091455,170081.8890430795,87031.03208911802,65289.44555395193,79126.71764215441,113632.37960724588,97699.43031065827,78930.04464269217,77906.75942978376,67149.49067228922,76976.41277032052,77537.7544805711,106358.38435392194,68867.06577146838,4
125294.0222971466,143388.40763430687,83470.26508692087,174492.4917212119,87010.73670515261,63957.41569488236,80853.59106702698,117298.691546761,102606.95697152102,77639.320807376,75020.50102001442,67556.96297370947,79704.9125677243,77699.40229647188,108988.87175188921,73182.69588741015,4
124539.2932938687,141186.8278606925,96959.09583080959,173173.8729088155,88265.40717666235,65781.89918779125,79297.4626180485,113161.94244169504,101553.67571755359,77071.87707088912,75566.21886089073,68203.8001065016,79018.57990247964,78400.17418863466,106901.17411627462,71988.28571895191,4
124641.26195207382,141340.83137998957,88745.81322024026,170783.68911548724,86258.37698678697,64158.02260136874,80064.32861856563,116103.8566951581,98332.52112061037,79259.84463213023,77547.2539719646,66748.94741165012,77386.61198456431,77100.21908285846,107596.71570023487,69589.29533830826,4
125249.43056695827,143267.8199729705,88445.60694046103,175915.29201451447,88246.72111829772,64964.093561660484,80400.72237261801,115534.78128132598,104571.09416378668,76287.3084887634,73792.42912440648,68448.9093361985,80704.25906232109,78495.68319269219,108528.80579576563,74652.41249232441,4
124201.31256596,140032.8967014428,97124.76696071231,170173.64295406855,87065.6996447682,65311.260856540306,79118.17927577249,113598.27084520708,97756.4272590193,78896.53937775367,77869.20849909884,67186.75103029622,77021.98797726489,77563.34722797242,106355.67979284284,68926.43200474167,4
125320.93379747079,143380.87509642544,83421.1359526081,174537.70930024498,87006.75809463956,63965.03763974162,80873.19354691429,117369.34541098421,102538.40417127659,77666.2323077002,75051.03350294036,67552.22440388495,79683.52194828057,77688.20407249976,108969.17986502408,73138.4617851331,4
124614.03752732725,141299.7041701918,96827.62286992346,173515.18404664804,88315.40802900888,65813.21398177314,79361.14273800168,113329.40171115419,101672.36348061127,77041.52340191882,75515.81567714401,68252.37044720298,79108.56802565671,78433.6571018287,106961.27795711494,72102.63724358527,4
124715.49209540989,141451.47251504334,88925.56594914985,171236.20018198492,86304.4215803649,64219.42284338747,80096.20220615891,116259.51424354485,98338.60079510222,79305.55394954132,77613.92922567479,66801.94339775365,77432.20954325314,77143.51441186838,107672.35400347163,69616.87739096611,4
125288.25554707713,143391.96156167527,88232.84068499097,176202.80250344306,88242.80956301803,64941.51829976062,80416.50270420346,115577.11548532434,104604.59942872518,76296.98679411254,73792.74204882885,68469.7635137753,80744.1122226849,78504.5791869854,108604.95818912485,74697.54066437967,4
124276.4367790743,140158.40174655936,97235.31868878826,170521.16787685966,87132.6207676674,65376.282081160796,79158.2336018364,113727.55333513657,97823.1919197073,78866.14100529444,77843.95102786434,67225.44189994835,77072.30175403378,77598.75239118963,106372.15302850641,68983.8312845029,4
125325.11357368394,143440.04016399864,83405.04269660029,174637.71100493803,86993.034123544,63956.78984603761,80854.55219203857,117337.38241641312,102490.23616197541,77716.344918769,75120.81564912983,67559.22049989946,79676.95053541071,77699.44699996078,109019.40423481516,73111.43852608664,4
124607.24259701284,141324.42519955937,96673.2170192262,173423.6313013591,88323.65582271288,65800.67465313371,79349.63158960719,113253.69635268407,101727.95226907161,76975.36223833112,75436.89166747233,68248.10126401202,79123.5213426973,78428.69501455963,106922.16240431815,72138.06475854693,4
124651.99078941236,141326.41450481588,89050.17692448819,170838.49559289165,86287.90364121243,64217.43353813095,80031.89623736098,116053.65467711148,98255.18408479501,79292.27701333488,77624.36749033541,66777.24472013053,77370.51872855649,77125.7000715375,107572.97814762332,69529.57147712368,4
125291.16127385633,143358.85862813695,88064.62145622032,175990.7962072845,88230.49375182316,64934.65631421284,80441.04491961538,115645.93650650221,104599.61498971164,76288.31431726388,73771.68670555195,68445.98125767485,80732.6010742904,78484.26145127552,108570.5812061526,74682.65440257244,4
124251.42517702881,140089.2678009591,97321.95405029703,170345.88549684113,87147.64113994136,65394.76697382534,79131.0315288343,113640.71680792772,97857.88182710193,78831.11582173298,77809.28347221417,67239.5682024441,77083.25410881688,77607.1119436159,106341.106455458,69000.25981667756,4
125327.86283825194,143397.25892511118,83441.7442609959,174565.17959418055,86969.31892267692,63962.355430406984,80856.40738682836,117407.45513528051,102422.33156232019,77768.82681475006,75178.68431552462,67544.8930317036,79641.7018344047,77684.96306955375,109021.32648483831,73052.65343816917,4
124631.65070195803,141385.75838634474,96579.85378263639,173613.44231527357,88336.08339263004,65801.85929558985,79365.30016247036,113328.48528963153,101830.90440403276,76966.35448531562,75401.95589088868,68278.79020914916,79188.83313999571,78448.83393631387,107002.20400121261,72232.72439631516,4
124656.1705656255,141307.57198424006,89275.30369464203,170894.46436100773,86294.67621978238,64251.63170714757,80020.45214419987,116076.22993901133,98182.40680484854,79312.55004555584,77658.34214190747,66770.3603828383,77328.94448386962,77118.16753365607,107545.17257752092,69469.82526419465,4
125314.98823344568,143425.62328882495,87935.07074535737,176164.51396519114,88217.57444352799,64920.887639628374,80458.7922047129,115744.4182925723,104618.65867598756,76321.68547173566,73791.02096450579,68450.51866179927,80752.58353383346,78483.41208498622,108648.36527685706,74711.06346977514,4
124254.35325555244,140116.31341175002,97445.73801109052,170478.8336728613,87171.46809953071,65414.101232779176,79110.62438614659,113615.97342681569,97901.02069390067,78812.854446513,77789.97156500477,67261.60702247704,77104.04123116031,77622.91462694581,106360.06073475609,69037.98956131811,4
125350.03576875161,143419.76713177768,83512.24166300794,174648.59630448776,86957.58425683789,63975.31944219106,80866.82329974453,117513.87179063223,102329.25889840828,77813.4185449384,75239.72692963206,67524.41883378253,79593.71263905914,77663.90772627684,109024.65689476216,72984.23474839148,4
124663.07725466219,141494.2537539308,96493.48664206108,173874.86831842284,88355.99879693972,65801.032281045,79380.20877602206,113393.84179041884,101933.58831806044,76961.12417711309,75386.8461116369,68315.46942180031,79257.98943734044,78474.91842209321,107106.65370305226,72333.66487427532,4
124688.3347258967,141353.70598479582,89500.49752002925,171065.27639213522,86319.30784217213,64294.65881522404,80020.47449594432,116143.44163458844,98130.39429550104,79343.68602558208,77715.00381410168,66782.49738007753,77308.91732083766,77123.48724883643,107556.34844974858,69434.39774923299,4
125339.84337327999,143518.69595273686,87778.09444404775,176320.0150513667,88202.28585032056,64894.400822448835,80471.75621649697,115790.70875533925,104635.60129828469,76357.62707681979,73822.17929627649,68462.02981019377,80779.7185516022,78482.89799486376,108739.44863551244,74747.76503417076,4
124250.21818282822,140130.84204564596,97524.39379982874,170461.15344299717,87190.31062010654,65420.69499739349,79087.24446144635,113502.06893707144,97933.11779893849,78784.2442136102,77765.56346005958,67281.90240644246,77124.73894652593,77632.19060089477,106350.80711255159,69071.98656463463,4
125317.11164916893,143337.51271218213,83497.42245643407,174318.08105922712,86916.3676400623,63949.23495641172,80840.00120639816,117384.20932104699,102213.65567608544,77836.86552487202,75275.19914808264,67487.51610368682,79530.01016736153,77627.80965898152,108957.08757127376,72894.13486649214,4
124688.31237415224,141481.6026665691,96357.90096019518,173698.8930343262,88371.42150061387,65807.1343072813,79418.22909334053,113420.3733110873,101992.28399900008,76906.02712703076,75312.66067178974,68312.92132293241,79286.35380105423,78466.00007605554,107060.83262691887,72385.833845834,4
124667.30173436424,141265.12602151945,89646.1638386445,170837.10978473542,86311.61884207951,64304.00184440635,79990.61256535204,116025.35736863106,98088.41771941396,79359.24283972298,77743.79286096011,66787.05713594641,77297.495579421,77130.68451055104,107524.16193773293,69406.74864134176,4
125353.09795774198,143496.81359491512,87580.99676144085,176169.74427339368,88180.71641692119,64871.98202276016,80501.05935347789,115834.09349132699,104628.448740059,76347.54644007045,73805.50489491282,68442.24851635081,80776.85752831191,78464.74837836604,108715.01817882278,74745.26163879177,4
124276.19090988529,140126.23758628816,97586.35283545886,170477.738437383,87224.35232691198,65453.12737859815,79103.80710408773,113523.50426000408,97996.59675319157,78743.29581776808,77717.55191296959,67308.29981664417,77161.8651940662,77655.65993257285,106334.55739433259,69121.87565825888,4
125330.4332888643,143314.95980202674,83484.77136907236,174279.144320386,86898.93327938716,63948.56440407806,80845.20916285625,117402.44834452252,102150.60140497702,77871.28721133318,75317.95803522565,67484.81154260773,79508.32897523987,77627.16145839232,108956.39466719565,72848.47025256995,4
124711.89346455259,141520.36059145458,96170.41452770407,173769.23397412707,88385.0113612427,65798.99827229956,79438.0997941613,113424.3742733448,102090.27404669214,76866.2410219003,75256.17781355117,68345.21959367032,79352.13498498619,78490.36347751183,107092.25917962304,72475.19612016632,4
124675.63893504608,141215.30398312854,89772.85352621718,170771.17213859226,86324.69461258587,64335.607211066155,79992.19953920836,115995.29427233867,98031.97956466432,79347.08349073929,77741.69179698132,66794.23204591656,77274.51798612095,77135.42308037556,107456.36909679999,69360.614640786,4
125402.98705136623,143544.378107116,87381.28392473268,176274.35043744452,88179.79999539853,64872.853740793915,80550.41200523521,115935.92803906537,104653.66150780459,76358.36468438682,73804.61082513462,68461.06868518218,80822.76801142312,78478.20412852814,108760.07929564468,74787.77465674575,4
124300.42020087484,140147.89642666536,97617.26529804055,170579.19300546564,87259.6457314069,65482.36346034569,79110.51262742432,113476.8785210703,98064.79192552471,78707.55537838404,77685.65597363186,67356.49017768982,77233.45783155654,77693.81436035805,106352.12586547446,69192.4848189932,4
125344.42548089332,143296.31844715102,83478.73639806944,174228.4729157058,86887.22096529258,63958.6450408274,80858.93313395181,117420.24033310894,102067.87759874793,77897.21523490135,75356.3359804554,67477.65898438204,79484.2114429726,77615.2256268532,108912.89817248561,72783.33726922718,4
124754.31707552876,141599.48576682637,96017.39448516304,173944.91868554577,88409.73239061027,65810.35295848286,79480.36694292628,113520.53147799152,102188.39820485095,76833.24984708427,75210.46849614006,68374.65684111796,79428.6450062567,78511.97761440011,107132.04528475348,72565.8324439326,4
124679.30462113675,141228.60327107945,89953.00858652695,170861.47318619172,86343.85005758406,64368.86660681565,79975.59219307808,115988.49934202425,97998.54135495918,79365.74719735947,77791.22326269427,66809.07360423489,77276.0379047439,77150.80108056082,107465.53331202666,69344.07434988908,4
125406.16099907889,143603.31965724466,87225.17934145682,176347.91002844693,88162.58915216794,64850.345534127424,80558.88331638377,115995.65190024996,104657.86363576217,76379.82235906391,73816.30078748474,68454.09494091212,80826.76897368062,78470.55983192443,108791.84112451567,74800.04576445172,4
124311.32785216902,140203.75343605917,97715.34475271044,170738.76210913208,87295.11794985748,65509.90080951462,79108.27745297879,113521.4926030031,98122.59353668614,78681.29207864906,77667.17108096732,67374.03629708724,77261.55397433687,77712.96980535625,106379.7079181323,69245.63726730792,4
125380.7470656332,143372.26967481014,83554.30764607283,174447.20708694545,86887.26566878149,63975.96764278026,80883.02831447462,117584.99504148902,102012.64643819886,77956.46970945236,75438.36688260638,67470.43937092298,79462.97728574005,77617.326690832,108975.79598138285,72757.5210043813,4
124799.73582026194,141752.84108553422,95891.42005341293,174293.85176823757,88431.7265071543,65802.17222001222,79510.05005956293,113608.17266800079,102311.06457842168,76828.66773947093,75196.56571108887,68415.18055381543,79507.30079499492,78545.90756248326,107264.59112937345,72691.13632334904,4
124710.79822907428,141280.52637344913,90114.83521638338,171006.22308328428,86363.94427584938,64391.93360709353,79977.04505646766,115988.2758245797,97975.20613374784,79379.06883705483,77834.49623995976,66831.15712775674,77272.17105295314,77170.15769125911,107486.45454483683,69332.65260847242,4
125445.50006932022,143673.54883832322,87008.79210338499,176378.7777875397,88149.78160259505,64823.858716947885,80598.71412500311,116038.81311879316,104664.59151084322,76374.18971946118,73817.82070610771,68459.41465609249,80843.48807853319,78471.4762534471,108818.95379053996,74819.17885770547,4
124332.38319544593,140232.9895178067,97715.2106422437,170712.43175416373,87327.95266246232,65526.95519053402,79120.59326417366,113455.28673592648,98194.09676719866,78624.18337156576,77616.3208623315,67414.38119582906,77312.09126855031,77749.22433486275,106364.3075662026,69310.59143669503,4
125350.81807980753,143291.95985698223,83503.25626173691,174086.94166981478,86851.52522939745,63953.5935465805,80858.15082289587,117440.4239583521,101916.28806785203,77958.1013867976,75457.8129002825,67452.51327186982,79416.75387820648,77602.48513251367,108897.38606183363,72683.62613721206,4
124778.59107000723,141700.76152095338,95685.20285906826,173960.02846479756,88429.78190538668,65789.63289137279,79511.43586771916,113516.1952395672,102372.15189601803,76760.0702357376,75107.15873326764,68418.15333582798,79539.33084479939,78548.72388228463,107199.43579428624,72740.84660301765,4
124640.90432416253,141122.58894712795,90258.1546018308,170541.3515021028,86346.68872912988,64406.9539793675,79919.62342496197,115806.3326247135,97910.63194401645,79362.6850083691,77829.8247253686,66816.85201130534,77231.20030536655,77164.50269991191,107377.22156968375,69266.04440999561,4
125432.33489183604,143614.27201202777,86885.43282573615,176141.75988933563,88128.34627966241,64823.76930997006,80618.56247407943,116121.62633200006,104643.35735361069,76381.09640849786,73799.84990356564,68428.5021935108,80819.5270084771,78443.13424147776,108774.25030162935,74793.27318588176,4
124328.2928262106,140228.2509479822,97865.07908881654,170789.58997602345,87357.92635177688,65568.08240033178,79115.11708678212,113492.86001835586,98274.2948263043,78628.83253441245,77608.65421398333,67449.33932415716,77354.89485918223,77775.3088206421,106408.116985335,69375.5232543377,4
125354.46141415376,143304.76740655513,83652.32004550935,174235.29019776467,86840.21524670307,63972.86075030098,80858.75431999617,117554.84253821881,101848.69639261918,78041.02635872678,75546.83989844799,67446.25478342234,79378.80061612137,77593.67854519827,108949.97971653697,72624.25990393876,4
124817.55016059283,141824.59018523578,95671.05420482806,174333.88374255702,88459.46502202333,65803.40156595726,79547.22101059211,113683.98978519319,102464.37519364062,76774.97884928928,75096.69811686255,68445.02013266327,79582.84969125387,78563.25251618058,107301.71737691372,72815.25556030936,4
124629.90726589052,141148.85224686292,90547.67674776039,170749.0439115815,86359.40687172496,64427.18230809955,79885.82758734556,115793.39096467388,97861.01107132567,79413.02113688245,77896.72349652332,66827.2232207326,77197.38211600568,77166.42494993508,107415.95714282479,69221.43032806282,4
125395.3427547625,143631.59461398062,86795.15412988116,176141.64813061335,88092.538785045,64776.1377425358,80588.94641267614,116069.27854648573,104605.69466420349,76412.45590596866,73828.19191553498,68407.22333278935,80786.64759238333,78410.4112875952,108822.26184871935,74756.03517961923,4
124276.07915116301,140173.55622930007,97996.86497412503,170629.41737525671,87366.39766292545,65570.04935384386,79068.1113681926,113363.86810110428,98281.73795720792,78589.53816766002,77572.556146688,67440.64449556405,77328.81037340288,77754.0076081762,106348.88486252843,69357.97713494029,4
125282.01941037411,143182.25749519558,83771.7230643896,173919.16947593327,86794.93061243661,63952.9453459913,80810.0722205725,117460.4734731285,101714.67533286517,78083.2264522584,75604.99913752069,67399.89726542203,79287.15846385462,77543.34241668491,108896.38023333314,72500.63240535646,4
124749.66791268205,141749.57773084377,95581.62487526237,174105.31480375706,88431.368879243,65765.8729870168,79512.8663793643,113584.99390900064,102493.946551555,76744.15579368542,75046.13847090465,68424.05419636419,79573.01492369354,78528.22733261912,107295.95062684425,72826.83376393722,4
124605.58856792314,141067.6036557679,90860.75763234588,170687.2413381626,86364.79364213868,64471.75168654343,79880.32905820955,115849.02445662314,97789.37373034641,79436.53517204944,77934.34148244161,66807.44192688966,77139.28993216633,77141.68156882306,107384.06120348707,69149.50241440564,4
125443.46606057479,143728.15415002755,86806.66527827564,176522.63361485407,88089.85657571036,64793.169771810746,80650.21254422815,116351.35756151172,104614.52360326334,76491.87165401837,73893.25784364437,68408.16210605646,80799.25397625614,78408.22081663857,108964.75421962193,74783.32665959914,4
124299.92846249683,140298.97186743878,98188.66529329603,171147.66492219747,87397.4218842294,65592.75872621045,79072.93934499494,113448.73767480109,98359.5667314013,78621.47881048666,77604.29562381454,67483.53749317378,77378.1630251602,77791.58089060556,106513.3937017195,69443.24904003728,4
125251.08459604796,143190.77350983306,83892.53424317054,174010.29753807755,86751.9258561046,63924.402168321874,80777.08104575647,117407.20926609151,101591.20429649405,78141.56450528676,75684.28077510366,67365.16265453848,79195.5386633323,77508.13841916781,108918.48610859945,72401.1894942748,4
124788.3587823342,141853.66980477213,95514.97197329665,174346.7136438744,88440.28722528067,65760.32975439189,79553.45714729514,113697.33377663301,102564.9133402006,76744.78164253017,75030.5593050193,68432.16787960147,79597.534787361,78533.36823384384,107368.23616841271,72892.83846531373,4
124588.66829737047,141046.74947819108,91058.32470158633,170665.87307046333,86355.383557723,64467.54955858584,79850.15420319489,115739.12092913639,97734.99193608665,79462.23967817303,77987.82920692315,66806.95018851163,77095.27934733384,77145.52606886937,107389.26915994515,69112.26440814309,4
125404.64108045591,143671.0677946887,86602.12446476513,176236.10660268148,88030.11036278134,64719.56547731942,80635.81802079894,116213.00026333336,104561.63937588208,76492.92218600777,73893.52606457783,68378.61309988656,80752.27060941108,78376.0566563674,108941.39664666614,74749.93315338292,4
124300.01786947464,140213.16352047486,98195.21435442142,170874.83952937598,87408.6871634349,65596.55852276785,79090.48546439236,113370.9089006077,98380.80088863384,78552.88130675332,77526.98093974363,67482.91164432904,77372.61979253529,77782.72959980126,106422.44445353084,69460.16931058995,4
125285.32746855349,143132.4354568047,83904.73829564314,173899.72345825715,86739.47593444299,63932.11352015896,80818.40942125433,117457.36658064922,101526.49599629594,78180.68005808354,75736.11447049552,67372.15875055299,79188.11788417315,77506.55144531149,108927.11388195919,72378.86010156394,4
124824.34509090724,141857.02256644043,95278.46816521505,174340.8574868271,88449.45144050736,65740.43670182666,79599.27822342853,113689.46596258474,102646.49720746247,76698.46882801877,74968.98024904494,68466.09782768463,79666.62402947235,78542.84537349289,107401.80848858459,72994.04716420737,4
124605.52151268978,140973.03342497748,91159.60045571333,170554.94136273162,86373.42141549844,64494.95279728804,79862.55942136758,115681.76635286408,97692.79184255503,79435.9987301825,77977.77092191827,66828.43021493319,77096.82161770125,77144.83316479126,107335.80378720806,69100.2168178817,4
125451.06565368958,143682.5118878498,86397.02485764324,176261.4087774049,88024.96946155661,64715.497459828555,80689.30574528048,116297.51220911888,104565.34976546167,76494.77738079756,73885.97117495193,68394.05815530517,80783.85362432642,78368.07708359684,108971.12446679169,74785.31596485568,4
124338.90990482688,140240.7902766216,98207.82073829422,171000.99277508174,87451.40134708898,65632.18720342961,79117.44166820547,113380.14017106775,98459.72489830553,78507.5296172535,77479.41642754275,67529.93971466299,77442.04431081346,77805.17075123439,106450.38413409998,69550.73857912286,4
125303.49943679565,143124.4335322897,83948.16773511979,173918.9459584887,86731.67517562809,63950.03961921211,80834.23445632869,117490.73773512099,101452.10939074868,78220.33205274727,75783.6342792075,67371.75641915279,79171.71170374296,77497.72250625164,108928.36557964869,72340.23628714518,4
124850.34016970875,141924.65894516217,95115.03220975783,174474.11858726962,88459.01798713423,65739.78850123746,79629.40837495428,113741.76904461016,102738.8546155518,76684.0519528451,74921.6839577775,68491.64587159704,79734.10394598293,78556.63639982181,107460.12418986848,73089.8020374539,4
124597.27371898577,140946.65836652022,91329.31725136247,170536.747042745,86381.78096792471,64526.91579185913,79846.1979444263,115639.40979712128,97658.03487992703,79448.73922452203,77998.35687856161,66833.59346790236,77086.65157397409,77148.23062994846,107311.57449621851,69075.80871293649,4
125482.40279941593,143740.31349901122,86259.78514668765,176367.1772321674,88015.49232190757,64711.94353246016,80725.02383292007,116424.02308273592,104572.12234403162,76538.07270980749,73910.71455606396,68391.01831805924,80806.31712750401,78369.5522987309,109022.80169997236,74801.99036621932,4
124327.6446256214,140245.7970673796,98231.71475311695,170994.15314127842,87473.5519258442,65643.87716577973,79104.05297327673,113314.98483598052,98521.77334091347,78475.18664302667,77437.3727962223,67544.66951425905,77473.04618037298,77824.14738227695,106442.94100319636,69593.8774459216,4
125271.35762826892,143064.48615366057,83993.56412810853,173742.54599124743,86708.22819569448,63944.42933135383,80808.26172927162,117441.87682174168,101365.56343621772,78255.98308515348,75836.36204437757,67345.67193337345,79123.7225083974,77482.09863687737,108897.43076532254,72258.71947511667,4
124840.57245738179,141933.06320107737,94959.4640683489,174415.6240720301,88466.77404246021,65730.33371333286,79638.03614831403,113754.1966145273,102801.75242444902,76645.9422285488,74869.2244135409,68485.00740349382,79760.25548699564,78552.07664395293,107465.5109602822,73131.15276469622,4
124580.84518681112,140907.27459278997,91557.61796922899,170491.3506497563,86408.893633949,64568.44533305709,79833.12217391994,115646.54000360251,97619.76869341955,79451.91317223468,78025.38013760807,66823.8704590643,77056.54377419279,77151.27046719438,107285.33354822798,69032.8933635823,4
125453.16671766838,143744.31446126872,86156.69890125978,176334.364871307,87995.10753096432,64686.50724727002,80717.98303341663,116439.69165559909,104551.91636704402,76568.04639912205,73947.46082394848,68366.49845439178,80785.88763307186,78354.53192645693,109068.39925866119,74785.60653753359,4
124328.60575063298,140295.14971913694,98353.9117400541,171169.27905908573,87517.54015893223,65673.47087543856,79102.64481337606,113366.95264183912,98593.90242027074,78458.84751782984,77427.35921470633,67558.75111326588,77503.8915877213,77847.75082442175,106485.29755893917,69649.0415512373,4
125260.38292174136,143075.99730205504,84136.2576647112,173820.24065497407,86698.79575953433,63951.33602039052,80791.87790058588,117489.39663045367,101271.77551648326,78314.16467597063,75919.95756864043,67313.75364229127,79061.27173438927,77470.02869487151,108919.02255046637,72176.64386947679,4
124875.84351013227,142041.60327215234,94875.10858477457,174665.04718840687,88489.97515320482,65734.82641396837,79670.06619811848,113881.40039222247,102878.75418409756,76637.42621391133,74846.13506151857,68483.0628017262,79788.2845745426,78562.93959175822,107531.8285860811,73189.96020435813,4
124569.17757620545,140928.39699130022,91808.80687341772,170618.1297443068,86419.6001195431,64584.80680999837,79795.75005719067,115583.50808423855,97593.6842076402,79489.30764070842,78084.85812960364,66833.05702603543,77041.41164319655,77175.85738609522,107325.2314120807,69009.62519760433,4
125444.67305477537,143754.0374701068,86016.97814666964,176261.22996344924,87958.89770494672,64642.4072554597,80719.68176599524,116431.9356002731,104500.8649827081,76581.50214928415,73950.2547920054,68326.84645972807,80739.82068774947,78324.84880982028,109063.77244755893,74735.91860960945,4
124309.87498877944,140272.59680898153,98392.78142366189,171058.3249996096,87532.22525503938,65669.58167190333,79086.50685387933,113255.90917538515,98645.84787438487,78411.52887481796,77367.4118360772,67569.16702618207,77515.15686692677,77854.65751345844,106456.91084348093,69684.67023189906,4
125262.52868920908,143011.2666501125,84213.10296214855,173624.61818750124,86684.3118291273,63954.867596014454,80806.80886588203,117512.6871481761,101162.00609946324,78343.40075771818,75957.30733362524,67282.55060703166,78994.32825974563,77443.94420909217,108856.19179680251,72084.35351662082,4
124900.45278077756,142100.0307321585,94700.80968151208,174774.41427402667,88503.69912430039,65713.16757359118,79704.77845725758,113923.80165145418,102999.38654892285,76636.19686796628,74825.92908453096,68525.77698538029,79872.32713369455,78598.23299625314,107640.0557327337,73311.41958372828,4
124553.57605857565,140863.01813876847,91948.59468324122,170483.6392979192,86430.150142926,64593.92632173614,79781.55669946155,115483.77460047897,97547.23728266207,79468.2522974315,78081.41596095753,66832.56528765742,77009.73922130337,77169.19656624754,107261.05955374951,68972.25308087506,4
125490.44942741984,143796.93046771653,85876.74330195706,176365.9255344779,87960.64114101425,64638.22747924656,80775.56112713351,116573.28803220845,104503.167212387,76611.92287348783,73967.53269046935,68330.80271849665,80763.49118512764,78327.57572264383,109117.64015169624,74760.10319711009,4
124326.90701805438,140295.84262321505,98397.81056616433,171150.391835021,87568.54683977924,65680.73519238654,79096.36397318411,113215.36311094322,98722.87198577786,78372.88270865474,77321.74722215501,67599.45363991901,77567.9069838413,77880.16085388194,106484.51524788323,69760.15207292463,4
125260.1594042968,142986.21034457808,84265.87543080753,173595.71738192052,86674.16413714459,63952.07362795754,80807.9264531048,117483.40636293964,101088.46886020528,78387.79132220642,76011.84559009619,67276.56033951764,78974.79283509169,77444.0783195589,108862.07030559424,72039.27004805447,4
124933.93569397161,142146.23178794765,94528.90241490632,174831.67944332116,88522.13931347601,65709.45718401161,79755.62867589339,113998.74705061282,103056.22703507269,76601.95399546075,74759.81262443216,68526.58164818068,79911.82266614708,78596.6013189079,107639.56399435569,73365.62256403238,4
124576.26307919779,140882.7994326114,92146.34056643731,170617.1239158063,86459.47563165137,64632.77365359946,79790.40799026586,115513.39066188225,97541.35877387034,79492.32512620988,78114.04950786228,66857.82275889191,77034.01321578184,77197.4715229835,107282.65133889334,68978.10923792234,4
125491.58936638707,143821.02564823933,85735.94966363307,176347.88767670246,87933.17084707867,64609.12550796575,80786.84875808343,116575.05382002042,104464.45399099041,76634.63224585442,73980.1167225977,68310.3285205756,80752.82940302246,78310.07430673532,109128.30193380141,74739.53959221121,4
124393.09053338654,140403.42156927843,98490.16797425367,171453.83911774625,87626.12493349612,65732.09950114482,79149.76229068784,113365.61153717179,98816.03405666757,78364.90313588419,77305.0504690469,67639.55266947183,77643.00884521114,77920.41634564595,106537.3994752645,69852.95651590306,4
125241.29453197653,142965.78085014594,84363.08316744366,173541.69321557204,86648.88431416564,63938.41671209535,80779.24916496864,117402.91773115609,100976.01723385064,78430.0137674825,76073.1117216482,67255.34853402956,78920.61220653204,77422.88886581527,108849.75449439937,71959.87665174922,4
124940.50710684147,142179.98292207514,94386.74532017056,174834.0710799779,88520.21706345286,65688.8041721349,79764.70348414224,113991.84036157613,103104.99854147418,76585.078428397,74722.37345246953,68527.25220051434,79942.9139426844,78591.63923163882,107666.00610804632,73421.9266083153,4
124545.88705848301,140795.31470481333,92349.16029562478,170404.7152882475,86466.22585847687,64648.106950295805,79755.38280670438,115388.89144526618,97476.7622323945,79484.07733250587,78122.96785389994,66844.21054651863,76990.60612804964,77181.4676739535,107212.15393688131,68928.018978598,4
125488.19190122986,143783.38531057662,85663.86528776471,176205.9988029002,87912.94251834662,64591.48998159051,80799.47749370069,116609.29669252595,104417.26945844525,76667.86928985946,74012.19147589106,68290.39076452145,80731.41643183428,78284.79448375637,109134.31455305988,74712.35987095354,4
124335.08775652501,140314.1710536684,98520.94632636862,171220.48690563286,87624.85088406217,65709.90421890072,79099.78379008577,113178.10275293622,98853.62969084141,78325.45230692058,77264.10207320478,67648.3145532983,77655.61522908392,77913.39789788699,106521.73090240132,69883.24312964,4
125180.07310391344,142807.61990638016,84486.75536951487,173154.5610016061,86608.695877635,63921.07175839803,80734.61273129139,117285.70518323245,100846.06419158747,78457.52876490698,76119.89392279314,67213.77428934268,78836.18966772433,77377.67128678219,108772.99860393985,71842.57469684776,4
124914.3332140843,142110.7372177526,94277.5570485064,174619.80725762932,88507.52127260224,65663.34553520031,79767.34098998798,113977.93757652493,103138.25793722368,76559.88801239587,74679.61456532653,68512.81297359621,79943.38332931798,78567.36523716035,107655.23256721886,73438.93628584579,4
124502.92700563993,140690.88735471814,92592.92842065435,170256.5902777422,86464.92945729847,64660.42276149068,79717.1166201969,115312.13555480666,97443.9498715341,79502.18224551466,78154.68497928203,66845.08226455239,76965.03573239276,77183.03229606537,107199.23462858614,68893.37377469227,4
125455.42424385838,143713.84903357615,85597.77117941037,176059.43841450673,87869.69189282559,64551.703876460066,80786.35701970542,116604.91575061271,104355.93627165988,76695.22782507275,74032.5762668343,68253.5103861702,80680.43210273172,78249.99281763946,109138.62843973977,74657.77691099369,4
124322.90605579688,140274.63081772695,98622.51265317353,171236.9154378075,87641.21236100345,65719.5601725054,79094.19585397195,113176.78400001336,98898.26612451866,78290.89650999267,77221.85727618424,67649.20862307651,77659.83970878598,77911.81092403065,106524.36840824706,69913.52974337694,4
125192.00893545258,142784.9552375025,84689.32922951331,173283.41880839097,86604.3372874662,63943.915241231356,80744.13457442935,117403.208303834,100754.93612944319,78517.52084702502,76195.62163300773,67196.18346645635,78783.84188221,77362.38269357475,108806.61562760064,71774.13365532561,4
124947.72672030053,142200.25595429612,94203.37160865923,174974.59649736842,88517.13252271802,65657.08704675281,79795.23596706819,114100.80511579575,103208.17419387987,76574.64016373637,74676.61943156952,68528.86152611513,79988.04211473967,78575.545975631,107782.8386763142,73515.8486385165,4
124492.19816830137,140677.0069214114,92844.29613879873,170410.3702795947,86475.658294637,64677.43243902117,79689.44516056123,115260.59243209273,97394.50781279895,79512.91108285321,78184.54690987432,66841.10365403934,76932.20101978791,77172.03523779336,107215.79727122752,68856.71691378557,4
125444.47188907527,143709.44573991845,85524.36805061913,176092.25077536714,87834.35378484176,64517.34924523226,80786.64759238333,116602.30059651144,104287.67404409338,76727.54844755512,74060.02420902542,68222.7543857997,80639.41665165624,78207.4127444521,109170.03264069947,74609.25127378122,4
124338.3511112155,140281.85043118603,98689.00909292807,171326.188305162,87668.8391171502,65734.42408256818,79107.29397622276,113186.55171234033,98935.66059299238,78257.61476249872,77176.03620005086,67657.07643712478,77672.1778717253,77901.21619715884,106524.86014662507,69943.52578443597,4
125168.91958343025,142733.27800432182,84795.07533253139,173235.31785432313,86578.74454006489,63928.26902011264,80723.83919046393,117340.77988157033,100660.79058179744,78573.78018781904,76266.9460495646,67185.34287039553,78740.41244273334,77339.53921074144,108821.61364813015,71705.46909635891,4
124948.75490054548,142197.99842810613,94040.51679855786,174945.87450574333,88509.51057785876,65626.35339812677,79815.82192371154,114102.10151697416,103237.23146167178,76546.3205035115,74627.93733214586,68524.36882547961,79996.75929507725,78547.1369084283,107784.13507749261,73545.46469991979,4
124467.0301040447,140602.70972284194,93009.34141985672,170304.24419692092,86476.55236441521,64682.86391292381,79662.37719802585,115159.92017506603,97353.64882393467,79510.78766712996,78196.460389669,66847.76447388703,76910.4527724329,77157.61836261969,107183.47664874514,68828.50901228297,4
125446.2600286317,143675.8063645132,85401.76873228178,175989.9915444841,87804.80477867184,64494.41635542111,80810.40749673934,116645.99825692156,104225.13386310743,76746.54743034214,74073.45760744305,68200.60380704449,80608.01245069652,78165.68203755404,109154.40877132521,74570.850976807,4
124329.00808203318,140271.2110008253,98671.66413923075,171333.85495351016,87681.53490800082,65734.93817269066,79103.672993621,113119.13885106312,99013.53407067468,78231.12794531918,77142.37447290117,67691.52047533041,77725.95616888478,77915.5436653547,106554.63267023953,70023.36621563032,4
125117.95760607214,142606.29774407123,84842.81865868792,172916.17964699026,86533.9739959209,63909.7841274481,80687.62936444633,117200.18740894645,100527.86475752173,78584.37491469085,76290.41538124268,67145.82498619855,78660.37084583889,77294.83572183082,108726.86460338409,71599.99121427431,4
124943.5916475763,142173.34445397192,93819.50274938378,174813.8203995014,88493.10439742857,65603.0852321488,79832.13869716391,114090.6797755575,103285.08654655058,76512.52466589506,74566.98412501623,68519.20557251043,80026.75533613627,78534.4858210666,107775.66376634405,73598.41598253441,4
124450.04277825866,140513.48155897637,93147.60931105725,170129.8111831917,86487.75058838732,64712.45762258263,79650.59782869791,115092.57436902219,97312.36515192571,79483.74205633903,78176.72379931496,66839.67314239421,76885.97761225434,77150.95754277201,107103.2785896395,68793.28266302141,4
125440.69444426232,143650.37007932307,85229.86146567602,175910.7769621345,87779.8155283708,64470.388230131655,80821.29279628907,116658.15760590526,104199.96579885075,76771.44727366534,74088.27681401692,68188.60092027199,80609.44296234167,78159.82588050675,109175.77703902448,74561.70911332477,4
124328.51634365515,140256.1682768069,98621.59623165087,171309.8938834541,87708.82638798075,65746.33756236287,79112.03254604728,113087.91346405906,99074.62138827103,78168.09602595521,77066.71381791995,67704.48448711449,77759.99787569021,77927.90418003847,106523.40728323547,70075.98222207812,4
125140.51051622756,142600.9556771464,84917.71935435764,172982.0278861556,86542.49001055838,63938.12613941743,80710.2493298351,117287.22510185542,100459.5131229774,78622.77521166507,76346.4735563366,67145.51206177617,78643.47292703069,77300.42365794464,108729.99384760784,71554.99715268578,4
125001.3038517599,142296.9272490653,93620.03578186463,175140.26762727115,88525.55913037767,65609.79075548539,79888.46509319128,114239.87766979667,103384.79767856571,76507.67433734828,74549.12508119644,68553.35903803815,80105.99227023033,78565.2418214371,107874.10084892523,73701.01048958427,4
124475.34495298206,140571.03730094878,93283.55262083444,170360.34707550373,86526.84378943966,64747.0804747439,79652.20715429868,115095.14481963454,97322.04345727485,79487.29598370743,78203.68000312806,66874.36304978884,76910.56453115518,77182.31704024281,107130.52536613052,68815.61205573226,4
125480.52525288168,143740.40290598906,85088.28551629609,176099.64920278185,87773.73585387897,64459.52528232638,80850.9312094368,116755.25358381911,104181.65972014186,76802.60560543604,74122.27381733344,68192.06544066255,80616.90844498973,78161.79283401881,109222.96157156964,74566.26886919366,4
124344.855468852,140328.40911488642,98572.265931638,171451.35807411172,87738.26363542839,65751.03142869848,79109.50679892383,113058.1856439335,99154.7523921433,78119.0339468758,77017.00353825135,67734.41347294014,77812.50212341573,77951.21704950536,106544.3508677901,70151.24054565914,4
125154.23448732312,142608.84584293913,84997.24686112964,172982.1843483668,86540.18778087948,63957.393343137905,80713.13270486984,117322.3396923947,100373.14598240209,78639.33785430645,76385.25383296655,67133.71034070376,78602.97156607766,77293.31580320785,108695.81803033568,71486.04202104117,4
125039.27946558947,142414.72094234478,93432.23642495113,175367.51781314824,88536.33267120513,65606.46034556154,79924.74197444225,114351.5916885843,103478.920874467,76498.7559913106,74522.10182214997,68585.52319830933,80176.95905887593,78595.5507869185,107966.01122212544,73794.50783664083,4
124465.376074955,140584.80597553327,93439.29957619902,170411.30905286182,86540.9253884465,64772.69557388969,79630.83888659942,115053.34705750312,97304.43028264407,79466.93354450865,78205.82577059577,66887.61763425084,76903.72489735186,77196.48804622746,107119.59536309188,68804.43618350461,4
125483.45333140533,143775.67395873953,84978.3596370649,176125.1748949498,87749.8641908007,64448.48352056546,80867.67266603383,116824.05225325255,104142.6335743229,76818.56475097714,74141.07163442035,68176.82155094403,80597.5741860359,78145.69957801099,109244.77687415802,74544.52062183864,4
124378.4054372794,140421.74999973178,98602.19491746365,171700.04358292147,87776.64158065815,65788.3811936833,79138.40760450454,113152.04061890133,99257.23514047089,78092.39066748509,76990.74023851636,67768.79045591241,77874.14823462347,77981.92834638695,106611.67432208949,70245.47550028272,4
125131.86039112335,142606.43185453795,85106.54689151609,172984.50892979014,86522.55225450423,63957.393343137905,80686.95881211267,117277.07740987271,100294.64665587505,78678.25224140314,76455.5947727674,67120.56751496404,78559.31860915644,77281.2905646909,108708.58087641966,71428.35216860201,4
124991.24556675501,142386.17776467535,93224.16403581668,175140.87112437145,88503.49795860029,65553.30789724684,79898.88100610746,114217.05653870781,103500.91499101103,76457.47231930165,74470.44694071377,68556.62239272862,80168.33128551618,78561.46437662416,107937.46804445602,73807.00246179134,4
124398.25378635572,140451.38841287952,93580.1826215008,170023.886266218,86528.00608015133,64771.51093143356,79582.89439474278,114871.58267159257,97262.207837368,79437.8539249723,78192.3029652003,66862.42721824971,76860.18369915291,77174.22570874997,107013.8045565849,68752.08839799027,4
125407.01036536819,143630.6558407135,84827.1724375692,175618.46084814798,87684.9994283914,64393.38647048313,80837.09547961898,116670.83104501141,104070.10216356542,76820.7328701893,74143.53032631044,68124.92080031883,80541.06897605288,78100.37024025562,109165.98697495306,74474.31379250453,4
124332.40554719038,140290.43350105686,98565.1580769012,171284.70346745296,87775.92632483559,65782.41327791373,79134.78662190278,113043.00880944835,99296.99889385687,78018.85342822713,76907.18941774243,67752.42897897113,77872.04717064467,77964.62809617855,106496.33932070009,70256.80783472155,4
125070.05781770442,142446.3263090046,85170.96461903628,172611.748887509,86478.09463478264,63938.260249884166,80661.25430598907,117164.17874862895,100215.18620433644,78707.01893651712,76496.87844477636,67097.72403213073,78517.96788191413,77267.05250347286,108648.45468383488,71360.00053405769,4
124976.91809855917,142327.3032697801,93025.03234446434,174984.00658178408,88487.38235084801,65530.06208301331,79930.06168962261,114232.18866970405,103544.21032002095,76415.89807461477,74404.19637014823,68546.3852937681,80180.89296590007,78543.56062931546,107899.96181726002,73840.55243021876,4
124372.52692848766,140343.63065286048,93726.43008547189,169881.1480261264,86531.58235926418,64790.42050724274,79575.89829872827,114796.65962417837,97239.18554057903,79413.78109619392,78176.47793012596,66865.15413107326,76839.39657680948,77167.47548192448,106942.32367781684,68728.99904596795,4
125461.68273230587,143665.0998789191,84748.80722150889,175840.27956012244,87679.92558240004,64406.708110178486,80902.9437187843,116879.75280043516,104068.7610588981,76868.18562366792,74177.95201277161,68132.69920738926,80560.04560709544,78098.80561814376,109229.3318187394,74488.9318333783,4
124369.21887030828,140374.74428114228,98560.03952742094,171674.18261458667,87804.53655773838,65798.41712694372,79157.29482856928,113094.28371122883,99404.55548817581,78000.45794254041,76872.94654523689,67802.18396212863,77949.67477913795,77995.4064482935,106588.27204564477,70366.80076918611,4
125081.34544865436,142448.7179456613,85289.67473383842,172762.1761276932,86464.907105554,63949.88315700092,80659.51086992155,117178.05918193569,100119.16311015644,78734.1316025414,76539.99495983064,67088.09043027049,78469.28578249048,77247.89705847467,108631.37795107103,71288.09497214496,4
125040.06177664541,142457.21160855432,92871.7217292454,175359.2923711887,88499.51934808724,65533.59365863725,79982.96826874831,114389.36613671377,103622.59788782572,76413.95347284716,74387.8125414625,68575.19669237098,80241.33208290722,78559.18449868972,107995.87315271773,73923.90208529259,4
124427.22164716979,140441.71010753038,93933.63075657259,170266.51445228036,86567.25574341485,64841.24837413411,79589.82343552393,114892.23568346926,97251.54605526282,79418.05027938489,78200.81897983777,66900.38048033482,76862.66474278746,77194.45403748204,106990.22346618456,68752.04369450136,4
125489.95768904182,143759.3348335427,84673.52654618342,176079.15265311633,87656.85858212216,64389.430211714534,80914.03018403414,116957.73803683974,104017.79908154001,76900.79681882821,74218.5651324469,68126.84305034198,80542.54419118693,78087.3838767271,109283.31128159897,74466.71419938972,4
124418.79503951015,140500.91987859248,98578.85969625232,171999.53460687812,87837.63949127668,65819.53952545399,79175.66796251154,113176.85105524672,99487.74868103847,77971.60184044861,76840.24594309878,67839.55607885792,78000.4132390515,78022.67557652899,106648.33118299619,70450.84332833807,4
125094.22005346061,142490.7839287262,85431.22833147387,172895.72780081365,86449.66321583548,63955.76166579267,80636.62268359931,117173.92410921147,100036.6628213719,78783.17132987635,76616.05794621205,67091.42084019433,78433.4112326397,77247.11474741873,108670.40409689,71241.40217797783,4
125071.46597760511,142529.2512809338,92707.74933192127,175439.5574855277,88493.39497010648,65513.76766130539,80000.08970500108,114424.74894818652,103650.82814107278,76397.43553369469,74352.60854394539,68574.54849178178,80254.96664702495,78547.1369084283,108026.91972576616,73964.78342590135,4
124417.9680249653,140412.07169438264,94092.68577011654,170179.65557332704,86576.4870138749,64849.74203702713,79558.35217933085,114771.78213259962,97229.68604918553,79412.75291594898,78208.59738690822,66913.74682351909,76854.30519036116,77199.88551138467,106973.25849214298,68744.86878453121,4
125494.11511351052,143734.74791464186,84575.64825721363,175898.52820617298,87626.01317477383,64363.81511256875,80923.32850972755,116949.89257453593,103947.68165918371,76923.2603220058,74240.84982166885,68103.55253261955,80503.78626630142,78056.13613797858,109259.66313596525,74420.55784708951,4
124396.82327471058,140461.73727056233,98513.19027104262,171806.9519766512,87842.5792268013,65802.39573745677,79161.29579082677,113036.21387913394,99547.56194920087,77919.1869997009,76783.29369822665,67856.99043953305,78036.44425111345,78023.99432945185,106643.86083410511,70510.83541045611,4
125077.72446605259,142381.4168431064,85532.14645768958,172551.7344536465,86440.47664886435,63972.05608750059,80644.60225636986,117136.90962039348,99914.19761350127,78782.63488800942,76634.31932143203,67061.15657820184,78358.86816488125,77209.72027894501,108560.27705195869,71145.60260124238,4
125041.29112259044,142500.70810326436,92476.83345995349,175245.25377097772,88463.5777430031,65472.72985848545,80003.59892888057,114358.00663924297,103702.90770565363,76382.16929223172,74316.95751153916,68585.61260528716,80291.06471432028,78545.95226597217,108057.4522086921,74031.65984531163,4
124379.23245182425,140317.9261467369,94225.16455950316,169940.60366637752,86578.81159529825,64868.42809539177,79537.65446396524,114670.93106161727,97194.81732783525,79379.91820334413,78192.16885473358,66911.28813162901,76831.6405214835,77191.92829035858,106905.95738958805,68729.82606051279,4
125461.2133456723,143659.24372187184,84465.61061926016,175651.3626159862,87580.5720782962,64335.27193489933,80924.8037248616,116923.18223991182,103873.67503329218,76943.57805771567,74260.16172887823,68073.93647121626,80463.17314662614,78026.85535274212,109229.46592920613,74384.83975944994,4
124419.24207439926,140481.85384057212,98495.26417198947,171876.73412284066,87869.24485793649,65824.16633655624,79197.28209939982,113094.17195250654,99637.8182933114,77897.21523490135,76748.84966002103,67885.8688933693,78096.32457450921,78051.44227164295,106671.33112804069,70611.32885352717,4
125078.81970153091,142343.97767114374,85646.8109067453,172527.19223823457,86422.90817772248,63983.61193938398,80643.8870005473,117129.82411740115,99837.77699920858,78821.4598681283,76692.47856050475,67052.7746740311,78328.82742033333,77207.68627019957,108542.7756360502,71100.94381582068,4
125095.51645463902,142593.19962182041,92281.79213783648,175473.93446849997,88469.29978958366,65468.88535843913,80062.92045866496,114492.87706528629,103782.97165429255,76383.71156259913,74296.34920315137,68601.1917711725,80358.25405815293,78568.6392865943,108122.1158054013,74123.19023885611,4
124435.44708912935,140400.5381942437,94358.80563960143,170259.27248707684,86617.9494998395,64920.73117741718,79564.6777230117,114758.3934376709,97240.66075571308,79379.04648531038,78201.5118839159,66949.06257975848,76882.73660930833,77239.09047115929,106943.91065167317,68788.65585191916,4
125511.5271224412,143778.17735411852,84344.9111992015,175957.69327374618,87573.75479623734,64339.094083201184,80956.05146361011,117041.28885761368,103873.25035014753,76979.07262791069,74296.55036885147,68085.33586088847,80490.48697835053,78043.35094015014,109300.87975274083,74411.68420454075,4
124455.80952832813,140606.71068509945,98439.83184574031,172181.45545499987,87905.32057348736,65852.48599678112,79211.60956759567,113147.30204907681,99731.04741943449,77846.43207149889,76689.01404011417,67918.56949550743,78156.38371186063,78078.51023417833,106707.3397883582,70706.1896569955,4
125086.3745911568,142412.55282313263,85793.23718467202,172735.24227562457,86428.87609349204,64014.25618103221,80625.33505264939,117171.9571556994,99776.1979432342,78860.57542092507,76756.0692734801,67059.7260665567,78310.94602476907,77213.94475864706,108577.91257833393,71074.68051608569,4
125109.86627457933,142695.39179747007,92198.39777927373,175656.88349686665,88473.6807314969,65474.94268118653,80070.22947910184,114569.1412173678,103805.88219235923,76372.15571071574,74278.31134537594,68600.94590198349,80364.89252625615,78551.9425334862,108167.31103268993,74159.06478870688,4
124391.83883569704,140387.887106882,94624.09849454147,170232.94213210847,86622.53160745282,64941.49594801616,79506.87611185027,114646.07592178296,97197.11955751415,79384.23209002402,78230.3679860077,66950.06840825897,76848.22551586933,77226.10410763074,106944.22357609554,68759.26330796043,4
125474.60204060104,143753.7245456844,84407.40667669853,175825.97444367106,87533.99104285134,64321.145632403575,80932.38096623194,117042.54055530317,103765.0902587283,77026.9277127895,74355.8495468914,68040.20768883321,80416.14507629217,77994.13239885955,109299.09161318441,74323.81949708695,4
124418.03508019866,140590.95270525847,98540.52645451146,172111.80741927715,87904.00182056449,65844.75229319958,79180.63004978062,113086.32649020273,99760.55172211549,77834.31742600411,76669.59037418252,67910.45581227014,78152.8968397256,78062.28286770379,106724.59533507768,70719.26542750186,4
125007.96467160758,142281.75041458016,85996.52630049305,172399.7425913504,86380.75278767977,63989.51279992018,80563.55483097493,117028.5707150186,99636.18661596616,78897.65696497643,76815.12258233102,67007.04300487555,78205.80341885131,77161.8651940662,108519.48511832776,70933.03751147242,4
125079.26673642002,142669.10614599063,92105.77215025094,175530.37262324963,88451.48544925278,65436.72119816795,80074.65512450399,114586.21795013166,103828.09982634781,76377.25190845155,74269.57181329392,68578.437695317,80355.25892439591,78525.45571630666,108200.61513192835,74160.76352128548,4
124356.09839631301,140324.18463518439,94863.79860208019,170156.54386956024,86633.50631398038,64955.89047144538,79486.91600405169,114610.04490972101,97176.06421423725,79382.30984000086,78243.46610825851,66939.47368138716,76808.68527992789,77214.10122085825,106931.93011664512,68717.84552548475,4
125466.48835736375,143759.06661260923,84429.49020022037,175914.10737205832,87507.4595221829,64299.44208853747,80941.00873959169,117127.3430737666,103718.62098200573,77088.70793446398,74417.13803018785,68019.71113916769,80379.57762236329,77973.50173872731,109381.70366069123,74281.6864587887,4
124400.7124782458,140607.1353682441,98610.01802802301,172227.38828985553,87916.74231490401,65834.6940081947,79172.24814560988,113068.51214987185,99806.93159186025,77807.3165187021,76636.53214413312,67908.17593433571,78152.2933426253,78052.69396933245,106776.47373395845,70749.82026217226,4
124972.60421187928,142224.0158586521,86241.52377146766,172377.39084689508,86359.65274091397,63980.01330852668,80531.18950500364,116981.363830729,99527.17715825763,78946.2273056778,76885.3964668985,66978.16455103928,78129.31574932525,77129.99160647293,108539.84755752655,70846.29039124136,4
125064.13460542377,142666.8262680562,92013.1688729726,175541.682605944,88424.93157683988,65389.22374120042,80073.62694425904,114590.33067111143,103832.16784383867,76381.09640849786,74252.4280252967,68555.01306712783,80338.83039222127,78491.32460252341,108248.89489995182,74171.84998653531,4
124301.89541600889,140226.95454680378,95049.89922641507,169988.3693442785,86619.67058416255,64935.7291979467,79438.34566335031,114447.14539613074,97139.11678065262,79369.8822700837,78244.53899199236,66923.38042537934,76768.42978816388,77190.81070313582,106906.42677622162,68683.84852216822,4
125381.88700460042,143598.55873567567,84325.97927164786,175427.5545987552,87429.45193403387,64217.29942766421,80896.64052684791,116916.23084738624,103612.07021618728,77095.1452368671,74428.0680332265,67964.12235070734,80291.57880444275,77907.31822339514,109306.93707548823,74191.81009433391,4
124389.53660601814,140515.5155677218,98545.82381794737,171951.85833595495,87917.7481434045,65822.60171444438,79198.62320406715,113037.5326320568,99861.58160705348,77747.68206449534,76569.23104157818,67905.60548372334,78160.58583981823,78034.20907666792,106709.77612850383,70792.51209408189,4
124978.52742415994,142141.73908731213,86354.75770887826,172257.71960708138,86346.04052854067,63991.34564296552,80554.34591225933,117007.44831650834,99465.91102670564,78978.70439037138,76950.8647264081,66980.33267025146,78103.32067052372,77125.6553680486,108522.4131968514,70812.15927745811,4
125103.1831029872,142708.24405053188,91798.03333259026,175669.93691562855,88418.67308839239,65369.75537177985,80130.93681704246,114666.55011970403,103897.30082718145,76376.60370786235,74243.44262402566,68578.46004706145,80391.53580564688,78502.56752998443,108316.97831356268,74256.65250499875,4
124333.88076232444,140216.31511644306,95157.54522771183,170079.16213025595,86644.27985480784,64966.97693669522,79466.17358519716,114430.38158778926,97136.56868178472,79345.94355177207,78239.8674774012,66948.05675125799,76781.21498599232,77200.93604337407,106889.84178183577,68704.14390613364,4
125453.88197349096,143645.40799205398,84225.91051172143,175629.5473133978,87426.41209678794,64229.212907458896,80970.06600738359,117069.96614574983,103568.05963135477,77129.41046111709,74472.078618059,67975.34292642391,80310.06369710728,77904.05486870467,109350.36651496489,74199.47674268208,4
124441.39265315446,140584.5377545998,98439.09423817327,172212.77024898175,87946.24661758503,65831.76592967105,79237.67170163056,113044.0369896933,99951.65913720836,77708.25358727618,76524.34873871192,67959.31672564945,78254.88784967517,78064.0263037713,106775.31144324678,70912.67507227363,4
124976.87339507024,142076.29317954698,86384.70904644836,172147.4808034278,86331.86952255602,63994.586645911535,80549.60734243481,116897.65654774387,99357.7509352864,78966.36622743205,76956.85499392211,66972.7107253922,78069.39072244057,77103.72830673795,108452.58634717303,70748.56856448276,4
125130.09460331139,142718.0788180922,91540.38477425395,175642.7571943709,88415.90147207993,65359.94295596397,80169.22535529439,114677.48012274268,103938.02570557901,76341.0644341784,74187.45150416512,68593.07808793522,80444.39768128368,78498.54421598247,108321.13573803136,74317.67276736174,4
124349.32581774305,140196.62322957793,95253.47891491401,170087.02994430423,86676.46636682349,65009.42289941584,79470.57687885486,114404.11828805428,97155.72412678292,79312.79591474486,78220.5108667029,66983.28310051955,76818.96708237733,77218.95154940504,106862.7738193004,68733.24587741446,4
125473.48445337826,143663.57996029616,84133.73191758775,175671.65799995163,87415.77266642722,64235.71726509539,80993.13300766147,117148.82310018815,103528.27352622432,77152.54451662833,74503.12519110742,67977.6451561028,80306.77799067236,77896.27646163422,109366.39271573935,74172.94522201363,4
124432.78723153917,140607.18007173302,98355.31989995479,172233.78088876975,87964.0609579159,65835.52102273954,79229.91564630457,112989.5657884557,100033.39946668143,77651.7260255487,76463.41788332677,67983.61307187237,78291.09767569277,78073.0787602757,106780.36293749369,70963.81586358737,4
124964.78110131992,142051.3262809904,86522.5746062487,172109.08050645358,86329.63434811049,64018.6594746899,80537.85032485132,116896.40485005437,99292.66265543255,78992.33895448911,77008.84515152517,66967.63687940084,78026.05068994174,77097.42511480155,108426.90419279388,70675.61247058064,4
125146.67959769722,142784.97758924696,91371.49499314964,175745.06112874285,88415.29797497964,65349.9740779369,80202.931785933,114770.55278665457,103991.40167133829,76334.20244863063,74172.16291095769,68596.52025658134,80460.8932686917,78496.59961421485,108360.6312704839,74351.42390148925,4
124283.90226172237,140124.76237115412,95353.32415739587,169887.74179074072,86670.76667198738,64998.96228301076,79417.04445088441,114200.22567513296,97147.47633307891,79270.14878632412,78197.44386642503,66977.18107428326,76780.87970982549,77211.95545339053,106799.00429236941,68704.45683055602,4
125434.7041767483,143580.09619475558,84063.50273650918,175367.5401648927,87378.19938399785,64213.90196250701,80992.75302800573,117121.57632369714,103437.86071990262,77147.96240901499,74500.04065037258,67920.91642867523,80220.16498090804,77847.19203081036,109273.14123787181,74077.4362179561,4
124453.23907771577,140660.3548717922,98335.27038517837,172379.1342829626,87996.94037400966,65859.88442419583,79264.7620159104,113096.7424031189,100153.22716870632,77632.43647008378,76428.25858929857,68008.66937740677,78351.46973746654,78102.40424900106,106834.07417941978,71063.66110606922,4
124943.68105455412,142040.23981574058,86686.12232042817,172141.02114928022,86324.78401956368,64032.29403880764,80521.08651650984,116900.09288788949,99226.65795405602,79026.38066129455,77069.88776563261,66954.38229493884,77977.21212830688,77091.3454403097,108425.7866055711,70620.24719956484,4
125169.27721134154,142890.85780273174,91236.31164268394,175990.25976541755,88420.95296632683,65340.98867666587,80235.3418153932,114919.63892217148,104052.53369242356,76345.24421039155,74175.00158250351,68598.66602404905,80485.1449114257,78499.95237588315,108443.55624241308,74410.11958242889,4
124338.64168389341,140268.4170327684,95569.24200883413,170359.54241270333,86728.07654477078,65056.76389417218,79446.5040500765,114393.81413386037,97199.75706335987,79287.58314699927,78231.88790463065,67004.00316762962,76805.24311128177,77246.19832589607,106882.5774648878,68757.27400270391,4
125450.50686007821,143704.95303928293,84035.65246291786,175674.65313370863,87365.48124140278,64190.7008517624,80992.8200832391,117195.1135629551,103405.74126312033,77203.8194184088,74576.7518373432,67911.99808263757,80195.19808235146,77847.5273069772,109375.48987573266,74069.45664518555,4
124457.93294405138,140760.53539044087,98283.70491071999,172566.39719800916,88015.4252666742,65843.65705772127,79255.28487626134,113053.78235027581,100235.36982957958,77592.22568180868,76394.75332436006,68025.72375842616,78381.48813027002,78124.59953124519,106893.17219175962,71137.93595289422,4
124907.22535934752,141983.73460575755,86804.25128987448,171930.2889025556,86303.6169175645,64017.00544560021,80476.91946946616,116750.33620003895,99123.1470254835,79017.30585304569,77101.2025596145,66922.12872768984,77900.61270005855,77071.3406290222,108359.8266076835,70526.41457634147,4
125157.31902805794,142841.5051509744,91038.6328147212,175689.33822981577,88395.3602189255,65306.58934194915,80241.60030384068,114851.93548821635,104045.26937547557,76289.56601495338,74119.63631148772,68565.3842765551,80463.21785011505,78471.09627379135,108380.83724747149,74390.89708219732,4
124314.77002081515,140171.9916071882,95700.26793483114,170093.1990257739,86729.50705641593,65068.87853966696,79415.61393923927,114254.36160020372,97212.2963919993,79251.77565238187,78216.66636665659,67020.16347887082,76818.31888178813,77260.6822563031,106841.9196417236,68752.35661892375,4
125411.77128693716,143578.46451741035,83963.88101147188,175285.35280053053,87309.69128724233,64159.989554880805,80963.20402183582,117084.04774475668,103320.42465453442,77207.10512484374,74596.33196548605,67882.96316659013,80149.62287540709,77811.94332980434,109317.8000232935,73978.93208014156,4
124445.23715320077,140680.0020551684,98231.64769788357,172339.929323188,88015.31350795193,65845.15462459977,79247.35000697972,113002.26157930632,100294.44549017496,77528.18793394422,76324.30062583693,68034.28447655255,78405.33744160384,78113.42365901753,106842.3666766127,71157.11374963686,4
124885.61122245924,141869.51719159095,86983.31111470594,171732.9453507597,86281.37693183147,64034.41745453089,80452.75723370997,116727.87269686136,99038.16569306442,79034.42728929846,77140.04989147781,66908.33770136091,77849.4719087448,77044.76440486484,108303.1649354893,70430.99497926176,4
125172.98760092111,142864.14746810764,90926.38235406666,175801.83455965933,88380.74217805173,65293.24535050933,80257.71591159295,114949.00911438574,104096.87955342288,76305.12282909428,74121.60326499978,68578.46004706145,80497.37131564275,78465.95537256663,108455.46972220775,74427.30807391502,4
124305.60580558846,140141.86145566244,95902.99825704077,170159.09196842814,86743.09691704475,65092.50433355622,79391.98814535,114226.73484405695,97209.12244428665,79238.47636443096,78222.8130963818,67029.7747289866,76805.17605604841,77255.40724461166,106833.31422010831,68734.25170591494,4
125442.9072669634,143629.6053087241,84031.49503844918,175546.19765832397,87297.9566214033,64166.136284606015,80987.90269945892,117256.6255636961,103272.7260318668,77278.16132046716,74679.99454498227,67878.71633514362,80133.8648955661,77802.33207968857,109401.328492323,73948.26548674887,4
124433.39072863945,140736.95430004052,98248.29974750278,172565.01138985294,88017.05694401944,65826.42386274623,79227.52400964785,112972.31024173621,100354.07994438171,77513.61459655936,76307.9615006401,68047.44965403673,78428.65031107073,78113.98245262892,106913.7805001474,71213.48484915314,4
124824.23333218496,141787.30747548433,87212.12592269492,171603.3052329189,86249.63745470493,64023.84507940353,80394.93327080409,116605.18397154618,98900.34483675299,79060.04238844424,77184.44045596606,66862.89660488327,77747.97263717325,77000.10561944314,108251.08537090843,70311.41314642587,4
125131.34630100087,142832.87737761467,90835.74603030039,175695.48495954098,88344.95703517878,65252.27460292276,80243.76842305284,114917.15787853693,104079.6687101923,76315.762259455,74100.92790137863,68540.3726745096,80465.43067281612,78429.32086340438,108476.21214106228,74416.75805053211,4
124254.68853171928,140065.68671055874,96141.84899829018,170073.3953801865,86744.1250972897,65101.0650516826,79353.47608965352,114143.7428168944,97183.39558641858,79242.36556796618,78212.37483172117,67012.74269971166,76769.41326491992,77240.78920373789,106818.27149608989,68713.48693531596,4
125400.12602807595,143551.86594150853,84075.5503267706,175406.32044152266,87252.47082143674,64136.162595291455,80972.50234752923,117258.88308988609,103154.23943450922,77332.14078332673,74711.95753955336,67817.38314835825,80044.56967646714,77747.7491197287,109388.02920437208,73857.56210774924,4
124489.62771768901,140816.37004809023,98320.92056523808,172890.9668792447,88061.22399106312,65861.8960811968,79284.63271673117,113194.2183606885,100432.17693950856,77524.79046878702,76281.51938694947,68055.1610058738,78469.08461679038,78121.2914730658,106998.78418431095,71299.02497518361,4
124892.4285045181,141916.41115145816,87497.6024028781,172178.66148694296,86280.79578647563,64067.520388069206,80422.29180601738,116825.61687536442,98876.85315333048,79176.60673577867,77310.28077724943,66890.70217498568,77768.60329730551,77030.2357709689,108425.45132940428,70337.27411476066,4
125170.77477822005,142993.34055105931,90722.10976148961,176148.48776441667,88339.39145080942,65218.635227517516,80254.56431562475,115006.2966354247,104103.8756494374,76357.85059426434,74129.62754125924,68543.8818983891,80487.26832714897,78425.85634301382,108622.72782596682,74474.22438552672,4
124242.43977575777,140089.49131840366,96290.30928496234,170150.4641950684,86750.71886190401,65094.98537719076,79309.06317342081,114026.95495211543,97157.40050761706,79225.04296601331,78211.39135496513,67003.98081588517,76738.36669187149,77229.21100011004,106812.0577111313,68703.42865031108,4
125401.57889146554,143553.45291536485,84053.6903206933,175322.09906841506,87222.49713212218,64116.44835668187,80968.38962654944,117261.29707828726,103061.27852931959,77372.73155125756,74762.62894423354,67782.91675840816,79989.11499847352,77717.97659611424,109389.07973636148,73795.04427850775,4
124491.54996771217,140844.0415077259,98246.46690445744,172864.86004172088,88067.01309287705,65848.57444150143,79284.18568184205,113146.07270313177,100502.9202107096,77500.27060511954,76247.43297665512,68069.8684537254,78505.16033234124,78135.93186568402,107036.40217022922,71371.26581326316,4
124837.08558524676,141799.82445237928,87608.44470363196,171821.21238961368,86243.7589459132,64047.96261167081,80369.60874433622,116636.52111727252,98770.32473925648,79186.53091031683,77340.52268749746,66856.39224724678,77692.36149696846,77009.26983466982,108346.90729938833,70247.55421251705,4
125154.05567336747,142922.21730020252,90517.14426483444,175811.78108594194,88309.26129928367,65185.01820385674,80266.67896111953,114972.99253618628,104091.24691382014,76328.97214042809,74083.04650581437,68503.98403453638,80456.57938201183,78392.57459551985,108557.90776704643,74457.79585335206,4
124270.7817877271,140071.72168156167,96442.92699610317,170151.7158927579,86786.45930128805,65141.722874846804,79332.04076672086,114089.60689182364,97198.8406418372,79218.0468699988,78205.3116804733,67024.03033066158,76767.6698288524,77255.49665158948,106814.89638267714,68739.45966237303,4
125395.56627220707,143538.3207843686,84025.16949476833,175301.26724258272,87193.59632654148,64096.55530411665,80961.70645495731,117261.09591258716,103004.57215363649,77422.86651407082,74815.62493033707,67767.87403438974,79970.29482964217,77712.09808732249,109434.45377760576,73760.5555368132,4
124508.02320337573,140870.75184235,98192.24157240886,172933.79282162106,88089.3871890768,65854.81057820447,79298.13317038216,113177.78982851385,100564.8345428508,77457.31055227644,76187.19502534808,68074.09293342746,78534.91050421125,78139.23992386341,107048.00272560153,71422.54071504364,4
124847.72501560749,141791.93428658656,87805.52003449442,171901.7233731417,86251.5597047281,64076.39403061796,80365.6748373121,116687.12546671933,98701.3472558674,79219.20916071048,77392.60225207833,66852.9277268562,77660.86788903092,77005.69355555697,108360.6312704839,70193.06065953501,4
125218.13812472083,143049.53283661997,90415.26501360715,176170.2807152606,88325.98040413624,65193.735384194304,80321.7089559685,115184.19416954448,104135.4810160972,76353.13437618427,74096.50225597648,68520.1219940331,80497.03603947593,78400.73298224605,108679.38949816102,74512.19999935628,4
124293.35704962697,140136.69820269325,96613.69432374171,170406.83870397077,86822.40090637219,65172.47887521731,79327.41395561863,114100.06750822873,97216.63263042363,79210.69314607301,78214.94528233353,67053.51228159813,76779.44919818034,77273.35569540926,106868.51821762542,68764.13598825168,4
125405.24457755621,143568.51799112774,84010.082067261,175368.9483247934,87172.65274198685,64078.428039363396,80957.95136188882,117275.57984299421,102931.01256263406,77464.44075875769,74866.13987280606,67755.53587145041,79929.59230298905,77692.16033126836,109473.52462691363,73709.39239375501,4
124496.75792417026,140868.8072405824,98098.99009454132,172850.33140782494,88093.72342750114,65829.93308662571,79280.00590562892,113067.52867311581,100615.26007834198,77400.85004578234,76118.91044603712,68081.87134049789,78545.77345201652,78130.03100514782,107037.60916442981,71458.37056140549,4
124867.05927456132,141742.3581173847,87973.89572547624,171780.0851798159,86267.04946363563,64108.893467055976,80376.51543337292,116708.58314139643,98619.27165022751,79227.68047185904,77415.3786796783,66844.00938081853,77611.17996110678,76992.66248853951,108298.1134412424,70118.31642607646,4
125221.98262476714,143062.54155189297,90224.6940403812,176112.30029014352,88315.40802900888,65158.509034932744,80324.99466240343,115141.85996554613,104177.3905369509,76363.43853037817,74079.91726159064,68535.09766281815,80532.17298175966,78409.74073526153,108739.58274597916,74554.93653475482,4
124258.71184572123,140043.8490562259,96691.38898746837,170126.16784884548,86832.01215648797,65170.869549616524,79291.07001913429,113915.2856368167,97209.70358964248,79162.8380611942,78164.78796777582,67052.72997054219,76764.45117765083,77271.20992794156,106784.94504510702,68742.87947927469,4
125380.47884469973,143458.59211189655,83942.7139094727,174990.53329116505,87144.17661955078,64061.10543741053,80955.80559442111,117214.76074633132,102836.55409056594,77471.01217162755,74864.3740849941,67718.14140297669,79868.92966853734,77659.12445296341,109384.58703572597,73618.01846242172,4
124500.84829340558,140846.70136531608,97990.31591299962,172730.72722324458,88116.85748301238,65836.52685124002,79300.25658610542,113053.31296364224,100705.8740503638,77365.46723430959,76054.26920107237,68102.4796488857,78598.83649335343,78148.71706351246,107035.50810045101,71525.64931221597,4
124777.29466882882,141561.84542916363,88038.87224660782,171285.68694420898,86233.07481206355,64086.25114992275,80301.79355165882,116432.29322818438,98522.37683801376,79224.84180031321,77424.92287456071,66816.33792118287,77543.38712017384,76971.69655224045,108185.70651837665,70018.8735149948,4
125164.56099326146,142925.12302698172,89959.71410986353,175627.82622907477,88279.51112741366,65116.711272801316,80314.19876983152,115033.87868808255,104167.55576939056,76325.82054445989,74018.0699846828,68499.78190657878,80508.39072565922,78380.32583955835,108637.09999765159,74528.5391245531,4
124225.1171738049,139911.2361563726,96757.66190977836,169822.02766204212,86849.98295903004,65198.5410092522,79277.4131032721,113850.04089475167,97229.10490382969,79114.49123793737,78115.41296427404,67054.65222056535,76764.80880556212,77277.17784371112,106680.04830837826,68739.5714210953,4
125356.07073975453,143364.64772995087,83862.35938815588,174795.78254172596,87116.8627878264,64052.70118149534,80950.86585889649,117220.43808942295,102778.23838928204,77504.40567784378,74898.79577145526,67697.24252191097,79844.0968804475,77649.51320284764,109351.7076196322,73567.86114786401,4
124480.5305576957,140809.77628347592,97837.47468441424,172680.48050170907,88128.03335524004,65829.75427267006,79295.29449883635,113011.33638755517,100792.66587408374,77317.74625989751,75991.55020613078,68115.13073624739,78647.74211022165,78166.93373524354,107021.78412935545,71596.63845260603,4
124764.64358146711,141501.11573947856,88157.71647187669,171280.83661566218,86236.31581500958,64111.754490346255,80289.7459613974,116435.3777689192,98476.15343048018,79243.37139646667,77463.09965409037,66812.53812462547,77528.23263743313,76983.25240412384,108152.26830867153,69979.35563079783,4
125217.06524098698,142994.41343479318,89783.13532866661,175872.93545877165,88289.34589497399,65127.12718571749,80369.25111642494,115227.82477472124,104201.57512445154,76325.17234387068,74001.4179350636,68491.86938904159,80532.7541271155,78381.44342678112,108664.68205030943,74560.97150575776,4
124280.86242447645,140015.01530587857,96883.27871361718,170273.8458244617,86904.38710503426,65250.77703604425,79300.25658610542,113962.49252110631,97306.75486406742,79117.173447272,78129.87454293664,67097.27699724161,76828.24305632628,77327.33515826883,106758.43587618302,68812.34870104179,4
125379.00362956568,143455.52992290616,83835.3361291094,175108.17052223333,87104.68108709826,64042.03939939015,80951.08937634104,117268.27082255732,102745.69424935512,77559.36861745937,74967.70619961098,67699.72356554552,79841.16880192385,77660.71142681973,109428.26234439164,73550.42678718887,4
124549.28452364022,140961.29875913844,97770.53120977059,173080.97905885926,88168.13238479286,65848.17211010124,79337.76281330142,113146.92206942107,100886.54320079603,77283.81631181436,75947.65138002054,68137.32601849151,78699.64286084687,78187.38558142014,107070.71209796812,71672.1202936316,4
124767.66106696858,141527.58020491365,88310.96003186227,171384.1016750457,86235.73466965374,64120.76224336174,80261.40394942809,116381.82298920429,98408.85232792525,79257.34123675124,77507.02083194505,66807.71014782312,77493.29686084948,76979.49731105534,108139.9748492211,69919.36354867979,4
125273.48104399217,143114.44230251817,89634.6079867611,176125.1301914609,88295.1349967879,65126.36722640601,80410.42302971162,115375.01101195945,104243.81992147207,76334.09068990835,74004.94951068754,68501.32417694619,80571.13207234527,78389.49005478503,108730.8655656416,74602.32223300007,4
124298.47559910723,140083.94808577874,96998.61371500656,170471.97168731352,86931.47741931408,65272.23471072134,79282.28578356336,113931.80357596917,97358.96853911503,79102.28718546477,78133.11554588265,67132.36923603645,76874.04178071521,77363.4108738197,106801.48533600394,68861.52253884346,4
125405.06576360056,143496.38891177045,83831.37987034081,175173.41526429835,87088.61018283489,64047.9179081819,80959.04659736712,117337.74004432441,102668.04428911737,77587.84473989543,75013.99666237792,67675.49427455595,79808.35644106346,77646.80864176854,109425.13310016789,73490.56881553755,4
124535.44879382239,140986.48917513958,97643.72976347564,173044.9927502862,88164.84667835792,65828.81549940295,79312.05830717782,113046.20510890546,100954.24663475117,77234.50836354595,75890.31915549269,68142.71278890524,78737.26084676514,78195.70043035751,107079.58574051688,71730.2795327043,4
124751.00901734937,141451.09253538758,88467.71281572734,171144.96036111837,86229.4985329507,64141.97404884983,80234.69361480398,116323.59669489822,98310.66111453308,79247.21589651298,77518.17435242825,66776.44005733014,77425.95105480564,76960.65479047952,108036.68743809313,69827.05084407936,4
125252.06807280399,143100.65127618925,89450.34020547154,175964.91288720525,88265.7871563181,65088.54807478763,80396.29672721586,115331.17924108259,104262.88595949244,76341.6232277898,73995.3606123162,68493.99280476484,80581.79385445046,78387.72426697306,108760.01224041132,74624.80808792211,4
124242.55153448005,139979.87836359482,97094.05566383072,170159.87427948407,86929.57752103537,65274.78280958925,79234.18482949554,113769.86518739047,97350.36311749973,79051.12404240658,78082.33238248019,67119.58403820802,76843.44224255589,77349.17281260167,106707.85387848066,68837.33795134282,4
125360.89871655688,143379.2881225691,83822.12624813632,174819.94477748213,87051.81921146145,64034.640971975445,80942.12632681445,117313.60016031268,102559.52656978686,77600.78639993507,75029.24055209644,67630.94724785653,79727.26431217961,77598.75239118963,109342.78927359454,73389.6283375774,4
124569.69166632793,141040.9380246327,97605.26241126805,173224.11963035102,88203.6716584768,65858.47626429514,79355.26422920993,113215.09489000976,101067.18999948383,77224.27126458542,75859.07141674416,68176.70979222177,78803.04203069712,78219.61679692469,107150.86545358485,71830.08007169724,4
124748.21504929246,141466.87286697305,88673.75119611635,171334.36904363264,86242.08256507905,64168.662031729466,80221.55078906426,116361.72877093898,98275.23359957142,79294.8698156917,77586.68244918376,66790.8122290149,77415.40103142275,76970.69072373996,108088.85640965181,69807.89539908116,4
125255.39848272783,143162.49855309707,89302.25989845514,176128.9746915072,88254.18660094579,65064.81052217609,80410.42302971162,115390.18784644459,104277.57105559959,76350.16159417172,73991.13613261416,68484.24744418233,80583.89491842926,78370.37931327574,108814.66225560455,74643.82942245358,4
124240.74104317916,139992.17182304524,97228.47905498494,170262.3346760672,86958.65714057174,65293.9606063319,79222.74073633441,113741.94785856579,97371.6866817101,79022.91614090397,78058.39366416856,67128.1447563344,76841.49764078828,77351.07271088037,106695.26984635233,68848.6479340372,4
125351.80155656357,143367.66521545235,83837.8395244884,174808.83596048786,87026.62879546033,64016.826631644566,80937.09718431202,117311.25322714487,102481.72014733794,77639.6784352873,75074.54753810735,67606.02505278887,79682.7619889691,77575.64068742284,109350.74649462063,73329.74801418162,4
124578.18532922094,141069.7047197467,97527.21011963012,173274.23224141984,88217.99912667264,65852.08366538092,79367.40122644916,113210.2222097185,101135.76515147272,77191.21303453602,75806.52246552974,68188.2432923607,78835.45206015732,78220.98025333647,107173.10543931788,71890.58624393777,4
124732.63588340711,141414.81565413662,88853.59333200376,171260.18360378547,86237.4557539768,64181.91661619146,80195.9803934074,116287.85625551418,98208.22306969442,79318.36149911422,77628.1225834039,66789.40406911421,77381.85106299532,76966.51094752681,108071.19853153212,69759.59327931324,4
125256.78429088407,143146.9417389562,89135.04649818498,176010.19752147168,88234.15943791384,65040.156548041894,80425.24223628548,115392.46772437904,104255.77810475566,76335.05181491993,73966.41510324659,68461.58277530465,80565.43237750916,78339.66801639415,108794.63509257259,74629.12197460199,4
124257.81777594303,139988.7520061436,97347.03270757588,170288.441513591,86991.71537062114,65330.95274340543,79232.5531521503,113736.29286721861,97411.02575195143,79002.79957089419,78045.18378319548,67155.99502992572,76873.10300744808,77370.02699017846,106697.37091033113,68888.18816997865,4
125346.0348064941,143327.78970334408,83813.34201256538,174693.6350695652,87000.4325509587,64004.62257917197,80935.01847207767,117269.94720339146,102397.96816086391,77671.9320025363,75128.12466956672,67593.53042763835,79645.45692747319,77557.37931220286,109343.28101197256,73267.23018494013,4
124618.6196349406,141110.36254291088,97420.83816776732,173350.13876559006,88246.02821421961,65864.15360738679,79409.37780253623,113269.07435286933,101214.37623672203,77145.2578479359,75757.05805505015,68210.349167627,78888.85037766105,78231.44086974155,107187.41055576928,71958.84847150427,4
124743.63294167913,141380.19280197535,89008.91560422369,171230.29932144872,86246.03882384763,64206.61529381458,80197.14268411907,116261.81647322375,98139.58086247217,79319.72495552599,77662.32075242052,66790.90163599273,77356.258315594,76960.05129337923,108031.88181303523,69697.92481636105,4
125313.84829447846,143218.19910027971,88977.31023756388,176177.34386650848,88238.58508331598,65036.75908288468,80480.20517590108,115510.84256301435,104282.04140449065,76344.4171958467,73971.3548387712,68477.45251386792,80607.38660185177,78341.29969373938,108858.35991601467,74664.124806419,4
124274.7827499846,140008.55565173097,97443.14520873371,170387.25857582793,87022.00198435808,65348.02947616929,79225.53470439134,113666.64483149587,97448.64373786972,78970.59070713409,78027.74942252034,67192.58483559905,76913.82788584565,77390.70235379963,106714.24647739489,68925.76145240801,4
125377.21549000926,143344.7323256412,83838.0406901885,174730.3813374497,86992.49768167706,64014.591457199036,80951.98344611925,117345.94313453951,102314.61850579006,77706.4430959753,75170.61533577625,67578.13007570864,79614.32094744695,77540.57080037246,109324.86317454139,73206.9251783997,4
124606.0132510678,141124.66765936228,97304.36322741071,173337.2641607838,88239.85913274993,65840.50546175307,79387.7860173924,113178.99682271444,101275.79883048522,77108.37746958465,75705.09024919156,68222.84379277752,78920.12046815401,78234.07837558727,107202.67679723226,72014.41490822016,4
124711.60289187466,141289.57882995353,89193.0045715576,171010.46991473078,86233.43243997484,64222.12740446656,80158.5188697003,116165.59221334365,98046.19527413789,79322.22835090499,77690.34983996747,66770.00275492702,77290.72300085104,76942.43811874844,107952.46606498554,69618.77728924481,4
125282.80172143003,143187.0854719979,88818.6128519312,176014.10907675137,88193.59102172745,65002.404451656876,80466.5482600389,115472.9563561626,104280.67794807887,76357.33650414187,73974.9087661396,68462.58860380514,80595.74134299056,78329.54267615589,108863.21024456147,74668.66221054342,4
124231.6215314414,139910.49854880554,97542.4763610931,170135.77909896127,87017.12930406682,65364.12273217711,79193.70582028697,113555.84723423091,97434.71860107406,78918.48879080878,77989.81851217969,67176.31276563558,76876.29930690519,77375.63727803675,106622.20199372793,68899.60991139531,4
125360.22816422323,143266.43416481427,83867.76851031405,174558.63053305514,86953.33742539138,64017.89951537842,80955.93970488783,117373.07815230826,102225.03271401318,77740.97654115874,75222.73960384603,67554.61604054166,79557.30164734145,77515.87212274935,109298.75633701758,73128.73877629504,4
124640.70315846243,141188.66070373784,97194.99614179089,173526.24816015342,88250.63267357739,65852.01661014755,79426.07455564434,113252.3328962723,101389.34569231817,77099.3473648247,75684.77251348169,68266.69791539884,79000.40793423748,78266.33194283629,107299.63866467937,72120.36217693832,4
124734.96046483047,141295.79261491212,89334.62522442642,171117.91475032744,86240.607349945,64257.599622917136,80166.31962851521,116170.48724537937,98002.43055849441,79340.42267089161,77736.23797133422,66790.43224935916,77281.06704724635,76953.97161888739,107950.52146321791,69583.39447777206,4
125337.42938487881,143271.2174381277,88596.57062251218,176187.40215151338,88189.07596934748,64997.375309154435,80522.09234501033,115588.15724708526,104303.92376231239,76358.67760880919,73963.37526600067,68472.84805451013,80624.46333461563,78333.02954829091,108901.52113455787,74696.22191145681,4
124288.64083154689,140019.97739314765,97586.15166975876,170470.65293439067,87062.81626973346,65409.38501469911,79225.69116660251,113614.14058377035,97533.62507028879,78900.16036035542,77978.21795680738,67238.49531871025,76958.03963637825,77432.99185430908,106688.89959918256,68991.9896712291,4
125347.33120767251,143270.59158928294,83781.87075637231,174497.67732592553,86919.13925637475,63999.59343666952,80938.84062037953,117275.69160171648,102145.81813166359,77755.88515471044,75253.85323212782,67541.24969735739,79516.91204511072,77509.52422732404,109269.92258667023,73064.9468976196,4
124669.53690880978,141241.14259971888,97045.73119231834,173543.81663129528,88274.75020584467,65869.13804640032,79465.95006775261,113293.30364385888,101469.43199270153,77036.69542511647,75609.08950675602,68280.22072079428,79033.57792300916,78279.38536159818,107265.64166136285,72170.94417464068,4
124686.4795311069,141231.35253564746,89484.82894716608,170941.78300401964,86226.3022334936,64266.897948610545,80121.0573459932,116019.50121158376,97953.70375558184,79346.70351108356,77773.29716364112,66795.23787441706,77248.65701778616,76967.80734870522,107912.18822147706,69519.69200607443,4
125274.91155563731,143174.94847475868,88422.13760878297,175793.0503240884,88139.52215189007,64956.1810441233,80505.08266747984,115460.5511379899,104256.18043615586,76321.014919402,73923.07507074774,68428.92687665545,80560.24677279554,78291.05297220385,108803.82165954373,74614.92861687287,4
124221.13856329187,139863.22460928257,97707.87927006236,170052.3847403985,87056.17780163024,65417.90102933658,79193.45995109796,113436.57832581739,97535.34615461185,78844.0574817726,77933.55917138567,67230.76161512871,76923.79676387271,77424.83346758288,106581.0077286968,68945.74391195105,4
125296.9727274147,143117.3703810418,83845.57322806993,174135.53436226063,86872.06648255188,63989.490448175726,80932.17980053184,117230.20580174992,102045.32468859252,77786.79761729212,75308.5703025544,67509.80079290876,79442.9054192192,77481.24927058807,109207.27064696202,72947.64494271815,4
124635.76342293782,141166.91245638282,96974.71970018384,173405.66049881704,88266.92709528531,65854.07297063744,79468.31935266488,113256.78089341891,101529.80405447532,77000.9773374769,75566.62119229093,68287.46268599782,79050.54289705073,78280.21237614303,107257.57268161449,72191.91011093976,4
124640.83726892917,141096.72797879315,89721.86919711462,170764.69013270023,86217.27212873366,64287.662719209526,80094.7046392804,115965.5217487242,97857.59125442401,79352.8278890643,77805.43897216785,66777.80351374192,77178.76311287441,76946.97552287288,107839.07566536375,69409.81083033215,4
125276.09619809345,143185.20792546368,88340.9560729213,175938.60488398134,88125.64171858331,64943.686418972786,80520.25950196499,115571.75106665505,104270.79847702963,76363.93026875619,73947.7066931375,68439.32043782716,80578.48579627107,78289.93538498109,108890.14409663012,74621.25416055371,4
124205.4699904287,139869.46074598562,97900.14897586692,170275.5892605292,87086.73263630064,65445.37132327215,79167.50957578536,113443.55207008745,97565.20808520414,78842.29169396064,77925.4901916373,67259.28244105369,76937.63249369056,77437.14927877775,106617.93281053696,68953.96935391061,4
125265.92615436629,143114.39759902927,83979.63899131287,174295.72931477183,86847.90424679569,63984.26013997319,80899.32273618254,117274.2834418158,101950.32977465747,77862.52532750671,75384.1415505578,67493.19344677847,79385.05910456886,77455.52241272002,109251.59415621689,72854.39346485061,4
124600.67118414298,141201.64706726637,96962.9403308559,173579.4229602126,88263.41787140584,65836.95153438467,79442.19016339662,113257.27263179692,101574.46283989702,76994.04829669575,75534.00999713063,68282.79117140666,79049.49236506133,78263.56032652383,107311.06040609603,72210.46205883767,4
124567.65765758249,141016.7310853876,89995.83452890332,170708.43079190623,86195.43447440083,64286.746297686856,80029.57165593763,115854.32182005905,97761.9257881553,79392.1893110501,77859.64195247197,66753.32835356335,77095.61462350066,76916.84537134712,107819.42848198755,69314.61475069699,4
125246.6142471569,143178.7482713161,88262.74731907216,175952.9770556661,88088.7389884876,64909.53295344508,80518.6054728753,115617.28157011051,104245.29513660612,76406.4879901991,73972.22655680496,68407.67036767845,80534.51991492748,78254.84314618625,108921.28007665636,74601.67403241087,4
124166.64501030983,139832.6474228677,98023.17297734892,170277.06447566324,87087.69376131223,65440.23042204743,79135.63598819208,113367.80200812842,97583.38005344631,78834.31212119009,77912.99556648679,67255.70616194083,76916.19717075792,77429.92966531869,106615.42941515797,68971.60488028586,4
125227.63761611434,143039.38514463726,84004.829407314,174152.38757757994,86802.0384671734,63953.3923808804,80880.52491909564,117232.23981049536,101835.06182850145,77910.35806064107,75433.00246393711,67451.1274637136,79297.19439711505,77414.08227849987,109218.24535348956,72772.29550746626,4
124570.49632912832,141159.44697373474,96776.52678209863,173444.66429289154,88245.51412409713,65792.71743210763,79432.4448028141,113152.08532239025,101626.00596261096,76960.02894163477,75462.55147010702,68278.70080217133,79055.95201920891,78248.87523041668,107297.2246762782,72270.61060316689,4
124583.52739614576,140944.3114333524,90139.26567307302,170620.61078794132,86208.06321001807,64319.245734124874,80043.27327528874,115876.40534358089,97695.00466525611,79396.74906691899,77861.07246411711,66745.32642904835,77049.61473341164,76904.82013283017,107741.5326525608,69266.31263092907,4
125284.43339877528,143213.43817871073,88033.28431049398,176075.35285655892,88077.40665404877,64886.89063631185,80555.48585122655,115690.66234715728,104272.63132007496,76434.11474634585,73969.76786491489,68429.28450456673,80576.25062182553,78260.1181578777,108998.86298166073,74650.98198067928,4
124209.33684221946,139847.4219259527,98026.99512565079,170407.19633188206,87122.65188964033,65469.28768983933,79156.04313087979,113360.47063594707,97634.65495522678,78787.95460318978,77852.98113262429,67297.34746186108,76959.33603755666,77445.55353469295,106602.912438263,69021.85160182138,4
125285.43922727577,143061.4686681591,83951.18522062126,174295.52814907173,86799.73623749451,63968.25629094319,80913.42668693385,117301.73138400691,101784.25631335453,77951.21704950536,75474.01791501259,67472.69689711295,79309.39844958764,77417.90442680173,109248.35315327087,72751.62014384511,4
124646.82753644319,141268.81405935457,96559.02195680403,173740.93666564664,88276.87362156792,65797.34424320987,79481.14925398222,113217.06184352182,101746.54892045843,76931.4634122209,75410.6954229707,68341.26333490174,79162.41337804955,78283.34162036677,107374.15938069337,72394.81924710504,4
124585.58375663565,140908.83921490185,90197.46961563465,170571.36989490627,86209.02433502965,64324.92307721652,80014.37246970803,115731.58839125496,97647.3954495663,79383.44977896808,77869.29790607667,66769.04162991543,77047.91600083304,76909.42459218796,107692.02353859229,69237.36712185945,4
125325.94058822878,143227.74329516213,87787.48217671897,176011.42686741674,88068.84593592238,64877.32408968498,80597.08244765789,115760.08686543547,104260.40491585791,76405.37040297633,73932.21693422996,68422.35546378559,80575.37890379177,78239.4204425121,108940.12259723218,74648.07625390009,4
124232.73911866416,139871.33829251985,98039.04271591219,170461.86869881974,87164.51670700511,65497.093259941736,79160.44642453747,113339.23647871453,97715.43415968826,78750.47072773824,77819.34175721905,67342.56504089416,77015.3271574172,77479.75170370957,106600.92313300648,69098.62984402536,4
125279.11368359491,143041.68737431616,83909.6556794233,174187.54687160812,86786.0793216323,63964.03181124113,80907.9505095423,117282.08420063069,101712.75308284201,77974.21699454988,75514.34046200996,67466.93014704349,79268.91944037908,77409.18724646416,109206.39892892826,72700.83698044265,4
124680.5786705707,141332.18125488536,96368.00394868899,173797.71009656313,88307.0931800715,65809.14596428227,79525.18219055918,113304.09953643079,101837.9899070251,76884.23417618683,75343.39432041578,68362.47514038983,79204.30054715878,78300.37364964171,107361.79886600959,72475.48669284424,4
124603.04046905524,140933.00145065802,90310.90471874533,170653.19963135716,86237.2545882767,64365.692659103,80023.6931471459,115761.98676371417,97639.43822854021,79401.86761639925,77903.29490939318,66796.04253721745,77050.01706481184,76941.81226990369,107686.167381545,69247.98420047572,4
125373.37098996295,143338.00445056017,87543.53523773375,176201.41669528684,88076.46788078164,64874.73128732816,80653.36414019634,115883.96023320679,104300.369834944,76426.73867067561,73935.43558543154,68440.46037679439,80609.5770728084,78263.94030617956,108994.75026068096,74711.64461513098,4
124273.95573543975,139977.30791298248,98015.97571563433,170691.71168705364,87217.13271345291,65531.9172778031,79188.47551208443,113355.91088007818,97814.340628903,78722.37458495791,77781.03086722265,67395.69513746443,77086.83038792973,77541.53192538404,106628.54988915323,69199.32445279651,4
125277.7725789276,143049.4657813866,83834.06207967545,174086.58404190352,86774.83639417129,63959.2485379277,80907.83875082001,117234.94437157446,101627.99526786749,77985.59403247763,75530.43371801778,67453.78732130377,79227.43460267004,77411.4224209097,109143.63523049775,72636.642770367,4
124736.50273519788,141455.69699474538,96166.72648986895,173988.4598837447,88350.74613699272,65828.77079591404,79580.18983366368,113431.25861063703,101953.68253632577,76849.52191704774,75281.74820920805,68400.76367864176,79287.18081559907,78347.2452577645,107396.62288387095,72581.90334819596,4
124636.25516131583,141015.3899807203,90452.16774370287,170842.4742034047,86281.82396672058,64415.447642260515,80037.19360079689,115824.88457261141,97631.74922844759,79416.97739565103,77937.78365108772,66826.53031665449,77068.65841968756,76988.48271232638,107696.7174049279,69250.66640981036,4
125378.13191153192,143446.03043151266,87322.85646472652,176307.78864714966,88066.1413748433,64845.517557325074,80656.06870127544,115894.89023624542,104329.65062018044,76446.60937149636,73951.39473097262,68451.21156587738,80638.34376792239,78288.81779775833,109053.62475557624,74750.0449121052,4
124268.2783923481,140008.48859649763,98021.3848377925,170634.6253317148,87247.68754812331,65551.20683326804,79180.94297420299,113302.0878794298,97855.1996177673,78659.40972082732,77720.36823277095,67399.22671308837,77092.55243451029,77558.51925117007,106558.67833598594,69232.31562761255,4
125272.22934630267,143063.4132699267,83807.99994564056,174008.71056422123,86761.64886494266,63959.80733153908,80910.0515735211,117251.90934561603,101579.33552018828,78023.07790792918,75579.85342500848,67443.12553919859,79203.74175354741,77423.38060419328,109131.34177104733,72616.25797942377,4
124750.56198246026,141509.83291981614,95949.2440163188,173957.8603455854,88368.78399476815,65824.92629586773,79605.67082234274,113443.82029102091,102044.63178451441,76800.34807924606,75211.29551068491,68407.71507116736,79328.39743237465,78368.56882197486,107385.84934304349,72674.19370105192,4
124586.83545432515,140938.34351758283,90498.4582064698,170559.12113894479,86279.18646087486,64414.06183410429,79983.01297223724,115623.40594809127,97609.28572527,79400.5935669653,77940.17528774444,66829.16782250021,77051.80520436827,77008.75574454734,107630.73505529584,69239.2446683937,4
125348.42644315082,143357.71868916973,87056.87070570835,175872.33196167136,88045.39895598877,64821.86941169136,80656.40397744227,115826.80682263456,104297.4641081648,76393.14399875927,73887.69225927499,68411.42546074695,80598.8705872143,78260.02875089989,108926.91271625909,74712.82925758712,4
124260.25411608865,139963.2263139756,98011.23714580979,170490.27776602242,87289.39590327692,65586.0308511294,79170.8399857092,113256.95970737454,97953.5249416262,78607.553673691,77667.97574376772,67439.97394323039,77160.05470276531,77602.48513251367,106542.76389393376,69308.08804131605,4
125281.70648595173,143015.13350190324,83819.24287310158,173891.3415540864,86773.49528950398,63997.20180001281,80917.33824221352,117323.45727961748,101515.90126942412,78025.38013760807,75605.51322764317,67432.30729488222,79178.26076486836,77415.3786796783,109080.51390415596,72549.11333908002,4
124774.72421821645,141568.48389726685,95807.51160472771,174118.23411205222,88400.67993410586,65848.35092405688,79622.88166557332,113522.16315533676,102170.3156435866,76770.75436958723,75172.15760614366,68451.72565599986,79418.00557589598,78402.34230784683,107459.02895439017,72767.35577194164,4
124611.04239357024,140949.69820376614,90721.30509868922,170718.19850423318,86310.9706414903,64483.55340761584,79988.80207405116,115719.33963529345,97584.47528892462,79403.96868037805,77964.8069101342,66846.26690700852,77047.93835257749,77018.05407024075,107619.31331387917,69198.5868452295,4
125404.5516734781,143498.4676240048,86979.33250419289,176310.9625948623,88050.45045023567,64843.841176490925,80700.57102448595,116047.39618866399,104347.0849808556,76444.30714181747,73927.81364057228,68440.79565296121,80653.87823031882,78279.43006508709,109064.91238652616,74759.67851396544,4
124292.41827635984,140068.6594925713,98156.165856858,170859.68504663528,87327.48327582875,65630.37671212872,79178.77485499083,113323.83612678482,98013.71818944433,78587.37004844786,77645.6239993124,67470.61818487861,77193.80583689283,77620.00890016662,106589.12141193407,69351.15985288142,4
125288.38965754387,143077.89720033374,83944.5691042625,174108.4887514697,86752.88698111619,64003.72850939376,80911.30327121059,117371.24530926291,101446.90143429059,78098.06801057674,75688.30408910562,67431.92731522648,79153.60679073415,77410.34953717585,109148.57496602238,72497.88314078846,4
124806.24017789843,141689.36213128117,95746.8936737649,174387.88555716106,88410.4699981773,65848.12740661233,79649.63670368632,113610.1172697684,102239.36018220904,76762.79714856115,75137.3335882823,68467.8636154966,79458.86456476028,78404.46572357009,107531.381551192,72832.30994132876,4
124582.47686415636,140933.2249681026,90945.5154473204,170698.73013481262,86303.5722140756,64486.99557626195,79945.88672469696,115601.52359026953,97516.90596543622,79420.35250906378,77994.44532328192,66846.73629364208,77013.80723879424,77009.02396548081,107614.77590975475,69144.98736202567,4
125406.63038571244,143486.9117721214,86869.38427321723,176166.54797393657,88023.00250804455,64813.66632147627,80717.02190840506,116055.33105794563,104284.58950335855,76450.85620294287,73918.69412883451,68413.77239391475,80619.72476479111,78240.82860241277,109047.16510142865,74711.13052500851,4
124282.22588088822,140033.43314330972,98219.46599715544,170731.85542009538,87341.85544751352,65631.4942993515,79168.64951475257,113216.05601502133,98055.33713762011,78561.48672836862,77607.7154407162,67501.24007478238,77232.89903794516,77634.62694104039,106594.910513748,69391.14712371197,4
125292.05534363454,142998.57085926188,83990.79251179607,173861.41256826074,86732.81511459532,64002.32034949307,80921.40625970438,117350.52524215284,101335.54504341424,78123.97368240044,75718.99303424275,67415.67759700747,79110.69144137997,77386.52257758648,109096.07071829686,72411.04661357959,4
124833.95634102302,141699.71098896398,95573.19826760273,174345.28313222923,88417.01905930271,65832.68235119371,79680.23624184565,113607.63622613387,102322.77689251625,76740.55716282812,75087.95858478053,68500.65362461253,79533.54174298546,78425.2081424246,107575.52624649124,72915.6595964026,4
124562.49440461332,140824.34962086077,91056.98359691902,170395.93105267658,86296.55376631663,64493.00819552043,79921.00923311821,115439.8981261132,97453.47171467206,79406.42737226812,77989.37147729058,66847.40684597574,76989.68970652696,77007.86167476913,107528.78874883518,69088.9068351873,4
125419.14736260741,143450.0090420257,86659.12141312617,175951.77006146553,87996.4709873761,64791.47103923214,80743.03933895104,116044.93749677391,104286.95878827081,76463.28377286003,73912.56975085376,68416.0522718492,80646.4350994152,78244.38252978117,109041.8900897372,74721.36762396904,4
124313.093639981,140020.29031757,98227.4902734149,170674.21027114516,87375.2713054742,65663.27847996695,79194.93516623201,113216.68186386608,98130.34959201212,78522.66174824974,77553.60186738991,67534.72298797643,77287.68316360512,77666.70169433377,106563.72983023284,69451.40742676347,4
125289.59665174445,142954.24735000698,83975.7274360332,173724.32931951634,86705.76950380439,63994.43018370035,80915.28188172364,117308.74983176588,101271.77551648326,78162.84336600821,75763.04832256417,67413.82240221767,79094.2182057164,77392.13286544477,109073.51780814145,72363.99619150117,4
124812.92334949058,141665.17754378053,95335.86744497628,174118.5917399635,88403.22803297377,65799.5794176554,79673.64247723133,113482.5335124175,102384.0653758127,76687.69528719131,75008.72165068646,68503.98403453638,79561.9284584437,78427.3092064034,107528.78874883518,72959.49136727946,4
124576.1513204755,140761.83179161928,91213.08818019489,170265.41921680205,86321.58772010657,64542.69612344458,79932.36391930151,115456.52782398794,97430.0917899718,79405.4438955121,77990.53376800225,66856.3251920134,76978.84911046614,77021.07155574222,107448.2107100738,69054.1498725593,4
125445.27655187566,143483.111975564,86496.914803614,176026.46959143516,87987.4632343606,64786.240731029604,80774.73411258866,116141.69819852093,104309.35523621504,76497.45959013219,73923.99149227042,68424.18830683093,80673.07837880592,78255.75956770893,109089.74517461601,74737.10325206557,4
124304.13059045441,140010.63436396534,98248.83618936971,170677.9430124692,87393.46562546083,65676.95774757359,79178.03724742381,113138.42840652805,98191.01222646383,78476.23717501607,77492.49219804909,67551.01740968435,77311.75599238348,77680.47036891824,106536.95244037539,69480.01765966626,4
125298.71616348221,142928.8334165613,84045.4872304782,173713.5557786889,86694.95125948802,64012.93742810934,80916.95826255778,117354.83912883273,101203.78150985022,78206.20575025151,75804.37669806203,67400.07607937767,79056.82373724267,77383.59449906285,109057.75982830046,72287.62028069739,4
124888.13696958269,141797.83514712277,95236.96097576154,174509.50139874237,88438.74495491326,65825.41803424574,79728.49365812464,113687.07432592801,102510.8444703632,76697.97708964076,74982.77127537386,68545.24535480086,79645.41222398427,78463.29551497645,107640.81569204519,73056.78851089341,4
124573.49146288533,140780.94253312857,91393.46675794921,170419.80271575483,86328.4273539099,64554.11786486124,79893.56129092709,115385.29281440888,97406.62245829374,79425.00167191049,78022.04972768424,66873.04429686598,76967.80734870522,77033.36501519264,107471.38946907395,69021.31515995445,4
125451.69150253433,143516.50548178024,86353.23779025528,176060.19837381822,87964.44093757165,64752.84722481338,80774.53294688856,116152.5611463262,104284.8130208031,76512.70347985071,73932.68632086353,68406.50807696677,80655.71107336415,78233.29606453134,109108.0512533249,74703.86620806053,4
124353.41618697837,140086.18326022426,98326.17322518508,170900.72284945523,87444.11467839655,65712.45231776862,79205.32872740373,113222.35920695773,98275.81474492727,78455.98649453957,77470.40867452725,67586.17670371255,77361.35451332982,77709.32647101003,106567.03788841223,69535.29352370424,4
125322.65488179385,142963.67978616714,84115.67170806786,173828.1308207668,86691.19616641953,64016.334893266554,80926.61421616247,117394.7593444299,101142.69419225385,78260.49813753345,75880.19381525443,67400.12078286658,79035.32135907667,77386.45552235312,109092.0474042949,72230.98096024763,4
124915.47315305153,141872.4899736035,95069.25583711336,174612.34177498124,88452.04424286417,65810.37531022732,79758.66851313932,113712.77883205163,102588.1144509452,76666.97522008124,74944.12510921062,68556.35417179516,79683.79016921403,78470.85040460234,107676.13144828456,73109.3598138523,4
124617.99378609585,140829.89285348568,91582.69662650784,170578.79067406544,86369.86748813004,64603.984606741025,79917.74587842774,115457.19837632161,97406.39894084919,79439.93263720664,78060.53943163627,66894.03258490951,76978.22326162139,77060.74590215039,107483.41470759091,69010.85454354937,4
125513.58348293108,143634.72385820435,86211.348916453,176281.19007124784,87970.05122542992,64752.891928302284,80822.63390095638,116287.07394445824,104304.86253557951,76549.76267215761,73959.70957990999,68418.75683292828,80682.39905624378,78248.18232633857,109193.25610318854,74723.91572283694,4
124400.86894045699,140183.3462933715,98354.3140714543,171092.5231686262,87488.70640858488,65740.86138497131,79217.33161417623,113228.41652970512,98366.83104834927,78430.68431981615,77439.13858403428,67629.02499783337,77419.11142100232,77751.81713721956,106612.27781918977,69602.84049544818,4
125338.94930350177,142983.12580384326,84150.18280150686,173792.94917499414,86683.99890470492,64018.54771596762,80912.71143111127,117366.01500106037,101075.59425539903,78298.54080659639,75931.53577226827,67398.93614041044,79007.67225118545,77393.29515615644,109092.31562522837,72164.283354793,4
124951.1912406911,141947.63653846225,94889.92779134844,174649.35626379924,88468.8304029501,65801.59107465637,79773.71123715774,113723.26180020116,102673.00637638646,76642.72357734723,74894.9289196645,68583.19861688597,79743.8716583099,78496.8231316594,107711.80483243524,73172.92817508319,4
124598.16778876398,140767.35267249975,91707.57582277965,170334.21788623548,86374.40489225446,64613.12647022325,79876.9539447968,115303.77600238039,97365.27173105141,79425.06872714385,78059.46654790241,66899.26289311206,76958.55372650072,77071.16181506656,107414.68309339083,68955.46692078911,4
125532.35894827354,143618.4517882409,86057.18893494474,176081.00784790612,87957.89187644624,64743.52654737551,80849.8359739585,116335.711340393,104285.99766325923,76554.63535244887,73953.33933274023,68403.95997809886,80677.1910997857,78244.33782629226,109161.65073652873,74692.9809085108,4
124421.43254535587,140208.51435762816,98371.30139724034,171120.641663151,87527.7102026594,65765.4706556166,79227.00991952539,113235.2785152529,98469.76083156596,78404.97981369255,77411.91415928771,67672.43208556558,77492.00045967108,77799.38164942047,106647.59357542916,69684.6031766657,4
125340.20100119126,142963.70213791158,84199.69191547537,173711.78999087692,86676.5110703124,64028.18131782786,80911.52678865514,117376.90030061011,101002.1911266078,78327.66512962164,75982.14012171509,67388.65433796101,78975.77631184773,77390.45648461062,109070.94735752909,72101.67611857368,4
124979.30973521588,142009.99790549255,94710.01860022768,174702.55341560286,88488.36582760404,65805.41322295823,79809.1834556083,113795.90496968091,102756.1995692491,76611.83346651,74851.18655576547,68592.96632921294,79791.61498446643,78510.52475101051,107738.33635310369,73242.79972825048,4
124628.18618156746,140816.5935655348,91888.91552554554,170505.9463388856,86414.83919797411,64666.52478772698,79884.77705535616,115364.55039555435,97383.84603069378,79450.88499198973,78111.47905724992,66928.07429171495,76985.24170938035,77113.11603940917,107450.78116068617,68978.28805187799,4
125516.10923005453,143649.47600954486,85877.05622637943,176047.79315564552,87929.92984413265,64709.70835801463,80838.63774998639,116296.32756666275,104261.76837226968,76571.77914044609,73980.00496387541,68386.30209997918,80664.83058510192,78238.74989017843,109183.2201699281,74679.79337928217,4
124381.42292278087,140174.31618861153,98348.54732138483,170931.43414633683,87537.90259813103,65765.0236207275,79195.82923601022,113090.77448734934,98513.63730593173,78345.5465251859,77356.45948129409,67669.32519308629,77501.00821268657,77807.60709138002,106584.06991768717,69705.9043891316,4
125315.72584101271,142890.14254690916,84250.09509922208,173460.82460413274,86659.99313115992,64038.64193423295,80901.96024202828,117352.71571310947,100920.02611399008,78354.53192645693,76030.71046241646,67357.31719223467,78926.84834323506,77380.2193856501,109006.64138873118,72019.37699548925,4
124977.45454042609,142023.99009752157,94538.55836851102,174649.2668568214,88496.25599339677,65801.34520546737,79827.55658955057,113814.43456583437,102844.66777380322,76592.25333836715,74812.20511343541,68600.90119849458,79841.95111297979,78528.92023669723,107759.21288242494,73305.78694412553,4
124593.69743987292,140731.1651982266,92052.10561181375,170303.57364458725,86425.72449752384,64693.03395665097,79860.34659866651,115283.74883934842,97344.84223661927,79437.11631740526,78109.73562118241,66916.20551540918,76953.43517702045,77111.86434171967,107366.17980792282,68919.70412966063,4
125523.1276778135,143660.96480619488,85765.27515235843,176058.1643650728,87918.44104748261,64705.75209924604,80864.67753227682,116398.7209080125,104267.24454966123,76608.4807048417,74003.1166676422,68377.92019580844,80679.82860563142,78237.09586108875,109221.68752213569,74675.12186469101,4
124410.34608010604,140247.6522621694,98425.0796943998,171194.49182683133,87585.40005509855,65803.9827113131,79214.02355599684,113172.00072669992,98620.34453396137,78337.5893041598,77339.56156248589,67707.45726912704,77575.19365253374,77845.71681567632,106650.923985353,69789.74578258346,4
125290.17779710029,142874.65278800164,84356.84703074062,173464.98202860143,86640.9941483729,64036.5632219986,80872.29947713608,117316.37177662514,100831.6473164138,78400.84474096831,76091.2613381459,67337.46884315835,78883.77653166969,77364.75197848702,109003.40038578515,71942.5764015408,4
124979.28738347143,142084.78684244,94415.6908292402,174761.27144828695,88495.89836548548,65786.54835063795,79833.27863613113,113859.6744966119,102914.40521650377,76585.2795940971,74783.46077006588,68606.0868032082,79884.86646233397,78534.30700711095,107808.72199639345,73365.89078496586,4
124562.94143950242,140703.69490429104,92264.98362600608,170299.93031024103,86427.06560219117,64708.3225498584,79819.73347899121,115215.68777748202,97310.71112283602,79448.96274196658,78137.2953220958,66915.35614911988,76935.2632087783,77115.55237955479,107353.26049962766,68889.81984732389,4
125529.2297040498,143692.95015251043,85697.30349746985,176117.10591520142,87898.59269840631,64690.15058161624,80878.02152371664,116489.78191492343,104236.84617720201,76646.70218786028,74032.26334241193,68359.882338033,80670.6420386603,78222.54487544834,109253.06937135094,74656.45815807083,4
124389.60366125152,140243.67365165637,98482.03193927192,171184.92528020445,87596.97825872639,65802.90982757925,79190.10718942966,113099.6481298981,98667.61847348434,78307.8838357787,77295.90860556468,67714.65453084165,77596.96425163321,77853.09289134656,106644.77725562779,69824.25687602245,4
125267.35666601142,142822.68498214305,84473.32197109723,173366.09791113113,86614.90966259356,64030.81882367359,80847.80196521306,117293.61770076964,100739.3793153023,78448.47630840258,76144.86082134972,67311.5855230791,78838.7601183367,77350.11158586878,108985.0272518429,71859.3608569337,4
124940.57416207483,142046.3418419769,94254.17712380613,174598.17076899658,88470.77500471771,65739.56498379291,79807.2835573296,113747.75931212418,102954.77246699006,76554.54594547105,74728.09549905009,68591.58052105672,79898.81395087409,78519.71131798164,107807.2467812594,73384.77800903059,4
124535.22527637784,140590.30450466927,92465.94816040376,170050.59660084208,86430.39601211502,64729.28848615748,79790.81032166605,115124.09032870417,97256.03875589833,79432.35539583629,78130.72390922594,66892.043279653,76894.67244084745,77099.97321366945,107261.95362352773,68817.42254703314,4
125511.70593639684,143629.0018116238,85584.31542924826,175934.93919789066,87860.8406020213,64660.333354512855,80872.4335876028,116467.96661233505,104209.06295884406,76676.98880159722,74049.98827576498,68336.86004124404,80662.72952112312,78206.89865432962,109268.22385409163,74625.27747455567,4
124388.57548100657,140207.21795644975,98523.96381187008,171159.91367815898,87618.6370991036,65818.42193823123,79188.9896022069,113075.73176333091,98736.68536385124,78275.6749720186,77249.37227360872,67732.17829849462,77636.86211548593,77868.73911246528,106644.53138643879,69870.5920422783,4
125228.08465100345,142702.41024522905,84543.5511521758,173120.72046050077,86582.49963313337,64017.76540491169,80818.52117997661,117192.83368502065,100632.4485698281,78473.1749860257,76178.09786535476,67279.95780467485,78778.05278039609,77323.28949252242,108925.34809414722,71754.59823067168,4
124969.98905777802,142043.1231907753,94094.85388932872,174594.28156546137,88483.22492637932,65740.41435008221,79853.104633463,113833.81352827711,103016.84326134244,76531.16602077079,74670.53975707767,68592.11696292364,79938.91298042692,78519.13017262581,107810.28661850531,73424.69822462776,4
124559.18634643393,140576.9828649739,92636.53667408666,170173.77706453527,86461.39788167452,64769.43221919921,79799.57220549253,115149.86189006113,97264.93475019155,79453.18722166863,78156.85309849419,66922.7992800235,76927.9094848525,77131.3550628847,107283.97009181621,68824.97743665903,4
125507.59321541706,143616.1048550731,85406.7084678064,175916.0743255704,87835.87370346472,64626.89514480772,80879.36262838395,116443.02206552292,104176.1388392614,76691.27156630416,74059.82304332532,68324.74539574927,80660.5390501665,78192.34766868921,109277.43277280722,74597.360145731,4
124383.4569315263,140165.01786291815,98472.62185485625,171068.83031950358,87642.15113427058,65821.41707198824,79188.5425673178,112979.03811681726,98787.37912027587,78209.82673285327,77175.49975818393,67742.16952826614,77667.59576411197,77871.80130145566,106583.26525488678,69898.10703970278,4
125252.1127762929,142663.8311342992,84591.29447833235,173090.4561985083,86588.60165936967,64041.05592263412,80841.00703489865,117237.89480184256,100569.99779581997,78509.09423936537,76225.12593568873,67282.95293843186,78772.33073381553,77324.76470765648,108904.51626831488,71705.49144810336,4
125062.9723147121,142178.060672052,93925.87470124659,174989.63922138684,88529.62714786854,65770.16452195222,79936.78956470365,114060.48256879838,103138.30264071259,76535.90459059532,74652.39014057996,68645.202356005,80046.96131312386,78559.07273996744,107916.39034943466,73540.99435102873,4
124576.39718966451,140628.68244989903,92756.38672785602,170419.26627388792,86493.07030356769,64794.2426555446,79785.11062682995,115107.97472095188,97287.82293651378,79469.57105035437,78186.58091861974,66971.07904804696,76972.25534585182,77169.73300811446,107335.06617964104,68850.01139044898,4
125550.95559966036,143690.49146062034,85270.8769167515,176063.88641165334,87841.14871515617,64629.64440937572,80914.81249509007,116565.3084594379,104150.18846394878,76710.31525258008,74062.39349393768,68319.80566022464,80654.61583788584,78181.50707262839,109269.20733084767,74574.67312510886,4
124444.54424912266,140311.04180944466,98484.64709337319,171473.06161797783,87700.24331810992,65860.46556955166,79221.95842527848,113111.96394109297,98917.1980520723,78208.30681423031,77161.39580743264,67807.16840114217,77768.51389032768,77927.68066259392,106686.59736950367,70014.71609052613,4
125260.69584616374,142726.52777749632,84666.23987749098,173236.77071771273,86588.66871460305,64053.21527161781,80834.43562202879,117275.22221508292,100506.42943458908,78551.89782999728,76289.63307018674,67287.02095592272,78745.41923349134,77330.3973472592,108914.79807076431,71657.2116800799,4
125037.35721556631,142244.4677048287,93703.40778868292,174999.98807906965,88508.12476970254,65726.64567549774,79914.19195105934,113985.13483823954,103205.33552233405,76513.03875601754,74616.62734945148,68652.84665260871,80078.58903152813,78569.82392905044,107946.2746317714,73600.76291570222,4
124542.28842762571,140572.15488817156,92881.17651714999,170173.75471279083,86492.22093727838,64814.98507439913,79755.13693751537,115013.96328377287,97229.88721488563,79425.4487067996,78164.81031952029,66948.28026870254,76916.86772309158,77156.18785097454,107210.25403860261,68784.40902047265,4
125554.10719562856,143712.28441146426,85113.96767067525,175984.9400502372,87808.55987174033,64611.6512550892,80934.5490854441,116610.10135532635,104148.95911800375,76742.92644774038,74088.05329657237,68323.76191899323,80671.15612878276,78191.14067448863,109303.94194173122,74581.13277925644,4
124467.0748075336,140340.7249260813,98424.18562462159,171452.81093750132,87719.17524566356,65880.98447096163,79244.73485287844,113103.38087122214,99003.02875078068,78154.37205485965,77100.57671076975,67838.88552652426,77819.1182397745,77955.84386060761,106663.55272097024,70077.68095465672,4
125286.26624182062,142740.7434869699,84679.67327590863,173244.86204920555,86579.41509239854,64066.82748399109,80845.32092157852,117292.8353897137,100478.89208542014,78592.53330141703,76340.70680626713,67312.16666843495,78763.79236743359,77357.77823421697,108927.18093719256,71638.99500834882,4
125094.86825404981,142328.77848491413,93445.24514022413,175095.4300278938,88525.93911003342,65729.4172918102,79975.48043435579,114079.34744111866,103289.37808148601,76474.52670032105,74548.7451015407,68682.14978958962,80143.40909044852,78586.34186820292,107949.51563471743,73672.4896636593,4
124562.38264589103,140588.1363854571,92943.06849754674,170208.44462018547,86521.70288821493,64842.47772007916,79752.76765260311,114953.18889059889,97264.13008739115,79419.16786660766,78162.32927588574,66998.54934198254,76962.35352305812,77199.23731079546,107201.6039134984,68818.65189297819,4
125601.9399287629,143770.71187147044,84940.42872672425,176032.57161767146,87816.00300264395,64620.7037115936,80976.615068509,116725.65987416028,104141.60539407795,76758.70677932582,74085.41579072665,68331.80854699714,80684.67893417823,78196.68390711355,109292.050813681,74582.58564264604,4
124487.30313626566,140422.4429038099,98386.18765904757,171636.6540356462,87766.73975786446,65904.811430551,79243.59491391122,113102.5985601662,99117.31322018066,78131.72973772642,77051.64874215708,67894.18374230669,77904.88188324952,78004.99534666483,106715.56523031775,70184.49994140863,4
125236.17598249626,142660.679538331,84741.87818072774,172963.74415919115,86558.80678401075,64067.520388069206,80799.27632800059,117174.19233014493,100345.3851157886,78591.81804559447,76341.64557953425,67269.6760022254,78669.80328199903,77315.46638196307,108803.26286593234,71515.07693708861,4
125090.06262899193,142354.9970811602,93303.82565305539,175061.1648036438,88532.5999298811,65727.20446910911,79982.25301292575,114113.18798222399,103357.72971603033,76472.91737472026,74509.47308653273,68690.6658042271,80184.20102407945,78596.04252529652,107978.97523390953,73729.46426027588,4
124562.78497729123,140569.69619628147,93183.5956196303,170201.29206195977,86552.21301939643,64899.80994460702,79748.63257987887,114996.66303356446,97235.63161321064,79425.51576203297,78173.25927892438,67000.38218502786,76941.74521467033,77204.95935737602,107165.41643922526,68780.25159600396,4
125579.38701860751,143792.2366013809,84876.05570269296,176061.56183023,87783.21299352801,64596.25090315949,80963.00285613572,116737.93098186624,104126.76383575963,76816.1284108315,74136.89185820721,68326.84645972807,80684.52247196704,78197.04153502484,109363.35287849342,74566.8500145495,4
124471.70161863585,140437.21740689487,98446.22444465452,171648.2545910185,87786.20812728502,65919.07184351348,79234.8553818292,113085.47712391343,99166.66587193798,78093.62001343013,77005.44768636796,67897.13417257478,77911.140371697,78007.83401821066,106695.56041903024,70201.3755084724,4
125204.9505954922,142631.08582867216,84898.5862611039,172919.15242900283,86541.3277198467,64071.18607415987,80769.48145264166,117157.62968750355,100269.14331545155,78645.73045322066,76416.72508915962,67260.51178699873,78627.73729893414,77315.73460289653,108816.09276724968,71439.03630245166,4
125116.0800595379,142438.9725850788,93223.4040765052,175246.08078552256,88552.58238942413,65734.98287617957,80018.21696975434,114276.6239376812,103418.10177780411,76468.29056361802,74488.82007465602,68697.86306594171,80212.52068430433,78598.56827241997,108035.59220261482,73768.17748167246,4
124537.50515431228,140606.8894990551,93432.75051507361,170410.68320401708,86574.3859498961,64919.56888670551,79707.93005322576,114981.06151593465,97247.76861044987,79461.7032363061,78222.07548881478,67028.9700661862,76954.8656886656,77229.94860767706,107246.70973380921,68786.35362224026,4
125561.86325095454,143833.6096803677,84865.43862407669,176154.83565984198,87764.50458341892,64573.63093777072,80955.98440837675,116811.60233159094,104055.50647443612,76855.78040549521,74167.73726555554,68298.4150407809,80632.3311486639,78160.2952671403,109399.85327718894,74505.69564171978,4
124450.69097884787,140485.92185806297,98539.47592252206,171800.4476190147,87809.5209967519,65915.56261963399,79213.26359668537,113078.81630406575,99225.09333194415,78084.58990867018,76977.84328196566,67913.85327742735,77933.31330219666,78009.19747462243,106759.17348375006,70246.41427354983,4
125199.63088031184,142648.05080271373,85126.4399440813,173014.8849505049,86539.0254901678,64077.578673074095,80760.20547869272,117227.3671302041,100172.31555847116,78712.71863135321,76490.01645922857,67243.65857167942,78572.75200757409,77292.17586424063,108849.17334904354,71361.20752825827,4
125106.55821639995,142506.49720507828,93127.98447942549,175351.9386472629,88538.05375552819,65686.83721862284,80017.56876916514,114284.80467615183,103460.39127831356,76483.02036321406,74473.01739132612,68697.97482466398,80228.21160891195,78586.92301355876,108120.4170728227,73811.51751417131,4
124527.78214547422,140594.50663262687,93661.72178527377,170391.72892471898,86586.3888366686,64925.782671664085,79694.27313736358,114944.53876549468,97209.05538905328,79464.56425959639,78231.97731160848,67019.82820270398,76917.98531031434,77218.99625289396,107221.34050385244,68748.46741538851,4
125556.16355611844,143829.96634602145,84787.90042256123,176046.9437893562,87731.31224290279,64529.262725026936,80965.59565849253,116805.61206407692,104004.9021249893,76889.95622276739,74204.55058867343,68270.29654625614,80596.81422672443,78138.5470197853,109412.59377152847,74465.3283912335,4
124476.44018846039,140518.5107014788,98526.95894562709,171813.21046509867,87834.66670926413,65914.10975624439,79239.28102723135,113075.53059763082,99311.41576903054,78053.78920481078,76942.41576700399,67934.05925441495,77981.74953243132,78033.15854467852,106779.37946073765,70320.3985476969,4
125182.46474057017,142570.78082213175,85172.61864812596,172763.4278253827,86512.15869333252,64057.35034434204,80745.5650860745,117113.97673058233,100083.35561553904,78723.3357099695,76527.18741025776,67222.46911793579,78523.19819011667,77278.60835535626,108791.21527567093,71286.84327445546,4
125141.09166158338,142525.18326344292,92888.35142712014,175285.5316144862,88538.18786599491,65665.11132301227,80062.02638888675,114315.1806968666,103534.12968327162,76450.47622328714,74427.10690821492,68715.1186126612,80282.81692061627,78601.51870268807,108134.67748578519,73880.87497721612,4
124514.88518892351,140502.0598175597,93705.0171142837,170129.76647970278,86589.1381012366,64925.82737515299,79676.3023348215,114771.08922852151,97202.10399652767,79424.66639574365,78203.50118917241,67041.3752843589,76930.0552523202,77231.64734025566,107148.60792739487,68745.44992988705,4
125616.93794929242,143810.699142301,84612.68509777608,175937.75551769204,87728.20535042351,64536.459986741545,81033.92494129241,116923.6963300343,103980.02463341053,76888.03397274423,74192.16772224518,68277.56086320411,80619.09891594636,78134.7919267168,109373.14294256485,74462.69088538777,4
124556.83941326612,140589.6786558245,98440.25652888496,172040.88533412045,87886.3439424448,65951.16894855129,79296.32267908129,113179.0638779478,99442.19582583856,78014.74070724734,76891.14086522351,68008.33410123993,78106.91930138103,78093.91058610805,106838.05278993283,70455.3807324625,4
125212.75135430711,142597.6029154781,85191.95290707982,172896.7112775697,86518.3277748022,64074.65059455045,80748.69433029823,117109.03699505772,100053.2701675022,78757.91385864186,76573.47787302469,67262.03170562169,78555.29529515449,77313.36531798427,108823.35708419766,71289.54783553455,4
125138.45415573767,142521.1375976965,92608.64169700643,175155.26564780067,88527.36962167855,65638.82567153283,80066.25086858879,114232.32278017078,103557.82253239425,76389.29949871296,74337.96815132715,68714.24689462745,80302.19588305902,78593.04739153951,108072.76315364399,73906.42302112855,4
124520.4954767818,140469.78389856624,93799.27442065174,170040.20303967036,86615.80373237179,64968.3850965959,79676.03411388805,114738.32157115002,97211.37997047663,79401.80056116589,78184.74807557442,67067.77269456061,76954.5080607543,77261.5316225924,107102.29511288347,68754.86001430274,4
125583.45503609837,143780.54663903077,84431.63596768808,175754.35945443626,87694.02953315133,64508.29678872786,81018.54694110715,116853.7353698892,103958.47755175563,76906.25064447531,74205.48936194055,68274.29750851364,80615.07560194441,78136.91534244006,109363.24111977115,74448.5198794031,4
124524.9434739284,140539.76721045582,98336.2091584455,171801.87813065984,87898.1456635172,65954.63346894187,79289.75126621143,113085.58888263571,99499.2821811774,77944.37741570204,76801.46566646882,68009.76461288508,78117.24580731938,78095.94459485347,106747.03648651081,70487.94722413388,4
125204.5035606031,142517.40485637248,85244.65832050542,172655.75947234148,86516.45022826795,64099.103402984554,80760.29488567053,117116.86010561707,99987.84661148151,78770.83316693702,76600.52348381562,67245.11143506902,78510.72591671061,77309.72198363805,108738.39810352304,71226.7170818707,4
125205.9564239927,142641.79231426626,92405.30787769651,175424.62652023157,88560.36079649458,65656.90823279718,80135.74244210034,114429.24164882203,103696.67156895061,76403.09052504189,74334.28011349203,68760.51500564993,80402.5328639189,78646.22219159869,108182.06318403044,74041.2263919385,4
124513.387622045,140474.96950327986,93881.39472978053,170082.6937058799,86638.55780822728,64987.5405415941,79649.81551764197,114644.66776188229,97230.31189803028,79379.11354054375,78176.14265395912,67086.21288373624,76959.9171829125,77287.72786709403,107079.36222307233,68771.3332499663,4
125588.23830941181,143792.66128452556,84294.91034685497,175727.60441632324,87676.28224805383,64494.639872865664,81025.81125805512,116884.2902045596,103922.11126352684,76913.85023759012,74216.68758591266,68256.99725830523,80591.7180289886,78129.58397025871,109348.82424459748,74422.07776571247,4
124503.8881306515,140543.45524829093,98265.68940468901,171764.4836621861,87914.37302999175,65951.63833518486,79269.14295782363,112998.43943100446,99581.76011821748,77887.49222606329,76736.28797963714,68026.52842122655,78151.15340365809,78115.34590904068,106741.02386725234,70553.48253887684,4
125148.87006865384,142431.372991964,85347.81162116666,172422.98840558392,86493.33852450116,64102.27735069721,80716.1501903713,117022.37928180449,99894.59513361397,78780.3997135639,76632.08414698651,67218.51285916721,78444.38593916726,77290.3430211953,108671.32051841266,71138.91942965024,4
125157.60960073586,142606.43185453795,92228.48322731057,175243.53268665465,88539.3501567066,65628.5885725723,80123.7172035834,114403.91712235418,103724.231269864,76368.04298973597,74286.71560129114,68735.10107220424,80392.60868938074,78625.52447623307,108158.4820936301,74047.3284181748,4
124481.02229607372,140438.8043807512,94087.81308982529,170068.92503129542,86658.24969509241,65023.43744318932,79628.55900866498,114658.97287833368,97234.26815679886,79374.84435735278,78187.40793316459,67083.64243312388,76947.82488916218,77298.52375966594,107067.4710950221,68758.32453469331,4
125526.94982611536,143747.7342781704,84235.96879672633,175592.95750772447,87629.29888120877,64459.56998581529,80988.95323144832,116836.14454700287,103859.36991684079,76943.62276120458,74251.73512121857,68212.74080428372,80534.29639748292,78099.85615013316,109347.12551201887,74356.34128526942,4
124451.40623467043,140501.99276232635,98261.3978697536,171661.9785621141,87911.37789623474,65936.99794256662,79232.93313180604,112906.88668571552,99643.94267129216,77844.10749007553,76682.95671736679,68017.8559443779,78158.7977002618,78115.99410962989,106723.94713448848,70576.92951881046,4
125112.74964961407,142340.71431645326,85508.56536728924,172268.1131682531,86471.8584980796,64107.01592052173,80692.05500984848,117026.71552022881,99795.30868474349,78801.14213241842,76672.80902538408,67171.7530097667,78366.73597892953,77262.20217492607,108602.3877385125,71025.14905037273,4
125129.9381411002,142607.23651733834,92058.94524561707,175272.14291955746,88510.58346159261,65581.53815049389,80107.71335455339,114387.08625877932,103788.4478316841,76371.88748978228,74273.25985112904,68729.35667387923,80425.7786781524,78626.17267682227,108223.9950566286,74092.94832860808,4
124413.9670627078,140304.5598035526,94224.13637925821,169804.6827083448,86644.63748271913,65013.89324830691,79569.0810166694,114481.16475119171,97180.62397010613,79324.79880151735,78149.36526410167,67045.57741231649,76883.67538257544,77264.30323890487,106948.13513137522,68683.42383902357,4
125507.9284915839,143689.2621146753,84165.113766803,175502.9693845474,87594.49721509186,64436.03359890385,80988.90852795941,116877.40586726736,103821.59546871133,76974.35640983062,74288.10140944736,68183.34826032499,80512.99518501702,78080.18661501248,109347.43843644124,74317.538656895,4
124452.12149049301,140500.78576812576,98256.65929992906,171761.98026680714,87928.11935283177,65945.29043975956,79236.59881789671,112949.15383448052,99719.82684371792,77800.96862327679,76637.80619356707,68022.68392118024,78194.38167743465,78122.69963296648,106733.91601251555,70631.9148101705,4
125053.47282331859,142270.46278363024,85629.80122921482,172238.27358940526,86435.06752670617,64083.81480977712,80629.09014571788,116909.30180660509,99726.37590484333,78838.38013868095,76736.44444184833,67159.347791594,78337.32108322634,77259.27409640243,108621.90081142198,70970.23081424604,4
125097.75162908455,142560.92370282696,91906.21577575395,175161.03239787012,88486.17535664742,65545.84241459875,80098.28091839325,114362.90167127868,103783.10576475928,76324.81471595941,74211.90431259922,68691.64928098313,80399.51537841742,78587.79473159251,108172.16136123674,74074.15051152116,4
124371.43169300935,140224.5405584026,94414.21561410614,169743.39422504834,86647.52085775386,65023.504498422684,79527.39501326025,114396.98808157303,97176.2877316818,79315.09814442374,78152.40510134758,67051.54532808607,76882.62485058604,77270.3382099078,106939.08267487082,68670.54923421732,4
125475.7643313127,143623.43622725442,84129.9544727748,175403.28060427675,87553.43706052746,64405.79168865582,80977.19621386484,116886.30186156057,103737.79877874837,76992.72954377289,74303.8370375439,68142.48927146068,80462.27907684793,78038.63472207007,109329.33352343245,74242.66031296973,4
124414.01176619671,140461.87138102908,98250.9372533485,171752.14549924678,87926.33121327535,65923.36337844889,79209.57555885024,112871.97326087633,99774.54391414451,77764.53527981463,76576.00362014814,68024.11443282539,78219.10270680222,78115.21179857395,106744.17546322054,70673.28788915729,4
125022.49330550354,142164.13553525633,85804.94949876661,172089.03099167717,86416.895558464,64091.414402891925,80612.7286687766,116897.9918239107,99593.91946720118,78851.56766790959,76752.80591878961,67109.74927064768,78248.11527110521,77209.29559580036,108530.10219694403,70848.95024883155,4
125121.60094041837,142598.0052468783,91796.7145796674,175346.6859873159,88485.30363861367,65534.912411560115,80135.87655256708,114496.18512346568,103831.92197464967,76341.57852430089,74200.79549560494,68689.8611414267,80437.66980620263,78585.42544668025,108244.96099292768,74122.74320396701,4
124380.61825998047,140241.88551209992,94617.6835438828,170003.70264097484,86667.88329695264,65046.48209172274,79523.14818181374,114424.54778248642,97185.04961550828,79333.11365045472,78168.94539224451,67063.43645613629,76900.66270836147,77284.24099495901,106975.8512944998,68683.15561809011,4
125451.46798508978,143596.12239553005,84068.53187901163,175409.87436889106,87511.08050478465,64361.66934510104,80959.91831540088,116843.6323813954,103651.74456259544,77021.80916330924,74327.5969418999,68101.69733782976,80412.14411403467,77998.42393379497,109318.98466574964,74174.3533819143,4
124443.00197875524,140495.42134945648,98254.15590455008,171928.36665253242,87953.84621069983,65935.00863731011,79238.31990221977,112935.02753198476,99842.22499635519,77732.70639571028,76529.22141900318,68037.32431379847,78259.96169566653,78119.8386096762,106757.16182674907,70730.79892764079,4
125003.42726748316,142115.56519455495,85938.79174456498,172087.13109339846,86395.92962216493,64079.41151611943,80585.57129926339,116818.93370377227,99513.36378018426,78888.2245288163,76814.00499510825,67105.05540431206,78219.68385215805,77198.58911020626,108531.55506033363,70788.13115216866,4
125111.78852460248,142590.4056537635,91611.15039719944,175301.870739683,88461.90136216895,65493.04759419532,80140.39160494704,114468.49131208555,103846.49531203453,76318.51152402301,74165.43503587664,68680.1157808442,80446.87872491822,78563.18546094722,108239.19424285821,74137.54005879643,4
124368.28009704115,140189.02363646313,94775.62097020399,169933.5628668741,86681.67432328156,65062.97767913076,79507.52431243949,114377.43030517464,97166.07298446572,79307.9679379425,78151.66749378055,67065.49281662617,76889.41978090045,77277.8930995337,106922.65414269616,68663.30726901379,4
125455.22307815828,143588.1428227595,84025.4824191907,175397.71501990737,87487.29824868421,64347.36422864965,80973.93285917435,116913.3921758404,103591.64072175512,77057.61665792664,74362.57742197246,68083.52536958759,80388.11598874522,77976.76509341778,109332.060436256,74129.11345113677,4
124429.23330417078,140523.7186579369,98218.16959597703,172020.27702573265,87963.05512941541,65924.68213137175,79223.65715785709,112895.82257221015,99926.7369421407,77710.98050009973,76492.13987495183,68061.7100669992,78313.42706840362,78137.78706047381,106802.11118484869,70804.40322213212,4
124961.249525696,142048.4876094446,86082.66992362379,171944.95164691826,86376.32714227762,64081.15495218694,80550.56846744638,116766.8094357025,99399.12401427317,78905.5247790247,76843.86692570054,67066.81156954904,78140.82689771973,77163.98860978945,108453.12278903995,70682.04977298377,4
125092.29780343745,142616.35602907612,91452.98945343369,175323.46252482684,88442.45534449285,65462.17983510254,80137.70939561242,114495.11223973182,103887.55546659893,76320.1655531127,74147.3077711234,68672.18091156255,80465.69889374959,78552.97071373113,108282.69073756823,74172.16291095769,4
124319.21801796176,140134.30656603654,94928.93158542295,169845.0276070866,86679.99794244743,65065.59283323203,79461.9044020062,114269.53843468886,97152.57253081472,79289.57245225579,78149.5440780573,67061.60361309095,76867.4480161009,77271.16522445265,106883.56094164384,68639.65912338009,4
125445.8576972315,143587.11464251456,83992.15596820784,175416.9598718834,87459.20210590388,64331.472138341924,80975.83275745306,116982.03438306265,103541.75162813088,77105.47174280546,74422.79302153505,68065.2639943676,80366.74772104595,77961.78942463272,109362.74938139312,74089.95319485107,4
124447.6287898575,140576.8711062516,98216.24734595387,172208.5904727686,87986.47975760458,65935.2098030102,79243.10317553321,112975.43948595996,99996.67555054136,77679.01750552864,76460.91448794777,68074.20469214972,78345.21124901906,78144.42552857703,106831.72724625198,70859.2767547699,4
124958.92494427264,142052.06388855743,86251.31383553908,172077.20691886032,86362.29024675969,64083.68069931039,80532.19533350413,116776.44303756274,99327.71019073846,78949.5353638572,76915.12428702407,67064.24111893668,78112.99897587288,77160.43468242105,108484.81756267758,70630.75251945884,4
125140.01877784953,142711.7756261558,91326.9032629613,175579.68057151802,88439.99665260276,65451.696866953,80178.926012388,114632.17313673177,103921.93244957119,76317.32688156687,74131.50508779348,68673.18674006304,80489.01176321648,78541.5936758034,108342.74987491964,74206.98692881905,4
124361.97690510475,140214.03523850863,95127.45977967499,170173.91117500202,86710.68688758455,65100.282740626666,79466.9558962531,114327.78708073939,97184.33435968572,79297.99905991544,78172.23109867945,67094.46067744025,76900.17096998346,77292.13116075173,106949.23036685353,68671.13037957315,4
125467.78475854216,143642.27874783025,83956.88491545737,175561.66506548706,87433.76582071374,64307.80164096376,80981.13012088896,117031.00705516423,103471.29892960774,77133.7019960525,74454.8230713395,68041.63820047834,80328.6603484941,77926.20544745987,109387.96214913871,74036.46547036951,4
124458.04470277367,140635.20915927997,98175.83539197868,172329.9827969054,87996.8733187763,65920.54705864753,79235.1012510182,112941.93422102145,100064.93777810787,77638.24792364215,76404.34222273139,68087.54868358954,78383.38802854872,78139.23992386341,106862.55030185585,70916.63133104221,4
124938.92013298513,142001.97362923308,86381.7362644358,171938.67080672632,86344.74412736227,64079.36681263051,80501.90871976719,116701.542341893,99230.68126805798,78962.90170704147,76942.99691235983,67036.63671453437,78049.76589080882,77126.66119654909,108431.66511436286,70540.18325092594,4
125172.83113870992,142777.3556443877,91172.05037737494,175672.52971798537,88443.9752631158,65438.218765046455,80213.90649246055,114745.60823984245,103974.16847636325,76321.95369266912,74111.43322127261,68674.17021681908,80521.42179267667,78537.48095482361,108393.39892785538,74255.3784555648,4
124353.59500093402,140211.37538091844,95258.73157486101,170172.03362846776,86730.31171921632,65111.63742680996,79446.39229135422,114277.00391733694,97185.45194690848,79280.83292017377,78157.7918717613,67097.92519783083,76895.03006875874,77293.44991367459,106929.89610789968,68671.57741446227,4
125453.72551127977,143643.44103854193,83881.82775757644,175504.7351723594,87401.8251778871,64277.76089641582,80970.89302192844,117031.09646214206,103418.70527490441,77169.28597322536,74489.40122001186,68019.3982147453,80303.62639470416,77906.49120885029,109401.93198942328,74001.93202518608,4
124458.26822021822,140644.73100241795,98105.49445217782,172270.75067409882,88009.16677822672,65918.26718071308,79236.57646615226,112931.02656972726,100119.878365979,77580.9156991143,76332.1684398852,68083.1677416763,78398.36369733379,78130.50039178139,106830.9672869405,70959.21140422957,4
124942.85404000928,141996.43039660816,86522.66401322652,171962.11778665995,86342.15132500546,64095.057737238145,80492.14100744022,116736.96985685467,99189.24113383784,79006.48760872932,77001.89375899956,67038.6707232798,78042.09924246064,77133.14320244112,108452.92162333985,70516.66921575896,4
125143.68446394021,142765.41981284856,90955.05964220282,175544.99066412338,88413.80040810113,65385.37924115411,80193.8793294286,114679.08944834345,103984.65144451278,76295.64568944523,74065.65684862815,68651.63965840812,80519.00780427549,78511.59763474436,108384.32411960652,74269.39299933828,4
124315.99936676018,140120.69435366325,95368.74686107003,169934.9039715414,86735.85495184123,65115.81720302311,79410.85301767028,114165.22284331595,97168.8893042671,79239.57159990926,78117.82695267523,67084.24593022418,76873.12535919253,77281.37997166872,106850.3238976388,68650.11973978516,4
125440.73914775124,143584.83476458013,83816.27009108903,175307.34691707455,87373.84079382906,64258.5160444398,80974.17872836337,117057.09154094357,103356.07568694065,77193.33645025927,74509.584845255,67989.8492085754,80265.2931529633,77881.50195854926,109373.61232919841,73952.40055947311,4
124465.46548193283,140663.93115090503,98043.42365782543,172314.85066590915,88031.89850233776,65918.20012547972,79248.86992560267,112953.17714848247,100217.82371018216,77554.65239937931,76286.01208758498,68106.50296288765,78455.65121837273,78152.4945083254,106869.90402578164,71046.40555934973,4
124926.40315609016,141943.59087271584,86650.82891593325,171866.8770035359,86340.36318544904,64104.24430420927,80481.54628056841,116725.16813578227,99101.95757173987,79018.13286759054,77029.72168084641,67014.10615612342,77984.52114874378,77115.03828943233,108400.75265178116,70441.32148520011,4
125157.09551061339,142824.09314204374,90780.69368370697,175664.39368300364,88411.47582667778,65365.08385718869,80222.7801350093,114774.93372856782,104038.51914865007,76294.86337838929,74047.86486004172,68651.17027177456,80548.91443835669,78512.5811115004,108444.07033253556,74319.75147959607,4
124313.38421265892,140148.05288887655,95505.40542666978,170076.21169998788,86760.64303644217,65135.79966256615,79401.26411929895,114172.64362247511,97196.47135692494,79225.4005939246,78113.44601076198,67101.74734613269,76881.61902208555,77297.495579421,106863.84670303426,68672.13620807364,4
125431.46317380229,143607.23121252432,83766.31394223141,175365.28263870272,87350.8184970401,64234.309105194705,80974.98339116375,117107.80764911267,103302.11857582553,77226.3723285642,74546.46522360625,67972.92893802273,80231.09498394668,77861.72066470631,109391.2702073181,73909.23934092991,4
124458.02235102921,140725.7560760684,97985.3314739861,172480.79001674533,88047.56707520093,65901.16809620477,79243.10317553321,112969.00218355682,100313.53387993979,77527.69619556621,76244.86252604277,68129.8828875879,78504.55683524095,78165.3020578983,106921.5365554734,71125.01664459905,4
124876.78228339939,141895.91460179267,86789.49913853397,171784.801397896,86318.07849622708,64085.133562699986,80434.60761721226,116652.4355593247,99018.0714747991,79037.82475445567,77068.70312317647,66994.39191751384,77925.26667419275,77092.37362055464,108367.1803316093,70367.1583970974,4
125160.44827228169,142878.76550898142,90626.0419638207,175753.24186721348,88402.15514923992,65330.52806026078,80235.63238807111,114858.97628771976,104083.42380326078,76303.17822732666,74036.95720874754,68652.06434155277,80572.54023224596,78507.01552713104,108498.94386517334,74366.01959061857,4
124314.30063418158,140175.74670025668,95669.44487922727,170213.85374234364,86786.25813558795,65147.33316270509,79382.55570918987,114185.31706158127,97227.71909567346,79228.23926547042,78118.94453989799,67120.23223879722,76899.43336241643,77313.61118717327,106891.5852179033,68703.62981601118,4
125427.14928712242,143634.96972739336,83739.53655237396,175439.73629948334,87325.78454325015,64201.89907573451,80965.68506547034,117167.1068271526,103247.53561586567,77276.32847742182,74588.59826190451,67949.0349232,80197.90264343056,77842.58757145258,109427.25651589115,73874.10239864617,4
124484.95620309786,140811.47501605452,97953.81551430411,172694.04801059343,88073.45039528018,65894.70844205719,79258.43647222954,113055.74930378787,100398.06817746976,77502.48342782063,76193.8334934513,68140.34350399298,78538.35267285736,78173.77336904686,106968.09523917381,71201.72783156966,4
124888.65105970515,141931.49857896552,86960.64644582826,171933.1946293348,86323.24174919627,64088.463972623824,80418.53671294889,116691.57346386593,98967.53418058564,79084.04816198924,77126.7506035269,66989.72040292269,77897.59521455708,77092.30656532128,108407.05584371756,70336.42474847136,4
125173.18876662121,142958.53888494242,90458.56034261709,175879.28335419696,88388.83350954457,65287.32213822868,80243.96958875294,114904.1715150084,104120.75121650114,76308.54264599594,74019.05346143883,68644.28593448234,80584.49841552954,78496.75607642604,108564.63564212748,74410.83483825145,4
124278.67195351982,140151.07037437803,95777.18028750185,170122.97154938837,86786.10167337676,65128.624752596,79339.57330460231,114051.43011229398,97230.2448427969,79200.38899187911,78089.46258896144,67115.71718641726,76883.89890002,77306.70449813659,106865.34426991276,68704.8144584673,4
125399.61193795348,143583.96304654636,83673.37538878625,175214.095439207,87283.76326367418,64159.05078161369,80952.13990833044,117127.20896329987,103166.8011148931,77288.97956478353,74600.13176204346,67902.78916392197,80136.94943630093,77801.92974828837,109387.3139485495,73809.1258775146,4
124468.43826394538,140793.3253995568,97853.65734739987,172565.19020380857,88073.20452609117,65870.27798536755,79249.09344304723,112985.94480585394,100481.4178325436,77454.74010166408,76125.05717576233,68143.27158251662,78574.83071980844,78177.55081385981,106969.81632349687,71273.25341382663,4
124844.75223359493,141814.84482465326,87065.36436860137,171620.1584482382,86293.78215000418,64078.51744634121,80382.55040437584,116577.08782876586,98886.26323774616,79085.18810095645,77136.42890887606,66957.53389090704,77838.49720221724,77066.62441094214,108325.1143485444,70261.52405280161,4
125183.02353418154,142951.67689939463,90264.14486934482,175799.88995789172,88372.13675643645,65262.154073972,80270.81403384377,114969.79623672918,104164.51593214464,76300.04898310293,73980.00496387541,68632.7971378323,80607.6324710408,78482.98740184157,108573.30811897614,74449.70452185924,4
124292.23946240419,140137.7263829382,95896.09156800409,170162.62354405207,86809.61570854374,65154.06103778614,79342.90371452615,114062.7177432439,97270.0085961829,79180.92062245854,78064.65215261605,67129.50821274618,76908.68698462093,77317.16511454167,106857.36469714221,68740.68900831808,4
125422.34366206452,143610.27104977026,83625.02856552941,175305.9387571739,87265.72540589875,64150.02067685374,80972.43529229585,117208.01051950581,103137.7438471012,77337.79577467391,74642.15304161943,67895.65895744074,80138.24583747934,77794.0619342401,109432.95621072725,73801.10160125514,4
124523.42355530543,140897.95391535212,97782.62350352091,172838.30616930797,88109.95079397569,65884.47134309667,79294.35572556921,113104.61021716717,100590.9860838635,77432.05308104194,76078.90082346211,68172.01592588615,78643.18235435276,78198.53910190334,107026.03096080196,71375.22207203176,4
124854.83287034427,141846.09256340176,87188.00839042764,171756.77231034904,86294.67621978238,64081.1773039314,80372.53682285987,116571.83516881886,98845.5830628375,79127.05291832125,77188.217900779,66966.45223694471,77828.08128930107,77075.90038489108,108352.65169771334,70244.29085782658,4
125229.38105218185,143056.19365646766,90077.3066374429,176007.38120167033,88378.19407918383,65247.156053442486,80315.85279892122,115104.6219592836,104206.6489704429,76295.33276502285,73949.91951583857,68630.83018432024,80631.05709922995,78478.2711837615,108616.87166891953,74501.96290039574,4
124303.86236952095,140185.35795037245,95991.86879299508,170307.28403416683,86835.99076700101,65166.91329084794,79334.34299639976,114039.56133598821,97312.74513158145,79166.50374728486,78053.02924549929,67154.22924211374,76934.8608773781,77338.42162351866,106880.49875265345,68787.80648562986,4
125432.22313311377,143632.01929712525,83547.31155005832,175311.57139677662,87242.30077770958,64125.99255156429,80976.72682723128,117237.20189776445,103082.42327957432,77368.39531283324,74664.39302735246,67878.38105897678,80109.2556249208,77777.63340206545,109438.76766428562,73771.79846427422,4
124532.47601180983,140934.78959021444,97667.46731608718,172871.7443790131,88117.68449755723,65866.38878183231,79295.78623721436,113077.92223428753,100678.29199770595,77390.41178112171,76006.97290980493,68192.98186218523,78692.93733751027,78209.96084332,107047.04160058995,71459.9128317729,4
124878.39160900017,141838.2918045869,87315.05570591161,171770.3845227223,86299.43714135136,64101.80796406364,80380.71756133052,116618.14798333026,98799.40435879283,79150.56695348823,77208.6250434667,66968.2627282456,77815.89958857294,77076.45917850247,108336.40197949435,70213.13252605588,4
125250.97283732568,143111.40246527226,89856.73962315793,176062.09827209692,88358.43513708534,65207.794631456694,80334.94118868605,115119.99995946884,104267.24454966123,76303.28998604894,73919.83406780173,68642.34133271473,80683.31547776646,78488.79885539996,108677.26608243777,74566.2018139603,4
124318.23454120572,140176.77488050162,96068.2223520544,170258.44547253198,86860.44357543511,65181.4866282328,79333.89596151066,113999.28349247975,97342.6294139182,79126.51647645432,78002.04491639673,67164.354582352,76957.12321485559,77351.83267019186,106834.76708349789,68806.7384131835,4
125435.77706048216,143621.91630863148,83467.87345026416,175220.868017777,87219.97138499873,64098.119926228515,80981.48774880025,117251.86464212713,103045.05116284505,77397.18435969167,74676.59707982506,67864.21005299212,80103.35476438461,77774.79473051963,109429.04465544756,73745.19988837242,4
124542.891924726,140983.11406172684,97538.58715755786,172929.6130454079,88133.68834658722,65845.86988042234,79307.90088270913,113086.14767624708,100787.48026937012,77350.08923412433,75940.38706307257,68210.48327809373,78766.38516979042,78237.65465470012,107079.83160970589,71559.71337076585,4
124825.48502987446,141749.48832386595,87386.49188119077,171488.97606003,86277.2642108517,64077.53396958518,80332.6613107516,116464.12211228874,98717.44051187522,79133.11024106863,77212.35778479073,66934.06455922897,77756.3098378551,77059.9859428389,108248.11258889588,70142.2551443881,4
125210.71734556167,143059.43465941367,89612.32329753916,175773.42549245662,88323.23113956823,65149.03189528369,80327.43100254906,115051.08953131313,104282.82371554658,76266.7448838645,73865.11699737514,68609.95365499899,80671.75962588306,78471.65506740274,108628.47222429184,74577.78001758814,4
124311.57372135804,140142.24143531817,96142.2960331793,170175.49814885834,86880.53779370044,65198.11632610755,79338.14279295717,113996.93655931194,97390.12687088572,79095.11227549461,77976.02748585076,67172.31180337809,76976.32336334269,77372.23981287955,106809.48726051894,68847.7985677479,4
125426.29992083312,143598.5810874201,83375.09135903018,175132.31040624506,87188.76834973913,64072.23660614927,80988.50619655922,117256.58086020719,103006.9190868043,77420.6760431142,74708.15774299596,67843.5123376265,80079.77367398425,77766.39047460443,109428.17293741381,73722.13288809454,4
124551.36323587457,140989.86428855231,97377.29696956837,172879.76865527258,88149.71454736168,65837.10799659586,79334.20888593304,113068.04276323829,100876.9095989358,77286.36441068226,75858.24440219933,68213.29959789511,78799.64456553991,78245.83539317077,107043.71119066612,71627.9532465879,4
124852.06125403181,141756.39501290262,87478.55871660217,171564.36849407776,86295.90556572743,64104.82544956511,80348.84397373724,116512.44658380111,98720.63681133233,79162.30161932726,77252.14388992118,66952.03536177104,77775.93466948684,77093.96059441098,108254.795760488,70150.61469681439,4
125262.0145990866,143160.39748911827,89389.31994310855,175996.60766084286,88334.67523272935,65143.53336614768,80375.77782580588,115183.00952708836,104356.65152748246,76264.86733733027,73839.680712185,68625.01873076186,80725.98495793164,78490.22936704509,108681.19998946191,74647.94214343335,4
124260.70115097775,140107.5291761791,96166.1006410242,170074.26709822024,86880.8060146339,65182.24658754428,79272.80864391431,113771.63097520244,97427.87896727074,79047.659522016,77923.45618289187,67186.54986459612,76988.59447104865,77389.36124913231,106767.57773966524,68870.61969883677,4
125408.44087701332,143550.30131939668,83341.98842549187,174953.8540785139,87165.58959073896,64066.22398689079,80978.64907725443,117273.25526157086,102937.38280980382,77426.48749667258,74704.62616737201,67803.79328772942,80026.71063264736,77738.74136671322,109348.71248587519,73647.65687556945,4
124537.03576767872,141009.0867887839,97330.0677335343,172925.90265582834,88164.89138184684,65838.91848789675,79320.26139739293,113075.53059763082,100979.54880947457,77256.16720392313,75797.67117472544,68229.63872309194,78848.57253415258,78260.85576544474,107075.54007477047,71701.57989282369,4
124798.84175048373,141677.9403898645,87706.63591702413,171448.0723676768,86287.63542027897,64118.325903216115,80299.8042464023,116472.61577518175,98633.777932379,79178.05959916826,77271.85812853076,66918.73126253263,77702.19626452879,77064.72451266344,108193.57433242492,70054.65865786775,4
125243.75322386662,143182.81628880696,89328.27732900111,176085.45584505273,88325.22044482475,65121.874525770494,80377.7224275735,115284.70996436001,104380.5902457941,76287.64376493022,73832.34934000365,68603.65046306259,80720.50878054008,78471.9679918251,108727.84808014013,74656.25699237073,4
124209.62741489738,140074.18037345176,96380.38681511722,170101.44681947792,86894.15000607372,65182.93949162239,79223.97008227945,113703.56991333603,97441.71469708857,79045.84903071512,77915.74483105479,67180.87252150447,76962.9123166695,77382.81218800691,106767.89066408762,68859.3544196313,4
125362.91037355785,143500.9263158949,83408.57427222423,174878.64045842178,87130.74322113315,64032.38344578546,80952.25166705271,117276.51861626132,102853.4743611186,77481.65160198827,74752.36949352855,67759.71564766356,79945.93142818588,77697.97178482673,109337.26839271408,73554.31599072409,4
124476.41783671593,140964.40565161774,97291.28745690435,172812.46755271766,88150.13923050633,65789.0293942725,79283.20220508603,112967.10228527812,101036.21048166878,77227.40050880915,75744.92105781092,68211.8020310166,78834.96032177929,78241.43209951307,107067.80637118893,71720.06478548823,4
124746.15868880258,141574.1165368696,87915.87059687026,171281.79774067376,86265.57424850158,64107.44060366638,80259.68286510502,116411.3272918853,98554.27277735148,79205.23932042591,77309.2973004934,66881.69442197018,77622.44524031226,77034.66141637105,108136.08564568587,69957.60738344281,4
125195.0487726985,143131.3402213264,89194.14451052481,175950.94304692067,88279.80170009157,65062.19536807483,80353.42608135058,115233.01037943488,104388.41335635346,76297.8585121463,73822.0228340653,68568.5805760122,80690.89271913681,78437.99334025304,108742.33201054716,74639.56023926262,4
124204.15123750584,140044.6537190263,96580.9937216036,170177.53215760377,86913.32780281638,65207.14643086749,79216.61635835367,113742.93133532183,97470.0567090579,79041.44573705742,77909.35223214058,67175.73162027975,76955.49153751034,77385.56145257491,106773.67976590154,68856.76161727447,4
125292.65884073483,143407.71954151627,83434.34583358119,174735.6339973967,87069.96882795916,63979.92390154886,80891.81255004556,117156.78032121425,102754.4561331816,77524.34343389791,74795.82128474966,67711.10060347326,79869.95784878229,77655.61522908392,109344.21978523968,73456.54946047658,4
124474.11560703703,140963.24336090605,97298.95410525252,172908.9600335312,88153.13436426334,65786.21307447113,79285.34797255373,113028.03314066329,101087.865363105,77206.725145188,75697.96004271031,68202.97309195675,78847.36553995199,78227.50696271741,107094.06967092391,71746.46219568995,4
124679.5728420702,141464.95061694988,88134.38125066535,171142.56872446166,86227.30806199409,64086.60877783404,80191.10771311614,116257.72610398843,98452.39352612419,79237.87286733066,77359.43226330665,66855.20760479064,77552.59603888942,77005.04535496776,108124.59684903585,69860.6902194846,4
125162.25876358256,143072.71159562012,89080.41883473622,175806.41666727266,88236.17109491481,65012.44038491731,80346.69820626953,115209.943379157,104362.61944325203,76305.39105002774,73807.04716528025,68535.81291864073,80655.12992800832,78399.12365664526,108731.13378657505,74607.28432026916,4
124165.79564402053,139954.01739526005,96715.35005752445,170038.79487976967,86907.58340449136,65199.52448600823,79188.90019522909,113649.70220919875,97473.43182247065,79021.150353092,77890.8896912205,67171.26127138869,76937.6101419461,77375.57022280339,106735.30182067178,68844.0434746794,4
125274.39746551485,143325.91215680985,83417.40321128408,174575.55080360782,87026.65114720479,63950.263136656664,80896.17114021434,117167.08447540815,102669.89948390717,77556.06055927998,74840.77064284928,67675.60603327824,79805.31660381754,77619.00307166614,109303.91958998676,73379.72651478369,4
124484.91149960895,140966.88669525227,97160.14977218506,172956.70335968773,88156.84475384293,65759.5250915915,79308.07969666478,113031.6764750095,101189.27522769872,77177.13143552917,75655.13410033395,68221.9497229993,78898.93101441038,78245.16484083711,107127.77610156251,71832.4046531206,4
124703.22098770393,141426.3268025311,88238.85330424945,171179.1138266461,86230.83963761803,64097.225856450306,80205.65869875654,116273.30526987377,98412.80858669383,79248.19937326902,77387.19312992014,66858.1803868032,77537.46390789318,77013.60607309414,108100.83694467986,69830.94004761458,4
125210.85145602841,143116.29749730797,88819.70808740951,175948.17143060823,88225.576368043,64981.706736291264,80396.72141036051,115288.64387138413,104404.66307457245,76289.38720099773,73777.27464166578,68547.21230831294,80699.98987913011,78404.73394450355,108772.55156905075,74659.81091973912,4
124212.82371435448,139976.9502850712,96718.81457791502,170217.4300214565,86938.58527405087,65219.261076362265,79217.42102115405,113655.13368310139,97531.68046852118,78970.72481760083,77841.78290865218,67210.73445209676,76999.85975025412,77405.90154002924,106741.02386725234,68907.6118359103,4
125347.37591116142,143389.07818664055,83315.09927691214,174822.6716903057,87027.9922518721,63956.90160475989,80951.04467285212,117290.80138096826,102652.24160578748,77584.53668171605,74872.10778857562,67701.69051905758,79848.00843572717,77641.64538879936,109358.18962552425,73395.95388125825,4
124540.72380551384,141060.8981324313,96942.86846433503,173208.60751969906,88182.88453613337,65755.03239095598,79341.89788602566,113043.09821642617,101308.49943262333,77123.21902790297,75579.07111395254,68274.3198602581,79001.97255634936,78283.58748955578,107174.22302654065,71954.75810226896,4
124683.01501071634,141352.99072897324,88244.08361245198,170977.52344340365,86219.66376539037,64095.68358608289,80174.83564315268,116105.66718645897,98343.74169632694,79212.32482341824,77363.12030114178,66854.89468036828,77512.9440442257,77006.0288317238,107989.10057414777,69774.25602367593,4
125240.86984883188,143127.80864570246,88550.72719463435,175867.97337150256,88221.97773718569,64974.576529810016,80438.3850620252,115350.93818318108,104441.27523199025,76258.94412504962,73723.36223403958,68549.71570369192,80736.1102981699,78407.14793290471,108728.1610045625,74691.70685907685,4
124234.46020298723,139995.77045390254,96734.08081937801,170254.46686201895,86976.96321928063,65253.01221048978,79228.84276257071,113649.1210638429,97614.00194335007,78934.26912239422,77802.93557678886,67255.12501658499,77061.10353006166,77447.52048820502,106722.22605016542,68972.56600529743,4
125343.30789367056,143383.62436099345,83225.33467117962,174742.9430178336,87011.65312667527,63947.87149999994,80951.33524553005,117283.93939542049,102610.30973318932,77604.40738253683,74894.3254225642,67696.68372829958,79831.44579308579,77641.31011263253,109323.83499429644,73358.38059882887,4
124563.79080579172,141120.24201396015,96783.47817462424,173262.98931395882,88209.50546377963,65763.3248881489,79372.67623814062,113105.57134217875,101407.60706753816,77071.92177437805,75510.60772068593,68295.4199070239,79050.4534900729,78303.99463224347,107162.17543627924,72027.31186477088,4
124721.86234257965,141416.84966288207,88388.98997175574,171181.2148906249,86253.41489951788,64141.86229012755,80193.54405326176,116233.8320891657,98342.22177770398,79235.52593416286,77415.80336282295,66879.86157892484,77520.23071291813,77038.72943386191,108006.73610052302,69771.4173521301,4
125252.313941993,143235.29818478803,88342.9006746889,176061.47242325215,88215.02634466009,64942.05474162755,80437.31217829135,115384.15287544166,104499.97091292989,76272.71279963409,73739.14256562502,68570.94986092448,80774.24237421065,78427.24215117004,108815.91395329405,74747.63092370403,4
124222.43496447027,140008.71211394217,96808.51212841418,170238.23949554437,87005.01465857204,65266.91499554098,79194.8904627431,113575.89674900733,97638.81237969546,78879.12736882298,77762.63538153593,67262.54579574415,77052.29694274628,77454.78480515299,106660.08820057967,68978.26570013353,4
125304.25939610714,143324.90632830936,83208.81673202715,174502.75117191687,86981.36651293833,63929.87834571342,80910.99034678821,117228.30590347124,102513.01258957537,77605.23439708167,74915.96191119694,67657.724637714,79756.32157997151,77608.54245526105,109252.01883936154,73264.88325177232,4
124564.17078544747,141153.4790579652,96708.68923767678,173295.28758469672,88226.85041747695,65769.51632136301,79369.09995902776,113150.76656946738,101502.24435356192,77034.4826024154,75465.92658351977,68310.79790720915,79089.30082193624,78317.71860333903,107187.45525925819,72095.57409233738,4
124665.93827795247,141349.34739462702,88577.59399146962,171026.65257771642,86242.19432380132,64151.00415360978,80133.23904672136,116127.95187568091,98273.93719839302,79240.30920747628,77448.79453763897,66865.51175898455,77460.73036917811,77028.40292792355,107966.25709131446,69701.54579896282,4
125199.42971461175,143182.5927713624,88201.68235322027,175821.7946674579,88180.15762330982,64906.73898538816,80411.74178263448,115331.04513061585,104469.97487187087,76249.13170923373,73717.03669035873,68528.68271215948,80721.42520206276,78394.11686588728,108772.26099637283,74710.05764127466,4
124200.95493804872,139972.7928606025,96962.5379994557,170187.27751818628,87022.91840588074,65298.945045345434,79180.89827071408,113585.73151656766,97663.93574046323,78845.42093818438,77746.72093948376,67259.81888292062,77045.18908800949,77467.70411344816,106636.93179332398,68988.25692990505,4
125257.79011938455,143281.8792202329,83241.0479475317,174418.35098485363,86937.35592810583,63902.34099654448,80878.62502081694,117189.57033033019,102438.87185321712,77645.40048186785,74987.35338298719,67630.63432343416,79707.95240497022,77600.71934470169,109271.84483669339,73209.07094586742,4
124524.38468031702,141117.02336275857,96616.19771912071,173161.75826332072,88214.28873709307,65740.21318438211,79358.4828804115,113076.31290868676,101532.73213299896,76972.52356678528,75405.46511476817,68291.03896511067,79084.18227245598,78309.06847823483,107147.289174472,72116.80824956993,4
124641.75369045183,141256.69941385978,88768.07555771775,170873.96781134224,86232.98540508574,64167.29857531769,80122.2643401938,116103.96845388037,98192.08511019769,79239.57159990926,77480.95869791016,66841.28246799498,77414.48460990007,77020.11043073064,107897.30195966983,69630.9366382285,4
125214.80771479699,143210.3983414648,88079.038331394,175944.68455847318,88165.18195452476,64892.165648003305,80448.33158830782,115447.16244306117,104488.99620640233,76267.90717457619,73737.39912955751,68530.51555520482,80757.14328970233,78396.28498509944,108831.00138080138,74747.36270277057,4
124158.08429218344,139921.07092393292,97048.97219526437,170151.2688578688,87024.81830415945,65295.525228443774,79149.76229068784,113463.62393660832,97670.90948473329,78800.87391148494,77721.55287522709,67267.64199347998,77051.69344564599,77464.5301657355,106604.23119118586,68999.25398817706,4
125245.49665993413,143222.78120789304,83273.0556455917,174337.12474550304,86912.25491908252,63904.486764012196,80890.18087270032,117234.85496459663,102337.26082292329,77666.72404607822,75034.00147366541,67600.34770969722,79657.79509041252,77567.07996929645,109225.42026345972,73130.99630248503,4
124551.83262250813,141182.80454669055,96563.78287837302,173422.7372315809,88236.43931584827,65757.4687311016,79397.66548844165,113204.38840441566,101624.731913177,76960.25245907933,75395.74210593011,68324.03013992669,79154.72437795691,78329.49797266698,107226.5037568216,72215.17827691774,4
124591.5069689163,141198.20489862026,88956.97015010956,170866.79290137207,86212.42180018686,64169.10906661858,80076.06328440468,115999.25053110726,98107.37199871207,79251.82035587078,77532.90415202429,66832.14060451277,77368.44001632214,77004.7771340343,107884.20383741902,69574.36437301211,4
125204.39180188082,143204.4974809286,87976.08619643287,175946.36093930734,88134.4036024098,64871.98202276016,80461.00502741398,115504.60642631131,104450.64061291702,76262.9003838182,73734.09107137812,68499.22311296739,80729.38242308884,78360.03045559293,108832.20837500197,74726.12854553801,4
124145.79083273302,139915.0806564189,97222.71230491548,170266.51445228036,87039.63751073332,65316.31235078721,79136.82063064822,113450.54816610196,97691.02605474307,78787.70873400077,77719.0494798481,67281.6788889979,77071.25122204438,77469.5369564935,106637.62469740209,69026.5901716459,4
125240.37811045386,143205.9503443182,83393.71036216145,174393.27232757478,86887.89151762624,63911.79578444908,80892.97484075723,117309.95682596647,102215.95790576434,77712.5898257005,75092.94302379407,67569.01056397088,79597.1324559608,77526.98093974363,109234.56212694194,73041.74578687499,4
124539.00272119079,141213.6276022944,96545.47679966412,173558.5017274024,88232.25953963514,65742.40365533873,79388.70243891508,113202.91318928161,101665.43443983012,76949.2106973184,75367.51185268305,68330.02040744072,79184.02751493783,78316.28809169389,107298.20815303424,72261.69225712922,4
124561.10859645708,141139.4198107028,89238.17744710177,170842.60831387143,86203.1458262379,64183.905921447986,80041.90981887697,115959.28561202117,97993.7804333902,79275.64731546013,77573.07023681048,66808.71597632361,77304.40226845769,76965.88509868206,107862.67910750856,69479.21299686587,4
125190.4443133407,143206.0621030405,87918.97748934955,175976.75931176657,88102.64177353881,64835.86160372038,80459.21688785755,115532.38964466927,104415.66013284447,76297.34442202383,73755.61580128859,68481.54288310325,80714.49616128161,78323.50770515295,108893.38509957613,74704.69322260538,4
124125.13782085633,139863.87280987177,97415.71961828705,170217.3406144787,87047.68413873723,65324.51544100231,79115.13943852657,113392.90301715172,97665.5003625751,78768.15095760238,77701.10102905048,67271.35238305955,77044.31736997573,77442.93838059169,106611.74137732285,68997.15292419826,4
125191.38308660784,143099.39957849975,83497.26599422288,174183.2106331838,86837.26481643497,63874.35661248644,80856.25092461717,117222.78502259076,102079.9922442427,77769.34090487253,75162.05461764988,67526.27402857233,79521.49415272404,77476.55540425246,109222.33572272489,72930.90348612113,4
124518.394412803,141158.9775871012,96493.95602869464,173445.02192080283,88224.65994652033,65713.39109103574,79389.59650869328,113171.97837495546,101682.3994138717,76922.23214176085,75328.21748593063,68311.55786652063,79184.80982599375,78284.61566980073,107289.96035933023,72274.18688227974,4
124506.59269173059,140998.76028284553,89455.36934797399,170601.9694330656,86181.53168934962,64173.89233993201,79997.8321788111,115821.50945919866,97890.29185656212,79293.28284183536,77615.69501348675,66783.4585050891,77245.55012530687,76936.9619413569,107809.21373477146,69390.00718474474,4
125195.58521456544,143163.95141648667,87812.24790957545,175881.22795596457,88083.84395645189,64816.63910348882,80497.66188832068,115623.540058558,104370.04022241119,76299.84781740283,73752.53126055375,68446.4059408195,80688.32226852444,78286.44851284607,108872.21799757695,74669.04219019916,4
124122.03092837703,139863.98456859405,97527.09836090784,170355.18382253454,87071.86872623787,65334.86429868511,79113.8206856037,113380.31898502339,97731.92974709628,78758.24913480868,77699.98344182772,67305.95288347636,77101.49313229241,77474.85667167386,106675.66736646503,69064.051695353,4
125181.54831904749,143075.8184880994,83529.43015449407,174194.1629879669,86812.9908219565,63864.9241763263,80853.65812226036,117238.85592685413,101979.18587674927,77792.6090708505,75209.88735078424,67495.22745552391,79467.13471020875,77449.37568299481,109213.5291354095,72849.23021188143,4
124509.9901568878,141178.49066001066,96381.97378897356,173488.9430986575,88226.55984479903,65696.42611699416,79388.79184589289,113140.86474667369,101739.17284478818,76872.72302779234,75273.43336027066,68312.0719566431,79209.01676523886,78285.28622213438,107298.83400187899,72317.8174874565,4
124467.90182207845,140916.259994061,89644.93449269945,170465.04264653238,86171.07107294454,64183.39183132551,79956.05676842413,115712.03061485656,97806.62927706592,79289.52774876688,77643.00884521114,66761.7102577341,77192.59884269224,76926.2554557628,107743.2313851394,69309.04916632762,4
125164.85156593939,143112.69886645066,87672.68361719653,175719.28956738586,88044.01314783253,64781.23394027161,80483.75910326948,115589.78892443048,104323.70505615533,76293.67873593316,73753.17946114295,68408.4526787344,80654.88405881931,78251.08805311777,108849.0392385768,74621.92471288738,4
124092.12429429583,139782.55716354336,97643.66270824226,170218.0335185568,87079.42361586377,65350.95755469293,79087.24446144635,113316.25888541447,97720.32919172397,78708.6729656068,77665.02531349962,67289.74786874627,77077.01797211386,77456.03650284249,106604.72292956388,69036.33553222842,4
125167.62318225185,143019.22387113856,83587.09765518876,174149.52655428965,86786.50400477696,63864.23127224819,80849.41129081385,117283.93939542049,101883.63216920283,77834.2727225152,75272.44988351464,67465.45493190944,79421.44774454209,77424.07350827141,109218.24535348956,72772.18374874399,4
124530.59846527559,141236.82871303902,96276.0265202554,173713.37696473324,88243.23424616268,65697.02961409446,79415.43512528362,113237.60309667625,101817.13572944829,76852.51705080474,75247.34887449132,68328.54519230667,79261.54336470884,78292.729353038,107372.81827602605,72393.07581103752,4
124460.70456036384,140904.32416252187,89824.70957335348,170582.29989794493,86180.23528817121,64207.17408742596,79943.53979152915,115720.70309170522,97737.65179367684,79294.0204494024,77674.2342322152,66754.02125764146,77154.9585050295,76911.88328407804,107731.18379487799,69257.6401540804,4
125166.86322294036,143166.07483220994,87517.02606880976,175880.26683095298,88026.35526971285,64754.88123355881,80494.48794060803,115641.33204714443,104316.23957350726,76304.18405582715,73754.07353092117,68397.50032395129,80657.87919257632,78232.4690499865,108910.68534978454,74636.38629154996,4
124072.52181440852,139773.4376518056,97723.3690289699,170234.95378910945,87096.81327305,65362.49105483187,79068.49134784834,113236.91019259814,97727.32528773848,78658.40389232682,77620.90296994484,67291.42424958042,77073.01700985635,77445.75470039305,106568.51310354628,69046.10324455539,4
125130.94396960069,142956.3931174747,83639.33368198082,174001.15567459533,86750.76356539293,63849.456769163226,80825.85255215794,117223.61203713561,101771.40406029274,77862.43592052888,75317.91333173672,67436.68823679545,79362.61795313573,77392.75871428952,109181.83436177188,72686.53186399124,4
124541.68493052543,141249.79272482308,96206.02085662137,173722.07179332635,88250.31974915502,65699.9129891292,79437.76451799447,113295.22589388203,101851.06567753146,76811.79217240718,75194.5987575768,68324.58893353808,79280.02825737337,78279.25125113146,107363.05056369909,72424.1447358304,4
124447.06999624611,140867.66730161518,90026.36701182926,170586.01028752452,86175.02733171312,64229.682294092454,79918.88581739496,115689.70122214571,97672.13883067833,79310.20311238803,77721.44111650481,66754.69180997513,77132.29383615182,76909.84927533261,107728.81450996573,69210.36621455743,4
125174.84279571091,143193.00868427858,87374.26547697371,175929.50772398803,88001.41072290072,64735.99400949407,80510.20121696011,115697.09964956042,104297.68762560937,76313.12475360927,73763.34950487012,68389.61015815857,80653.29708496298,78215.19115152254,108942.24601295544,74630.37367229148,4
124079.49555867858,139793.17424215964,97785.8868582114,170326.43947916504,87117.28747097104,65382.31705216373,79062.6128390566,113222.87329708021,97771.80525920454,78620.00359535261,77591.33161203047,67314.8935812585,77096.06165838976,77459.74689242207,106574.7045367604,69084.32472757396,4
125140.93519937221,142957.77892563093,83658.57853395684,174038.59484655797,86729.10472501573,63850.931984297276,80823.84089515697,117268.27082255732,101683.04761446091,77895.65061278947,75368.45062595018,67425.49001282336,79320.10493518173,77374.18441464716,109187.13172520779,72625.66806383945,4
124559.20869817838,141308.10842610698,96060.98038685089,173854.95291411318,88253.78426954559,65690.97229134706,79445.38646285373,113318.06937671536,101918.34442834192,76778.19750049085,75145.91665815315,68343.36439888053,79318.29444388085,78279.56417555382,107409.36337821047,72495.44680064284,4
124463.99026679878,140868.8519440713,90229.7008311392,170676.5348525685,86188.03604698612,64267.70261141093,79911.64385219144,115718.5126207486,97616.4382834957,79325.8716852512,77758.58971578952,66762.53727227895,77107.05871666178,76906.49651366431,107721.30432382875,69176.72683915221,4
125179.96134519117,143224.83756838294,87243.41836493235,175970.76904425252,87973.35928360932,64712.770547005006,80511.29645243842,115727.22980108617,104262.0589449476,76336.2141056316,73785.61184234761,68378.143713253,80640.62364585682,78193.21938672298,108982.65796693064,74624.65162571092,4
124058.9319537797,139774.01879716144,97868.74477490722,170293.76122877136,87121.57900590647,65390.45308714546,79032.43798404193,113136.84143267173,97776.49912554015,78587.48180717013,77565.82827160697,67317.26286617076,77097.51452177936,77450.56032545095,106554.85618768408,69098.13810564735,4
125114.76130661504,142896.3786836122,83713.25090089452,173866.95580088565,86688.98334371846,63845.187585972264,80804.6183949254,117249.6741711705,101555.06152570983,77924.77493581474,75419.9490451752,67380.69711693491,79244.80190811181,77326.23992279053,109136.39326529423,72524.48171669028,4
124535.20292463338,141305.87325166145,95926.51229220776,173773.2125846401,88235.81346700352,65669.06758178087,79437.38453833874,113280.0937628858,101962.48912364115,76746.52507859768,75109.61742515772,68336.70357903285,79337.58399934579,78261.86159394523,107421.4556719608,72535.7246441513,4
124415.4646295863,140767.62089343322,90402.6362779899,170424.45187860154,86169.41704385485,64279.48198073888,79871.76834008317,115624.05414868047,97519.76698872651,79306.470371064,77773.14070142993,66728.27204802896,77035.9801692939,76867.98445796782,107626.93525873843,69086.02346015257,4
125205.9564239927,143278.8617347314,87148.15523006383,176108.8134180085,87961.7140247481,64714.312817372425,80545.65108366622,115912.68222483185,104270.15027644043,76363.9749722451,73819.81001136423,68369.60534687106,80656.38162569782,78182.22232845097,109055.05526722137,74644.43291955387,4
124068.96788704014,139844.33738521783,97993.28869501218,170558.7635110335,87151.66445394332,65420.404424715576,79023.96667289337,113194.28541592187,97827.48345464272,78567.27583018254,77566.61058266289,67335.43483441291,77127.51056283839,77465.535994236,106617.8210518147,69149.99415278365,4
125071.93536423867,142882.61000902773,83794.94652687866,173862.2842862945,86650.94067465552,63827.14972819683,80753.92463850077,117188.2068739184,101443.97335576694,77957.74375888631,75486.62429888539,67344.82256708415,79175.15387238907,77294.43339043063,109151.6148032683,72441.1991168498,4
124524.71995648384,141332.98591768576,95856.70779427384,173790.781055782,88238.2274554047,65663.61375613377,79434.38940458171,113304.3901091087,101984.70675762973,76702.33567980953,75064.33279089128,68315.6258840115,79328.08450795228,78240.60508496822,107418.25937250369,72557.24937406175,4
124369.64355345293,140714.9154800076,90634.55797845816,170355.45204346802,86163.29266587409,64291.998957633856,79819.17468537982,115535.29537144845,97451.21418848207,79324.91056023963,77821.2193037533,66713.63165541073,76992.1707501615,76858.17204215194,107623.13546218103,69037.98956131811,4
125127.25593176555,143176.6472073373,87026.0923535934,175754.2253439695,87900.85022459629,64660.3110027684,80498.48890286552,115764.24428990416,104173.5907403935,76348.23934414856,73799.80520007673,68299.95731114833,80571.44499676765,78112.23901656139,108989.36349026722,74561.84322379151,4
124007.09825838785,139719.14526452366,98100.82293758666,170245.63792295908,87142.65670092782,65424.67360790654,78982.3924282065,113054.05057120927,97817.38046614891,78517.25262609156,77515.73801228261,67309.86443875605,77096.46398978996,77436.65754039974,106539.83581541013,69132.58214385297,4
125035.0102823985,142748.87952195163,83908.24751952261,173569.968172308,86614.32851723774,63833.1176439664,80742.23467615065,117184.11650468309,101301.57039184218,77984.74466618833,75526.29864529356,67286.26099661124,79079.60016484263,77236.6317792692,109075.55181688689,72320.7232142357,4
124542.4448898369,141358.6680720649,95806.34931401603,173945.09749950143,88246.07291770852,65668.32997421383,79460.76446303898,113418.8757442088,102054.08657241901,76707.74480196772,75049.75945350641,68322.28670385918,79373.05621779636,78238.83929715626,107498.99387347625,72629.15493597448,4
124374.58328897755,140711.13803519466,90892.51946121687,170538.8034032349,86170.35581712196,64324.431338838505,79806.76946720714,115586.92790114021,97387.89169644019,79355.64420886568,77869.43201654339,66703.68512912812,76957.1679183445,76846.59383852409,107643.87788103556,68993.84486601887,4
125165.38800780631,143275.5760282965,86961.92049526221,176089.27799335457,87885.85220406679,64648.84455786283,80523.18758048864,115924.39453892644,104157.8327605525,76398.55312091747,73848.30848554474,68290.41311626592,80573.09902585734,78102.62776644561,109096.92008458616,74572.01326751868,4
124074.57817489842,139859.60362668082,98247.00334632437,170735.5434579305,87188.2766113611,65467.030163649346,79012.16495182097,113227.09777678226,97871.13641156393,78518.52667552551,77521.84003851892,67333.62434311204,77133.2102576745,77456.46118598714,106626.47117691889,69200.330281297,4
125078.88675676427,142879.0784334038,84023.67192788982,173999.8816251614,86604.02436304383,63835.82220504549,80743.48637384015,117301.53021830681,101237.73380967783,78066.0826642612,75632.58119017853,67286.61862452253,79069.20660367091,77243.22554388351,109198.55346662445,72307.2674640736,4
124569.08816922763,141494.76784405325,95685.1358038349,174234.03850007517,88241.66962405082,65642.20078494558,79456.4058728702,113437.04771245095,102101.82989857554,76687.94115638032,75028.2570753404,68324.25365737124,79401.8452646548,78238.34755877825,107580.55538899367,72697.61832924109,4
124362.17807080485,140705.12541593617,91063.59971327778,170488.5343299549,86159.67168327233,64329.4828330854,79764.9270015868,115488.37905983676,97307.93950652356,79345.49651688297,77892.20844414335,66684.82025680784,76907.12236250906,76828.06424237064,107602.7953747267,68942.45820551613,4
125177.18972887871,143289.85879300343,86821.5962435718,175972.22190764212,87854.96209322955,64626.716330852076,80536.509220184,115956.11166430851,104109.19536461776,76396.96614706113,73850.36484603463,68260.79705486263,80544.9134760992,78064.24982121585,109085.58775014732,74550.30972365258,4
124058.2837531905,139843.93505381764,98282.38615779713,170627.04809034444,87190.9811724402,65467.365439816174,78987.08629454211,113116.7025109175,97915.79519698564,78484.70848616463,77493.11804689384,67355.08201778913,77166.20143249053,77463.21141281264,106631.67913337698,69251.47107261074,4
125074.50581485103,142821.76856062037,84076.69026573781,173804.75089606654,86575.0341504853,63842.617135359906,80745.05099595201,117315.50005859138,101124.72338971178,78083.80759761424,75669.79684469663,67259.64006896497,79012.79080066572,77199.88551138467,109149.13375963375,72224.81187877797,4
124616.45151572842,141548.07675457918,95571.81245944649,174303.17244567545,88257.584066103,65664.26195672297,79511.50292295252,113571.71697279418,102162.3137190716,76658.05687404357,74981.51957768436,68341.50920409075,79447.5545820659,78225.13767780515,107613.52421206525,72769.41213243153,4
124422.86305700101,140773.49940222496,91291.22987881064,170775.9554119057,86194.51805287815,64396.783935640335,79799.99688863718,115635.65470405278,97305.1231867222,79390.17765404913,77951.64173265001,66728.31675151786,76941.02995884776,76844.09044314509,107682.52404719879,68971.51547330803,4
125232.28677896105,143409.86530898398,86713.52555913039,176261.54288787162,87845.90963672515,64628.3033047084,80573.63546772426,116089.30570951769,104102.28867558106,76438.9874266371,73890.8885587321,68276.867959126,80570.93090664517,78051.30816117623,109193.23375144407,74584.1502647579,4
124142.66158850928,139995.92691611373,98387.70757767053,171030.25120857373,87245.58648414451,65527.60339112323,79034.71786197637,113287.82746646732,97975.42965119239,78471.99034356956,77487.61951775783,67398.39969854352,77219.57739824979,77473.87319491783,106700.76837548833,69329.27749505968,4
125115.07423103742,142923.67016359212,84165.7619673922,174037.34314886847,86570.92142950553,63859.82797859049,80751.3094843995,117385.79629490332,101048.14631320791,78148.85117397919,75762.04249406367,67270.57007200361,78996.2952132577,77189.2684327684,109226.31433323794,72197.52039879803,4
124652.75074872385,141669.62554092714,95453.01293766653,174478.8795088386,88270.07869125351,65660.3504014433,79527.26090279353,113603.45644992072,102215.91320227542,76649.60791463946,74970.58957464571,68365.80555031366,79488.36886744128,78223.28248301535,107683.3734134881,72840.91536294406,4
124365.73199817324,140684.96414243747,91429.31895605552,170427.49171584746,86171.49575608919,64385.20573201248,79732.00288200413,115390.43371563361,97204.07095003975,79372.81034860735,77963.93519210043,66706.12146927374,76872.23128941433,76805.73484965978,107590.50191527628,68891.07154501337,4
125277.19143357176,143428.37255339295,86633.39455525811,176168.24670651517,87842.84744773478,64641.22261300357,80627.279654417,116246.95256316097,104070.88447462136,76457.47231930165,73902.91379724906,68258.31601122809,80558.05630183892,78019.90396021653,109191.8255915434,74565.10657848198,4
124160.2524113956,140010.56730873196,98468.240912943,171040.6671214899,87274.97902810325,65554.2243187695,79041.69160624643,113278.90912042966,98025.16228260545,78454.04189277196,77469.29108730449,67425.66882677899,77250.3333986203,77479.25996533156,106734.85478578268,69376.86435900502,4
125111.34148971338,142871.00945365542,84243.8366107746,173860.8984781383,86551.96715020742,63866.35468797144,80745.58743781895,117358.1024835232,100945.95413755825,78186.55856687529,75810.50107604278,67250.52055722721,78938.06891895163,77154.62322886268,109201.72741433709,72113.41078441271,4
124697.43188589001,141727.47185557746,95353.99470972952,174569.80640528278,88289.03297055162,65675.90721558419,79571.45030158166,113721.11603273345,102283.86250541956,76640.91308604635,74942.06874872075,68384.71512612286,79530.47955399509,78222.6119306817,107739.0292571818,72905.78012535335,4
124401.38303057945,140725.5102068794,91652.45642095285,170599.84601734235,86205.02337277215,64439.207546616504,79741.7258908422,115477.3596498203,97177.96411251594,79399.83360765381,78016.23827412585,66726.66272242817,76867.82799575663,76813.91558813043,107638.31229666619,68883.00256526501,4
125261.90284036433,143452.3112717046,86519.2218445804,176135.90373228834,87812.98551714249,64612.07593823385,80614.4274013552,116218.56584770273,104022.13531996433,76478.90764223429,73932.5969138857,68243.02741802066,80518.85134206431,77988.83503542365,109224.45913844815,74544.7441392832,4
124127.68591972423,139984.01343631904,98517.75002691151,170893.9949743742,87279.24821129421,65555.74423739246,79005.07944882863,113161.8083312283,98034.95234667687,78411.68533702915,77444.99474108157,67425.42295758998,77236.90000020266,77469.3357907934,106715.02878845081,69397.80794355964,4
125078.84205327537,142793.4041969066,84328.03563213773,173592.81165514133,86522.99928939335,63868.902786839346,80722.87806545234,117331.16863145455,100818.86211858537,78206.22810199596,75864.48053890235,67208.52162939569,78844.52686840616,77112.15491439759,109142.04825664143,72017.83472512182,4
124685.13842643959,141727.38244859964,95228.64612682417,174460.23815396288,88277.96885704623,65659.746904343,79570.80210099246,113709.64958782788,102325.68261929545,76619.36600439144,74919.00174844287,68378.07665801962,79538.3250162989,78212.75481137692,107770.36640290814,72956.60799224472,4
124412.0671644291,140697.03408444335,91842.24508312286,170537.7975747344,86218.14384676742,64481.027660492386,79745.16805948831,115504.38290886676,97125.79514095726,79402.76168617746,78048.24597218585,66720.15836479169,76828.39951853747,76809.24407353927,107609.38913934102,68845.6528002802,4
125304.79583797406,143522.45104580536,86395.32612506463,176275.82565257855,87803.64248796017,64611.27127543346,80655.17463149723,116335.1078432927,104031.07601774645,76521.35360495491,73975.98164987346,68251.07404602457,80540.93486558615,78000.12266637357,109318.76114830509,74576.01422977618,4
124184.68286808526,140081.17646946627,98545.73441096956,171161.43359678192,87324.73401126075,65595.485639034,79040.35050157912,113222.38155870218,98120.09014130714,78388.81950245137,77432.0754327864,67469.7688185893,77294.90277706418,77511.58058781394,106777.65837641459,69484.75622949078,4
125072.2706404055,142785.2458101804,84324.48170476935,173535.23356142445,86496.49012046935,63853.994173287654,80698.4923122516,117215.14072598705,100737.30060306795,78232.29023603085,75918.43765001747,67202.7101758373,78806.77477202115,77113.02663243136,109143.2105473531,71965.15166344067,4
124713.189865731,141750.8070767888,95033.76126691834,174373.69219943194,88289.97174381874,65661.1997677326,79603.34624091939,113704.41927962533,102362.3618319466,76560.93854438527,74853.13115753308,68375.75207659627,79550.5290687715,78212.93362533256,107728.70275124344,72989.35329787176,4
124400.77953347917,140650.2965867873,91970.6558550186,170401.69780274606,86229.99027132873,64508.29678872786,79719.99999523163,115397.89919828168,97106.93026863698,79400.8394361543,78072.94464980897,66739.38086502324,76826.4325650254,76836.26733258573,107587.35031930808,68830.90064893969,4
125258.8630031184,143443.86231230048,86229.9008643509,175934.55921823494,87760.14599325013,64576.223740127534,80627.25730267254,116213.24613252237,103973.07324088493,76517.12912525286,73972.4053707606,68220.69802530982,80492.7445045405,77973.47938698286,109259.8419499209,74511.73061272272,4
124150.59645779092,140000.30785802696,98597.05401623894,170910.91524492684,87336.89336024444,65612.54002005339,79021.21740832536,113139.5012902619,98149.75090619933,78343.98190307402,77382.40985660671,67472.85335932414,77293.22639623003,77514.1510384263,106711.63132329361,69475.99434566431,4
125033.80328819792,142666.49099188935,84440.3754997701,173243.11861313804,86467.56696314419,63863.985403059174,80689.08222783593,117192.83368502065,100622.14441563422,78269.10355914875,75966.8291767632,67170.03192544365,78728.36485247193,77084.34934429519,109073.18253197463,71839.69132181304,4
124698.57182485722,141750.38239364416,94934.1618936255,174388.5561094947,88279.57818264702,65649.91213678267,79621.36174695037,113724.73701533521,102443.63277478609,76579.71400972773,74851.20890750992,68400.20488503038,79595.4337233822,78235.44183199905,107798.06021428827,73048.85364161177,4
124342.7544048732,140513.660372932,92170.12282253777,170137.8131077067,86212.66766937586,64522.266629012425,79692.77557048507,115275.50104564441,97010.48249131233,79390.15530230467,78077.14677776657,66709.89891408669,76736.69031103734,76809.64640493947,107469.35546032852,68725.84744999975,4
125232.42088942778,143404.9926286927,86141.96910166372,175882.43495016516,87721.2539578979,64550.94391714859,80633.94047426469,116229.85347865266,103949.24628129558,76563.68780895327,74005.24008336545,68210.86325774947,80478.26057413347,77971.51243347078,109304.18781092022,74497.35844103796,4
124084.43529420321,139895.2099555981,98643.97032785062,170688.42598061872,87328.42204909588,65602.57114202633,78976.60332639258,112962.83310208716,98146.48755150885,78287.16376866863,77320.69669016561,67457.09537948316,77256.16720392313,77500.15884639727,106635.21070900092,69457.08476985512,4
124999.53806394793,142576.27935126776,84579.7609781934,173124.63201578046,86446.04223323372,63875.49655145366,80663.60123915688,117196.63348157806,100525.24960342045,78310.65545209116,76021.56859893425,67145.02032339816,78665.10941566342,77068.63606794311,109049.80260727437,71747.06569279023,4
124672.84496698917,141738.8041900163,94870.07944227212,174423.98362445636,88275.62192387843,65638.06571222136,79600.73108681811,113736.02464628514,102475.64047284609,76559.06099785102,74807.9582819889,68392.53823668222,79597.534787361,78222.2095992815,107829.68793269253,73053.41339748066,4
124307.46100037826,140471.81790731166,92442.61293919242,170230.43873672947,86220.69194563532,64545.557146734856,79644.09347106141,115246.06379819677,96968.640025692,79414.56340724987,78112.97662412842,66710.61416990927,76709.37647931295,76808.57352120562,107497.83158276459,68664.42485623657,4
125249.78819486954,143445.51634139018,86147.13235463291,176096.6093655359,87711.86622522668,64553.96140265005,80654.39232044129,116394.40702133263,103900.0724434939,76603.76448676163,74031.72690054499,68181.31425157956,80439.10031784777,77941.8963720675,109355.14978827833,74441.00969326613,4
124117.80644867498,140004.62174470685,98780.94181787275,171161.7465212043,87363.53663963517,65632.09779645178,78987.71214338686,113074.10008598567,98238.08500028671,78308.84496079027,77332.11843158228,67494.80277237926,77315.46638196307,77536.83805904843,106776.2502165139,69535.07000625969,4
125024.88494216025,142644.83215151218,84732.82572422335,173455.70605465246,86435.2016371729,63883.27495852411,80670.70909389366,117287.85095070017,100441.76583787988,78380.90698491418,76103.08541096275,67127.85418365648,78617.09786857342,77061.08117831721,109117.72955867405,71691.27573862979,4
124720.94592105699,141871.2829794029,94743.81443784409,174775.77773043845,88281.99217104819,65620.96662771305,79634.1469447788,113825.9680659733,102537.53245324283,76560.44680600725,74792.04383993671,68395.93570183942,79624.75921210757,78229.47391622949,107920.95010530355,73132.04683447443,4
124333.59018964651,140525.4620940044,92600.59506900252,170422.1272971782,86235.22057953126,64561.560995764856,79632.35880522238,115213.87728618113,96948.8810835935,79431.01429116896,78153.7462060149,66717.52085894595,76696.52422625116,76828.17600109291,107527.71586510133,68674.59489996373,4
125295.5198640251,143513.89032767896,85987.40678875528,176176.27098277461,87695.34828607421,64531.363789005736,80684.07543707793,116444.40787367916,103867.4165448447,76623.8363532825,74055.86678455673,68167.65733571736,80423.54350370688,77934.92262779745,109378.30619553402,74444.40715842333,4
124169.39427487782,140073.04043448454,98720.23447993213,171263.37990324257,87393.64443941647,65637.86454652126,79005.48178022883,113049.49081534038,98313.20921340099,78269.90822194914,77292.4440851741,67527.43631928401,77368.52942329996,77567.72816988567,106799.58543772524,69624.27581838082,4
125062.50292807854,142644.3180613897,84684.4341974776,173363.63921924107,86424.13752366752,63879.810438133536,80681.50498646557,117251.171738049,100370.35201434518,78385.51144427198,76124.40897517312,67127.51890748965,78595.84135959642,77059.7400736499,109087.82292459285,71646.68400844146,4
124784.78250322134,141935.18661680064,94433.12518991533,174764.66891344415,88293.48096769823,65607.80145022887,79688.23816636064,113832.62888582097,102627.29705897535,76503.76278206859,74712.69514712038,68432.61491449058,79703.77262875708,78254.2172973415,107931.70129438656,73216.29055932649,4
124367.4530824963,140494.57198316717,92587.94398164083,170251.5834869842,86249.88332389396,64578.7941907399,79644.56285769497,115097.40234582454,96956.8830081085,79383.76270339044,78107.72396418142,66756.0552663869,76735.55037207012,76855.17690839493,107461.6664602359,68681.18866457805,4
125326.99112021818,143491.44917624583,85681.54551762885,175923.1821803072,87671.90130614059,64506.732166615984,80715.59139675992,116389.46728580802,103865.80721924391,76595.31552735752,74002.98255717546,68178.341469567,80454.74653896649,77937.38131968753,109324.32673267445,74443.20016422274,4
124174.02108598007,140020.6032419924,98575.23871365056,171003.33970824955,87408.82127390162,65643.9442210131,79009.39333550852,112916.27441838676,98392.0214643504,78185.91036628609,77188.53082520138,67566.28365114733,77436.79165086648,77598.32770804498,106721.17551817602,69678.23292949592,4
125032.28336957496,142507.32421962311,84641.40708940114,172916.15729524582,86392.93448840792,63876.48002820969,80656.44868093118,117096.67648037392,100289.95278953944,78376.0566563674,76112.18257095607,67116.18657305081,78565.53239411503,77051.64874215708,108969.82806561328,71565.3907138575,4
124788.22467186746,141896.92043029313,94206.85848079425,174559.9045824891,88289.10002578498,65603.86754320473,79701.7609717561,113821.92240022689,102707.9421529701,76467.66471477327,74643.20357360883,68446.96473443088,79756.4780421827,78269.48353880449,107907.44965165254,73270.6947053307,4
124314.5912068595,140365.4236037044,92676.85922108403,169940.4248524219,86240.38383250045,64592.048775201896,79598.3394501614,114946.39396028448,96928.58569962809,79354.25840070944,78092.12244655161,66751.6072692403,76705.62138624447,76854.93103920591,107364.21285441075,68634.09353901072,4
125279.04662836155,143397.7506634892,85497.72477122842,175635.49287742292,87623.86740730613,64475.66324182311,80705.17548384375,116339.68995090605,103837.37580029677,76589.5264255436,73992.92427217058,68150.04416108658,80416.01096582544,77911.43094437492,109267.41919129125,74402.31882361398,4
124178.08910347095,139990.98718058912,98545.86852143628,170949.4049488789,87431.75416371277,65674.70022138361,79038.94234167843,112964.04009628775,98471.77248856694,78123.95133065598,77121.2520743909,67570.61988957165,77446.04527307097,77604.18386509227,106660.46818023542,69723.07052887327,4
125034.5632475094,142509.76055976877,84681.34965674278,173016.56133133906,86384.88786040401,63894.137906329386,80673.54776543949,117178.46151333589,100267.53398985077,78422.74945053452,76180.7800746894,67119.00289285218,78546.19813516118,77068.05492258727,108993.2750455469,71549.76684448324,4
124780.49096828593,141954.11854435428,94008.75496968687,174702.35224990276,88284.04853153808,65583.25923481694,79712.7133265392,113840.16142370242,102789.2577992985,76445.0894528734,74606.18908479084,68452.5079670558,79777.80160639306,78281.44172208807,107933.80235836534,73334.50893575061,4
124318.39100341691,140391.5974964616,92851.22517957988,170108.37586025905,86263.83081243405,64630.6055343873,79588.07999945641,114991.1868561729,96925.0764757486,79355.84537456578,78105.53349322481,66753.59657449681,76684.00724935619,76872.83478651462,107342.10697914446,68613.32876841174,4
125269.21186080121,143452.04305077114,85428.12143899458,175776.8006058694,87601.51566285083,64454.9655264575,80685.14832081179,116384.43814330557,103812.02892208444,76629.60310335197,74034.29735115735,68130.9334195773,80391.4687504135,77907.96642398434,109312.97204649117,74371.36165754338,4
124120.39925103179,139988.5508404435,98582.52538234298,170939.7489952742,87430.65892823445,65655.88005255224,78965.85213730957,112817.68087359439,98514.37491349876,78091.85422561815,77084.90813790658,67569.18937792652,77445.48647945959,77609.68239422828,106655.88607262207,69733.37468306717,4
124950.52068835744,142396.8171950361,84783.51948064798,172698.74187692904,86337.94919704786,63866.086467037974,80592.41093306673,117041.46767156932,100137.89387200998,78433.45593612861,76210.91022621516,67060.48602586819,78435.2664274295,77022.12208773162,108885.33847157222,71406.89449392492,4
124748.9973603484,141924.18955852863,93873.2586947988,174565.8054430253,88264.5354586286,65554.51489144741,79696.82123623148,113849.23623195128,102822.09251190335,76411.76300189055,74559.47393887925,68425.19413533142,79763.60824866394,78258.91116367713,107904.29805568434,73342.82378468798,4
124245.88194440388,140274.96609389377,92993.62814350464,169859.3997787714,86239.66857667787,64616.65804584719,79519.97423410109,114820.7548047012,96888.93370496437,79337.56164760132,78107.63455720361,66737.77153942247,76637.5379726336,76863.15648116547,107280.88555108137,68575.12963713761,4
125230.27512196006,143355.61762519093,85291.06054199464,175498.81196007872,87551.15718259302,64412.34074978122,80674.4418352177,116341.34397999573,103752.99796497799,76622.80817303756,74026.720109787,68084.12886668788,80331.67783399556,77872.24833634477,109242.16172005674,74323.43951743121,4
124116.68886145222,139944.56260735544,98574.14347817225,170921.35350958747,87439.62197776104,65656.88588105272,78964.37692217552,112801.74407979776,98585.96755098911,78047.59777159664,77039.86937282913,67585.41674440107,77480.55636650996,77629.95542644923,106643.03381956028,69798.75353559894,4
124928.52657181342,142288.09831000547,84865.25981012105,172544.40308146513,86307.66258331091,63857.68221112278,80565.03004610898,116976.42409520438,100033.60063238152,78435.64640708524,76236.7935462944,67032.05460692104,78373.32974354384,76997.78103801979,108814.90812479355,71322.1366789504,4
124759.01094186437,141911.51611942245,93714.0695707881,174599.3107079638,88257.47230738073,65533.504251659426,79702.23035838966,113856.5229006437,102874.41794567322,76386.03614402248,74521.00658667166,68435.20771684739,79804.75781020615,78259.96169566653,107927.94620131806,73392.4223056343,4
124227.97819709519,140190.81177601955,93144.12243892222,169800.34646992048,86240.58499820055,64626.31399945188,79479.22700395907,114725.60342855495,96848.09706784453,79317.62389154719,78108.39451651508,66743.04655111392,76622.584655593,76856.16038515096,107231.84582374642,68532.48250871689,4
125251.33046523697,143355.95290135776,85218.26091030371,175598.41133337156,87531.7111649169,64406.439889245026,80685.70711442317,116440.89864979967,103718.64333375018,76647.6856646163,74053.20692696654,68079.39029686336,80329.9567496725,77851.28240004569,109265.3404790569,74289.26370015905,4
124152.04932118052,139999.07851208193,98626.3795049643,171209.46749561638,87469.72977754234,65689.43002097965,78973.47408216883,112886.25602558328,98653.73804017759,78016.39473633704,77007.90637825803,67616.97740757196,77527.78560254403,77637.35385386394,106688.3855090601,69843.65819020965,4
124963.26118269697,142351.06317413607,85021.9678904972,172887.52471059858,86309.83070252309,63890.561627216535,80571.98143863457,117113.93202709343,99972.08863164052,78494.05151534695,76313.37062279829,67045.30919138303,78363.00323760549,76993.89183448456,108886.47841053945,71275.22036733871,4
124768.06339836877,142005.37109439028,93600.29919151058,174891.76093241703,88247.77165028712,65515.53344911736,79698.51996881008,113889.75994464874,102919.00967586157,76381.18581547569,74507.23791208719,68454.34081010113,79833.61391229797,78256.54187876485,108013.46397560406,73434.80121312157,4
124232.94028436426,140223.6464886244,93384.64956100579,170009.84937070005,86258.15346934242,64669.11759008379,79461.07738746135,114754.6383446024,96813.40716044989,79318.89794098114,78132.66851099355,66753.19424309663,76600.92581521581,76854.1934316389,107234.2151086587,68498.53020888928,4
125234.38784293985,143387.31239882857,85179.27946797365,175679.8610901667,87495.76955983277,64384.22225525645,80661.45547168917,116449.70523711506,103655.58906264175,76683.73902842271,74090.82491288483,68060.45836930971,80290.19299628651,77822.85098109854,109307.36175863288,74241.0733391134,4
124120.80158243199,140004.97937261814,98692.67477901874,171221.7609550668,87474.26718166676,65687.17249478966,78927.74241301327,112801.72172805331,98681.32009283545,77987.96331738989,76972.54591852975,67621.98419832996,77525.59513158741,77630.60362703844,106691.06771839473,69862.63482125221,4
124880.4256177456,142222.7641609626,85159.11819447497,172548.7840233784,86255.60537047451,63860.990269302165,80487.02245795995,116923.53986782311,99826.35525779192,78521.74532672708,76362.79032978897,66999.10813559391,78260.09580613325,76945.25443854982,108815.3328079382,71142.76392969655,4
124784.2013578655,142016.09993172885,93539.54715008107,174891.0903800834,88244.93297874129,65514.68408282806,79719.39649813133,114001.406908203,102946.27880409703,76383.68921085467,74488.8871298894,68445.91420244148,79843.35927288048,78238.66048320061,108036.08394099283,73455.834204654,4
124214.23187425517,140181.5358020706,93615.78895041812,170006.94364392088,86257.54997224212,64683.199189090636,79423.61586375427,114702.15644862133,96773.93397974182,79339.39449064666,78164.27387765335,66759.67624898866,76579.1775678608,76845.43154781242,107245.68155356427,68464.37674336157,4
125258.17009904029,143406.8031199936,85152.07739497154,175755.4323381701,87471.4955653543,64370.20771148297,80678.97923934212,116547.58352608485,103597.18395438003,76733.89634298043,74129.80635521488,68048.12020637038,80268.57885939823,77792.07262898357,109350.16534926479,74199.20852174862,4
124143.82387922096,140039.7586869906,98735.14309348383,171354.61972410916,87490.91923128597,65691.57578844736,78934.64910204997,112798.61483557402,98732.86321554938,77972.58531720463,76947.15433682852,67651.2202800775,77562.49786168312,77632.07884217249,106730.80912003627,69911.8533625428,4
124906.66656573613,142238.38803033688,85296.24614670828,172657.9499432981,86247.51403898168,63870.86974035141,80494.77851328594,116964.68942936533,99747.67711730923,78579.12225474385,76432.99715912309,67000.89627515034,78234.1677825651,76930.99402558732,108840.16559602805,71090.23733022659,4
124818.62304432668,142070.63818819978,93383.8448982054,174974.26122120157,88243.79303977407,65501.22833266597,79749.95133280175,114048.90436517053,102965.21073165069,76356.8224140194,74445.18946947926,68439.38749306054,79849.01426422766,78208.79855260832,108039.72727533904,73475.5931467525,4
124225.9665400942,140183.6368660494,93766.6855772359,170050.70835956436,86275.1631468729,64705.68504401267,79414.92103516114,114661.07394231248,96759.87473247942,79338.9251040131,78180.18831970553,66776.01537418549,76578.75288471614,76846.81735596864,107238.55134708302,68458.65469678101,4
125259.8688316189,143412.7039805298,85022.63844283087,175693.3168403288,87443.91351269645,64343.74324604789,80680.07447482043,116533.97131371158,103549.26181426785,76750.95072399983,74154.75090202701,68031.557563729,80241.06386197376,77764.44587283682,109351.79702661003,74165.85971902129,4
124141.76751873107,140038.08230615643,98684.15876438127,171287.8774151656,87506.18547274894,65692.08987856984,78924.16613390042,112726.9104393614,98788.74257668765,77915.90129326598,76892.03493500173,67662.77613196088,77580.04398108054,77630.13424040488,106698.75671848736,69948.15259553821,4
124909.59464425978,142174.08206153894,85369.31399933268,172462.707455481,86238.3051202661,63889.533446971596,80494.26442316348,116972.08785678004,99640.25463345702,78574.87542329734,76454.05250239998,66968.77681836806,78159.87058399565,76892.61608035756,108746.19886233794,70982.0548870629,4
124867.3721989837,142165.72250911267,93209.52364319845,175172.43178754233,88260.95917951575,65503.55291408932,79784.8871093854,114164.08290434873,103070.91213117984,76364.95844900113,74441.5684868775,68479.08419121316,79931.11222161201,78237.74406167795,108153.40824763874,73572.21973803279,4
124253.79446194107,140210.59306986252,93911.54723305073,170151.7605962468,86307.39436237745,64751.215547468135,79413.13289560472,114678.44124775425,96751.91751145334,79320.93194972658,78185.64214535263,66790.94633948164,76574.08137012499,76854.95339095038,107222.68160851975,68444.17076637397,4
125305.95812868574,143484.83305988708,84927.66588064026,175841.3971473452,87440.91837893944,64353.33214441921,80711.2998618245,116655.07306517042,103522.73029359941,76778.53277665768,74192.61475713429,68029.30003753901,80238.06872821673,77758.67912276735,109398.80274519954,74155.30969563838,4
124214.79066786656,140177.31132236857,98697.1451279098,171659.4304632462,87559.60614199712,65742.09073091636,78966.90266929897,112870.0957143421,98891.31473199306,77896.29881337867,76873.75120803728,67709.89360927268,77656.9786854957,77665.36058966644,106782.06167007229,70049.67421885423,4
124924.4362025781,142238.4327338258,85459.50328820983,172640.6496930897,86233.0524603191,63902.69862445577,80475.1983851431,116948.81969080206,99589.58322877684,78628.45255475672,76535.03287256157,66989.18396105575,78158.7977002618,76906.11653400857,108815.04223526029,70961.80420658638,4
124837.82319281378,142152.93731128424,92980.23944857591,174943.70638653118,88235.25467339215,65462.6492217361,79766.15634753184,114011.62165541908,103065.63711948838,76310.7107652081,74376.36844830138,68458.23001363636,79909.65454693491,78203.8588170837,108092.27622655347,73563.65901990641,4
124205.09001077295,140079.52244037658,94003.47995799541,169721.13188757087,86302.07464719709,64754.32243994742,79372.94445907407,114471.59820456484,96711.3267435225,79283.47042601948,78153.67915078154,66782.92206322218,76539.10089005243,76838.86013494256,107104.57499081791,68394.52754193873,4
125303.96882342921,143402.62334378046,84806.94410883715,175502.09766651364,87416.06323910513,64345.397275137584,80739.08308018245,116672.2392049121,103465.53217953828,76788.25578549574,74184.79164657494,68006.72477563916,80203.75880047784,77726.42555551835,109329.60174436591,74097.37397401023,4
124240.85280190145,140170.80696473207,98663.52810424902,171610.68130858915,87590.36214236762,65764.80010328295,78999.75973364827,112900.91876994596,98981.74989005923,77869.65553398796,76822.92334114591,67746.48341494601,77712.85804663396,77688.67345913332,106787.3590335082,70117.26589408708,4
124923.40802233315,142199.18307056226,85538.85198102618,172572.8345004123,86228.6044631725,63910.477031526214,80469.498690307,116930.13363243743,99538.86712060776,78674.49714833465,76587.49241679817,67000.67275770579,78141.20687737547,76915.81719110218,108815.5339736383,70915.37963335271,4
124883.80073115835,142221.7583324621,92821.36324898759,175090.64675458038,88251.37028114442,65468.1030473832,79811.26216784265,114143.51929944985,103129.25018420818,76306.08395410585,74343.17610778524,68478.48069411286,79946.73609098626,78216.01816606738,108125.91560195871,73609.14481987296,4
124219.75275513563,140114.01118207112,94148.09574462126,169883.11497963846,86326.95213877584,64784.05026007298,79360.04750252338,114469.34067837485,96730.88451992089,79296.6132517592,78176.45557838149,66819.73538634008,76558.18927981726,76870.57726032463,107136.20270922217,68403.08826006511,4
125281.39356152936,143389.30170408508,84686.3340957563,175389.28841224773,87379.40637819843,64306.48288804089,80709.69053622372,116596.6679569087,103406.92590557647,76805.64544268197,74204.0141468065,67985.80354282899,80160.86580286811,77706.26428201965,109313.70965405818,74035.25847616894,4
124230.30277851854,140154.6243017464,98624.21138575213,171489.3783914302,87605.56132859724,65766.61059458382,78985.87930034153,112834.9364203139,99037.60689945304,77820.39228920845,76763.51240438371,67754.239470272,77725.91146539587,77694.48491269171,106744.46603589845,70141.96457171018,4
124881.29733577935,142088.72074946415,85621.77695295536,172238.47475510536,86201.58120412604,63907.21367683574,80437.02160561342,116831.11540450042,99432.83044491177,78684.3766193839,76610.96174847624,66967.74863812311,78062.5287368928,76885.12824596504,108718.16977479098,70808.38183264516,4
124901.39155404468,142247.30637637453,92634.63677580796,175068.8091002475,88249.31392065453,65455.764884443866,79842.37579612444,114224.16439344459,103196.84185944103,76304.22875931606,74319.50561040707,68485.3650314051,79981.2248326808,78220.84614286973,108156.60454709585,73668.86868105755,4
124228.42523198429,140107.6632866458,94282.49678403101,169898.31416586807,86356.63525541249,64816.12501336635,79362.37208394671,114476.42618136719,96739.46758979173,79285.63854523165,78176.07559872576,66830.21835448961,76552.93661987026,76885.50822562078,107108.10656644186,68409.03382409022,4
125322.25255039365,143461.363728209,84599.60932726972,175566.80596671178,87387.11773003552,64316.384710834594,80757.97030424718,116760.84151993293,103394.92301880397,76850.77361473723,74249.79051945097,67987.36816494085,80163.5703639472,77715.0932210795,109363.64345117135,74042.20986869454,4
124263.58452601249,140277.22362008377,98565.04631817894,171827.89556120583,87651.22594251942,65780.80395231294,79009.08041108614,112893.60974950908,99156.76404914429,77802.77911457767,76738.79137501614,67801.17813362816,77803.69553610033,77743.59169526002,106838.43276958857,70261.76992199064,4
124902.03975463388,142142.7002123237,85709.08286679779,172403.11770476316,86222.97182356977,63933.18640389281,80449.58328599732,116892.38153605242,99366.42341213506,78697.76531431262,76653.07243503004,66959.61260314139,78023.167314907,76890.55971986768,108705.76455661829,70760.59380299972,4
124942.69757779808,142379.6510552944,92440.13189555788,175337.90175174497,88278.59470589098,65454.87081466566,79885.604069901,114331.02808368542,103279.09627903656,76288.33666900833,74296.63977582929,68505.1686769925,80031.62801642752,78247.40001528263,108232.73458871062,73746.406882573,4
124246.08311010398,140172.59510428848,94408.31475356994,170082.02315354624,86401.137578623,64854.36884812938,79365.6801421261,114476.023849967,96767.65313954988,79270.95344912451,78181.39531390612,66859.96852635962,76577.50118702665,76920.42165045998,107130.10068298587,68432.77137670176,4
125322.72193702722,143510.64932473295,84475.26657286484,175594.58918506972,87370.95741879434,64298.123335614604,80765.14521421734,116768.03878164754,103364.94932948939,76865.5928213111,74269.54946154947,67979.58975787042,80151.20984926341,77713.52859896763,109384.1176490924,74017.91352247162,4
124280.48244482071,140334.48878937826,98502.46143370408,171874.9683350287,87682.78660569031,65795.82432458691,79028.48172527335,112901.65637751299,99240.89601527406,77743.65875049339,76670.84207187202,67823.1051949388,77843.61575169752,77764.51292807018,106830.78847298486,70318.18572499583,4
124924.8385339783,142170.59518940392,85817.84645531733,172440.89215289263,86229.6996986508,63961.886043773426,80462.43553905911,116941.51067036518,99322.94926916949,78730.68943389528,76704.07911587704,66970.8108271135,78012.75140199083,76906.96590029787,108718.16977479098,70722.86405835916,4
125002.28732851593,142506.92188822292,92266.28002718449,175549.1257368476,88291.44695895279,65458.558852500784,79937.37071005949,114464.40094285023,103358.98141371983,76287.82257888587,74277.79725525346,68532.72837790589,80097.2080346594,78276.41257958562,108316.48657518467,73825.4202992225,4
124284.79633150058,140252.63670118293,94554.33870009646,170273.8905279506,86433.01116621628,64892.47857242568,79371.44689219557,114503.82942006939,96800.21963122126,79267.42187350057,78192.12415124466,66896.60303552187,76616.30381540106,76962.95702015841,107167.80807588197,68470.0093829643,4
125326.56643707353,143544.9816042163,84366.23476341186,175546.9799693799,87341.22959866877,64272.262367279814,80759.64668508133,116732.65597017479,103316.51309925475,76880.9931732408,74294.76222929505,67967.9444990092,80134.96013104441,77706.59955818648,109398.0204341436,73988.85625467972,4
124318.39100341691,140390.63637145,98475.16995372415,171906.43959122177,87711.41919033756,65820.6347609323,79054.38739709705,112937.88855527504,99316.17669059953,77692.56266266856,76614.89565550038,67842.6629713372,77892.61077554355,77782.14845444543,106823.18887987005,70382.60345251602,4
124927.81131599085,142162.16858174428,85942.14450623328,172377.05557072826,86220.66959389087,63978.38163118144,80449.29271331939,116921.90819047787,99266.48876267538,78765.4911000122,76760.49491888225,66977.51635045008,78005.17416062047,76913.87258933457,108722.28249577076,70682.67562182852,4
124982.43897943963,142505.44667308888,92083.6886267291,175397.96088909637,88268.84934530847,65425.008884073366,79929.45819252232,114398.5527036849,103390.2515042128,76264.8002820969,74240.022807124,68534.6729796735,80115.13413371255,78260.43108230009,108318.67704614128,73852.10828210214,4
124284.90809022286,140216.80685482107,94733.77850458366,170174.22409942438,86455.83229730515,64933.65048571235,79372.96681081853,114510.26672247253,96791.52480262815,79251.5074314484,78181.28355518384,66909.45528858367,76611.2299694097,76956.43031077746,107117.67311306873,68454.16199614549,4
125342.61498959245,143569.23324695032,84336.01520490828,175581.11108316315,87327.21505489529,64274.11756206961,80785.37354294938,116837.17272724782,103288.88634310798,76933.65388317751,74343.13140429633,67973.75595256758,80138.75992760182,77693.07675279102,109453.56451911504,73971.69011493804,4
124328.2928262106,140445.5546075767,98473.60533161227,172042.8522876325,87733.30154815932,65828.10024358038,79066.14441468053,112945.57755536766,99408.33293298876,77684.02429628662,76584.00554466314,67883.94664334615,77954.63686640703,77798.75580057572,106888.45597367955,70460.90161334295,4
124894.44016151907,142093.3922640553,86064.69912108174,172197.70517321888,86199.77071282515,63974.42537241285,80427.231541542,116831.76360508963,99161.32380501316,78787.73108574522,76781.99729704825,66954.71757110568,77942.83514533463,76877.93098425043,108665.12908519854,70585.15496077001,4
124992.07258129986,142523.21630993084,91922.93488060652,175359.42648165542,88262.05441499405,65408.35683445416,79960.92944871538,114434.8072331914,103434.44090300094,76267.1472152647,74201.2648822385,68539.38919775358,80150.09226204065,78251.8703641737,108348.89660464486,73886.48526507441,4
124231.35331050794,140093.53698415007,94826.96292721784,169828.39790921187,86447.8527245346,64925.38034026389,79331.45962136504,114284.15647556263,96761.41700284685,79224.21595146846,78139.57520003023,66904.60496003687,76586.5759952755,76941.38758675904,107028.2661352475,68409.41380374596,4
125330.99208247568,143463.24127474325,84220.90372096346,175226.83593354654,87296.79433069163,64253.84452984864,80804.23841526966,116810.46239262371,103223.35102836502,76953.27871480928,74336.55999142647,67946.12919642082,80107.42278187547,77663.59480185447,109382.68713744727,73906.22185542845,4
124306.81279978906,140354.76182159924,98359.34321395674,171758.49339467208,87738.48715287294,65815.5832666854,79064.9597722244,112826.01807427623,99479.36677686773,77635.45395558524,76503.82983730195,67901.8280389104,78000.2120733514,77804.25432971172,106841.89728997914,70511.66242500096,4
124859.86201284672,141938.13704706874,86098.5173104426,171811.26586333106,86176.61430556946,63968.25629094319,80410.7806576229,116709.298397219,99083.67384477543,78795.64360328241,76795.98948907727,66945.66511460127,77908.92754899593,76863.40235035447,108569.46361892982,70509.33784357761,4
124998.01814532497,142452.00365209623,91653.46224945334,175111.47858041272,88254.4324701348,65386.51918012133,80003.08483875809,114435.38837854724,103474.62933953159,76225.57297057784,74135.01431167297,68538.4727762309,80178.41192226553,78243.30964604732,108294.47010689619,73912.90502702058,4
124261.41640680033,140052.5662365635,94905.17168106696,169834.36582498145,86488.35408548762,64970.91084371935,79368.89879332767,114328.79290923988,96807.08161676904,79206.11103845967,78121.38088004362,66944.41341691178,76638.7896703231,76977.79857847674,107006.38377742574,68446.58475477515,4
125364.69851311429,143477.43463247237,84085.16157688637,175334.79485926568,87292.52514750065,64257.48786419486,80850.79709897007,116906.55254203708,103210.11879564749,76983.23005237938,74356.87772713635,67959.22731867163,80133.61902637708,77674.79302582658,109416.17005064132,73903.11496294916,4
124320.02268076214,140387.41772024843,98232.05002928377,171902.03629756407,87763.23053398497,65821.43942373269,79081.74593231034,112787.2154459018,99583.79412696292,77591.04103935255,76436.93106614723,67946.84445224339,78080.32072547922,77840.01712084022,106870.32870892629,70596.9119783535,4
124905.99601340247,141948.754125685,86196.6414686014,171948.17029811983,86201.62590761494,64022.839250903045,80454.25480058847,116815.33507291497,99026.85571037003,78812.54152209063,76811.56865496263,66954.6505158723,77901.48441809231,76873.88531850402,108530.59393532205,70454.7772353622,4
125051.52822155098,142565.70697614038,91453.21297087824,175431.22028484588,88270.07869125351,65391.50361913486,80047.9447898799,114535.77006289603,103564.46100049747,76237.57585735034,74118.22815158703,68583.77976224181,80262.83446107322,78279.76534125392,108395.34352962299,73995.9641094165,4
124277.8896424639,140087.27849570257,95011.16365327402,169983.45196049835,86522.21697833741,65009.15467848238,79361.74623510198,114292.40426926664,96822.34785823201,79183.33461085972,78105.24292054688,66971.39197246933,76657.02869379862,76999.05508745374,106992.07866097435,68447.8588042091,4
125396.25917628518,143550.30131939668,84027.96346282524,175507.64089913858,87289.64177246593,64265.17686428748,80874.82522425953,117006.17426707438,103189.30932155959,77030.54869539126,74402.16236140279,67966.6480978308,80134.87072406658,77684.82895908701,109449.80942604654,73888.25105288638,4
124366.58136446255,140499.08703554716,98195.70609279945,172177.07451308664,87805.09535134977,65846.92041241174,79116.01115656033,112888.67001398445,99672.3293867504,77560.32974247096,76396.49676042757,67972.90658627827,78126.5441330128,77867.82269094262,106906.7844041329,70669.15281643305,4
124902.84441743427,141975.15153588672,86317.74322006026,172031.96698808277,86203.03406751562,64034.57391674208,80433.62414045622,116789.16118015781,98976.72074755678,78848.17020275239,76877.57335633914,66955.72339960615,77871.04134214418,76889.3527256671,108543.84851978405,70416.77926978818,4
125075.06460846242,142653.05759347172,91281.61862869485,175556.1441846066,88268.11173774145,65380.618319585126,80076.93500243843,114613.44237487821,103614.12657667715,76231.87616251424,74099.81031415585,68579.51057905085,80276.37961821313,78289.48835009198,108423.08204449202,74035.95138024705,4
124243.04327285806,140048.09588767242,95093.08279670273,169845.16171755336,86517.34429804616,65007.38889067041,79322.5189235829,114124.16268875154,96826.43822746733,79151.19280233298,78081.41596095753,66973.53773993703,76639.05789125657,77012.01909923782,106950.3479540763,68435.54299301423,4
125426.9034179334,143543.0817059376,83943.65268273982,175394.65283091698,87270.24045827871,64268.48492246687,80912.53261715564,117075.71054407484,103144.11409427096,77039.39998619557,74403.03407943656,67947.20208015468,80104.31588939618,77676.84938631648,109412.16908838382,73838.04903483976,4
124401.114809646,140545.75747796983,98076.70540531939,172228.66233928947,87825.92717718211,65853.67063923724,79143.97318887392,112865.87123464004,99794.97340857667,77525.77394554306,76342.29378012345,68021.52163046857,78208.9103113306,77917.0859357221,106949.76680872045,70772.21671011648,4
124861.4713384475,141854.49681931696,86307.1708449329,171641.0573293039,86171.47340434474,64015.10554732151,80394.66504987061,116558.60293610132,98895.31569425056,78829.73001357676,76871.82895801413,66942.24529769961,77822.2698357427,76883.89890002,108434.21321323076,70337.4529287163,4
125114.13545777029,142637.09844793065,91013.15182604216,175378.35840920906,88274.37022618893,65382.786438797295,80138.49170666834,114673.99325060764,103664.4180017016,76188.84905443777,74030.3187406443,68586.73019250992,80315.4057640321,78304.06168747685,108373.10354388996,74076.65390690016,4
124309.8973405239,140096.64387662936,95158.48400097895,170021.3381673501,86577.26932493084,65074.488827525245,79369.27877298341,114227.00306499042,96911.93365000888,79144.15200282956,78084.20992901444,67034.73681625567,76721.24525561873,77086.7409809519,106987.60831208329,68524.56999117971,4
125414.855827672,143527.10020865206,83773.13122429028,175284.34697203006,87249.72155686874,64248.413055946,80899.41214316037,116997.94882511483,103100.2376199052,77049.57002992273,74421.38486163436,67938.84252772838,80088.5579095552,77684.15840675335,109386.06225086,73816.36784271811,4
124426.01465296921,140571.75255677136,97971.62985463499,172231.23278990184,87864.2380671785,65887.75704953159,79166.05671239576,112905.74674674831,99878.16660143931,77470.3863227828,76269.47179668806,68038.75482544361,78252.45150952954,77945.65146513599,106910.00305533447,70838.98137080448,4
124901.86094067823,141907.67161937614,86454.87117229357,171842.1112706794,86196.30619243458,64073.309489883126,80407.85257909926,116692.82516155543,98883.96100806726,78886.30227879314,76935.75494715631,66968.93328057925,77839.54773420664,76922.12038303858,108479.02846086366,70333.22844901425,4
125093.39303891576,142677.80097458375,90820.65860279306,175390.71892389285,88251.30322591105,65350.622278526105,80114.86591277909,114614.47055512316,103704.65114172116,76190.8830631832,74007.966996189,68589.1888844,80330.18026711706,78304.2852049214,108401.24439015919,74106.64994795919,4
124259.60591549944,140016.80344543498,95285.4419094851,169776.78773126457,86576.82229004173,65087.31872884259,79324.19530441705,114087.25995865584,96893.40405385543,79116.1229152826,78054.5268123778,67025.6173045179,76684.65544994539,77076.61564071366,106880.8787323092,68480.3135371582,4
125372.45456844027,143453.42885892736,83728.1148109573,175028.1736288278,87205.59921331397,64223.15558471151,80882.87185226344,116961.85075781951,103048.94036638027,77089.37848679764,74456.29828647355,67915.99904489506,80051.20814457038,77663.72891232121,109349.29363123103,73751.0560454197,4
124427.75808903672,140578.0781004522,97965.61723537651,172240.46406036188,87881.20304122008,65897.27889266955,79183.0887416707,112960.910852064,99971.1945618623,77454.5836394529,76229.79745027989,68055.71979948519,78291.9246902376,77960.96241008787,106910.5842006903,70890.07745862931,4
124866.47812920548,141847.36661283573,86639.67539545005,171771.70327564518,86183.36453239496,64078.80801901913,80381.81279680882,116669.06525719944,98817.01753342361,78930.40227060346,76991.2766803833,66957.5562426515,77792.18438770586,76915.99600505782,108449.56886167156,70252.2257271082,4
125099.36095468534,142730.52873975382,90742.09222103265,175554.8924869171,88251.68320556679,65340.631048754585,80135.67538686698,114738.25451591666,103757.46831386905,76215.51468557295,74012.3255863578,68595.42502110303,80355.0130552069,78310.72250732452,108461.81761763306,74130.90159069319,4
124216.19882776724,140009.58383197594,95510.65808661678,169895.2519768777,86588.80282506977,65096.907627213914,79270.0593793463,114026.0161788483,96912.58185059809,79130.428031734,78071.15651025255,67040.0788831805,76685.25894704569,77094.13940836661,106911.70178791307,68469.53999633074,4
125329.20394291925,143433.13347496194,83809.81043694144,175036.77905044306,87174.95497166575,64204.89420949152,80850.4394710588,116995.2666157802,102956.87353096885,77139.37933914416,74499.99594688368,67873.19545426314,79973.64759131045,77628.94959794874,109349.71831437568,73646.44988136887,4
124376.34907678951,140575.44059460648,98038.05923915617,172305.23941579336,87882.70060809859,65879.95629071668,79141.89447663957,112921.59413356712,100017.86500428499,77450.02388358401,76203.64590926719,68051.18239536077,78289.64481230317,77957.56494493067,106954.32656458934,70906.86361871524,4
124798.79704699482,141765.38041417368,86914.08776212785,171679.18940534466,86157.61532278244,64070.224949148294,80320.457258279,116602.09943081134,98709.90797399379,78985.40991370796,77061.97524809543,66920.05001545549,77705.75019189718,76890.15738846749,108444.49501568021,70146.74784502362,4
125069.43196885967,142732.942728155,90689.36445586258,175582.92157446404,88223.36354534193,65295.055841810215,80122.912540783,114772.56444365554,103762.02806973792,76248.03647375542,74022.33916787377,68565.3842765551,80337.57869453177,78292.43878036008,108526.19064166435,74132.3991575717,4
124180.50309187212,139962.15343024177,95709.40979831337,169859.7350549382,86592.91554604955,65089.17392363238,79241.35973946568,113961.30787865019,96895.19219341186,79132.61850269062,78072.67642887551,67020.72227248219,76653.16184200786,77085.80220768478,106907.32084599983,68449.93751644343,4
125332.62375982091,143433.31228891757,83794.275974545,175062.95294320025,87151.88797138787,64175.90399693299,80869.4831573347,117058.56675607762,102904.57044894344,77196.73391541648,74560.41271214637,67844.22759344908,79944.99265491875,77617.28198734307,109396.00877714262,73621.05829966764,4
124412.2683301292,140640.50652271588,97954.75428757124,172464.83087120426,87909.85797761178,65874.32365111395,79179.35600034667,112970.1197707796,100114.75981649874,77422.86651407082,76166.474958238,68066.22511937919,78343.35605422927,77981.97304987587,107000.46056514508,71004.49603849603,4
124825.8650095302,141777.964446302,86987.3791321968,171755.11828125935,86164.7902327526,64076.48343759578,80337.93632244306,116605.22867503509,98671.8876566753,79009.10276283059,77106.38816432812,66925.05680621348,77701.10102905048,76909.62575788806,108448.58538491552,70133.49326056162,4
125121.533885185,142804.84829006772,90411.53227228312,175692.60158450625,88231.23135939019,65269.01605951978,80175.05916059723,114814.4963162537,103821.77428266696,76229.12689794623,73991.94079541454,68583.4891895639,80392.34046844728,78310.36487941323,108563.04866827115,74210.1161730428,4
124221.20561852523,139965.2826744655,95709.74507448019,169871.73794171071,86631.62876744613,65106.585932563066,79258.36941699618,113900.22056105382,96930.99968802926,79087.4679788909,78036.0195679688,67055.99332523267,76698.11120010748,77121.2520743909,106868.78643855888,68500.85479031263,4
125391.27473727164,143450.07609725907,83622.4357631726,175053.36404482892,87154.90545688933,64169.31023231867,80907.9952130312,117099.47044843083,102878.88829456428,77209.96614813402,74571.92386054086,67863.15952100272,79978.2744024127,77637.64442654187,109388.69975670574,73631.04952943916,4
124446.86883054601,140666.0992701172,97736.51185470962,172465.6578857491,87940.85984717129,65861.85137770789,79191.87297724164,112892.06747914165,100222.58463175115,77363.83555696435,76084.39935259812,68120.31634096103,78451.27027645949,78030.74455627735,107004.30506519141,71120.41218524125,4
124813.07981170175,141669.75965139386,86961.58521909539,171416.82462892827,86161.86215422895,64077.355155629535,80319.16085710059,116459.04826629738,98587.71098705662,78973.60819263557,77072.83819590071,66917.88189624333,77678.6822293618,76905.78125784174,108310.22808673717,70064.78399810601,4
125136.8895336258,142780.26137116688,90117.02568733999,175479.0083144913,88234.09238268046,65255.53795761323,80208.00563192436,114806.74026092772,103871.8198385024,76186.70328697006,73907.47355311795,68591.40170710107,80446.47639351802,78324.42412667563,108507.862211211,74252.13745261877,4
124268.61366851494,139988.5955439324,95775.19098224533,169951.15368976042,86692.3137536423,65170.75779089425,79295.9203476811,113976.81998930217,97010.23662212332,79064.98212396886,77995.98759364935,67103.8931136004,76780.49973016974,77178.7184093855,106858.19171168706,68566.14423586658,4
125374.71209463026,143440.77777156566,83505.71495362699,174981.32437244945,87136.08528805796,64155.89918564549,80902.04964900609,117051.88358448549,102851.95444249564,77231.80380246685,74581.11042751199,67861.25962272401,79982.74475130376,77647.99328422466,109380.56372172401,73609.43539255088,4
124447.8746590465,140682.1031191472,97627.92708014573,172417.6016351702,87964.016254427,65870.12152315635,79208.32386116074,112876.75653418977,100303.49794667936,77311.13014353874,76002.12258125814,68129.81583235454,78493.60448045784,78051.30816117623,106960.07096291435,71176.67152603525,4
124822.98163449546,141666.45159321447,87087.93963050123,171420.37855629667,86181.79991028308,64105.473650154316,80322.1559908576,116478.56133920686,98565.02396643448,79009.30392853069,77114.81477198777,66925.45913761368,77682.50437766366,76936.91723786798,108298.64988310932,70052.19996597766,4
125138.00712084856,142813.54311866083,89915.48000758649,175454.19787814593,88231.9242634683,65229.118195667055,80218.71211751844,114808.93073188433,103908.02966452,76180.75772294495,73889.43569534252,68586.30550936527,80469.85631821827,78337.32108322634,108510.72323450127,74289.82249377042,4
124223.37373773739,139927.88820599177,95830.2209770943,169749.40684430682,86702.26027992491,65166.957994336844,79252.13328029314,113816.55798155762,97023.71472402987,79026.64888222801,77958.97310483136,67100.60740716546,76774.71062835582,77195.32575551579,106776.33962349173,68566.07718063322,4
125327.326396385,143346.7439826422,83406.56261522324,174640.25910380593,87107.25153771062,64122.21510675134,80878.9379452393,116974.92652832587,102774.34918574682,77229.65803499914,74576.5506716431,67815.59500880183,79923.53498024166,77622.19937112325,109283.93713044371,73533.12653698046,4
124452.43441491538,140696.72116002097,97534.42973308919,172426.47527771894,88001.00839150052,65880.60449130589,79225.49000090241,112935.56397385169,100409.35580841968,77274.18270995411,75942.08579565118,68147.96544885224,78546.73457702811,78077.10207427766,106963.17785539365,71255.64023919585,4
124780.22274735245,141606.6606767965,87218.49616986468,171328.93756973,86183.67745681733,64112.939132802385,80282.90632759409,116424.58187634729,98511.91622160867,79024.41370778247,77142.88856302363,66914.23856189712,77646.40631036834,76934.34678725562,108261.74715301361,69995.04655540545,4
125148.46773725364,142866.0250146419,89808.12457896765,175619.8019528153,88238.96506297172,65224.357274098074,80237.59934158318,114944.00232362776,103955.8847493988,76197.45447605306,73882.26078537236,68585.88082622061,80496.499597609,78338.1928012601,108564.99327003876,74325.25000873208,4
124240.78574666807,139972.6811018802,96033.84536908215,170003.25560608573,86746.56143743533,65208.57694251263,79252.49090820443,113909.89886640297,97049.9556720204,79029.5546090072,77966.93032585745,67115.67248292833,76783.96425056033,77204.89230214266,106806.62623722867,68579.44352381749,4
125391.9452896053,143481.6591121744,83509.64886065113,175118.80995259405,87123.8588838409,64151.69705768789,80919.52871317015,117227.45653718193,102759.9993658065,77322.21660878857,74681.8273880276,67826.79323277393,79934.68850072486,77634.55988580703,109417.77937624209,73531.09252823502,4
124492.48874097929,140847.26015892747,97523.65619226173,172877.06409419348,88028.56809241392,65880.64919479481,79237.17996325255,113010.46466952142,100506.11651016671,77277.64723034468,75937.79426071576,68177.64856548888,78604.82676086745,78098.80561814376,107082.84909520735,71345.49425190619,4
124812.8115907683,141677.64981718658,87402.76395115424,171580.57350880787,86195.85915754548,64134.35210399057,80285.56618518427,116496.48743826002,98458.24968317148,79058.07543493217,77201.83011315229,66908.40475659427,77611.62699599589,76931.93279885445,108279.27092066657,69952.04179907344,4
125166.46089154016,142953.97912907353,89614.06673360667,175745.88814328768,88227.18569364378,65186.42636375742,80250.18337371152,114967.00226867227,103996.14024116281,76192.11240912824,73877.00812542536,68582.3939540856,80507.49665588101,78336.3376064703,108617.25164857527,74367.20423307469,4
124229.00637734013,139974.3798344588,96092.51869827733,169952.00305604973,86762.31941727632,65208.46518379035,79227.83693407023,113798.63188250446,97090.83701262916,78989.90261434349,77934.76616558626,67126.75894817818,76790.40155296345,77225.74647971947,106777.0548793143,68612.85938177817,4
125381.23880401121,143444.9575477788,83438.61501677216,174912.12337161583,87101.57419461897,64131.55813593366,80916.01948929066,117207.42937414997,102698.91204821016,77326.57519895735,74691.0810102321,67797.3559853263,79889.62738390296,77619.51716178861,109363.9116721048,73480.2423095992,4
124474.04855180366,140824.08139992732,97432.03639173943,172722.45707779613,88037.68760415168,65869.2945086115,79223.00895726788,112934.02170348426,100581.53129595892,77224.56183726333,75871.54369015023,68188.19858887179,78640.58955199594,78112.99897587288,107069.39334504526,71406.8050869471,4
124745.91281961356,141526.01558280177,87542.03767085525,171179.5608615352,86171.1381281779,64128.83122311011,80226.84815250017,116318.29933146232,98360.70667036853,79052.9568854519,77209.89909290065,66884.80131444948,77550.71849235517,76909.93868231043,108186.01944279904,69860.82432995133,4
125165.3433043174,142911.9354977531,89517.55190104866,175601.58528108423,88216.70272549424,65185.33112827911,80273.65270538958,115038.43844395143,103998.10719467489,76192.17946436162,73851.32597104622,68573.56501502574,80514.17982747316,78320.02083301793,108614.34592179608,74366.22075631867,4
124211.3708509649,139928.73757228107,96276.49590688896,169941.09540475553,86775.86457441623,65237.74596902681,79213.37535540764,113777.57653922756,97103.33163777967,78990.88609109951,77936.35313944258,67149.64713450041,76809.44523923937,77237.0788141583,106800.94889413702,68621.04012024881,4
125346.12421347192,143388.42998605134,83466.59940083021,174816.010870458,87059.1505836428,64113.74379560278,80903.70367809579,117197.2593304228,102611.36026517872,77367.97062968859,74738.08672882161,67776.9935461275,79843.0463484581,77587.4647602397,109370.32662276347,73404.49224764017,4
124469.6229064015,140829.89285348568,97412.12098742975,172778.47054940113,88036.72647914011,65866.67935451024,79240.77859410986,112970.18682601296,100636.36012510779,77201.09250558526,75832.13756467552,68198.70390876579,78661.84606097294,78106.24874904737,107091.54392380046,71444.24425890973,4
124735.07222355274,141508.78238782674,87748.25486519991,171253.2322112599,86158.86702047194,64140.36472324905,80220.94729196398,116338.52766019436,98302.6591900181,79099.98495578587,77276.48493963301,66887.4388202952,77520.16365768477,76906.89884506451,108214.22734430163,69812.7233758835,4
125139.45998423816,142909.45445411856,89375.43950980181,175565.77778646682,88176.08960581894,65129.31765667411,80267.01423728636,114995.61250157506,103996.16259290726,76197.07449639733,73845.46981399892,68561.42801778651,80501.19346394461,78295.36685888373,108638.79873023019,74364.14204408432,4
124176.07744646996,139852.5628271774,96415.83668182335,169794.1326849619,86772.22124007002,65227.95590495538,79187.60379405068,113672.8809681989,97088.7135969059,78962.65583785246,77908.14523793999,67148.46249204427,76787.89815758445,77222.68429072908,106743.75078007589,68600.3424048832,4
125306.58397753049,143279.30876962052,83455.8482117472,174551.03093994033,87007.94273709568,64067.296870624654,80885.91168950936,117124.3479400096,102507.82698486173,77396.84908352484,74764.70765646787,67745.67875214563,79780.81909189452,77546.56106788649,109329.93702053274,73322.52840072256,4
124465.93486856639,140798.15337635917,97354.92287336862,172724.15581037474,88039.05106056346,65845.66871472224,79250.68041690355,112949.77968332527,100699.32498923839,77176.86321459571,75786.49530249779,68219.71454855378,78701.81098005903,78112.17196132803,107105.64787455177,71506.15859105095,4
124687.84298751867,141346.08403993657,87894.3458669598,170910.26704433764,86134.12363935991,64132.00517082276,80192.6276317391,116206.65236790806,98176.43888907897,79089.45728414741,77277.35665766677,66854.782921646,77436.21050551064,76865.7939870112,108091.38215677526,69698.72947916144,4
125164.35982756136,142900.87138424773,89247.60988326192,175598.56779558276,88168.44530921523,65122.567429848605,80318.11032511119,115124.0679769597,104024.1022734764,76211.42431633762,73837.51259297284,68563.99846839887,80531.36831895928,78291.2764896484,108675.4555911369,74396.61912877788,4
124185.64399309683,139849.8582660983,96552.15997125626,169945.5210501577,86798.99862992748,65255.51560586877,79193.50465458688,113693.55633182006,97120.65423973254,78948.97657024581,77897.77402851272,67170.34484986601,76811.74746891827,77235.02245366841,106756.89360581561,68628.97498953044,4
125284.94748889774,143261.44972580072,83440.6937290065,174582.83747230025,86978.86311755933,64044.095759880045,80872.2324219027,117105.32660547813,102436.68138226049,77436.85870609984,74813.41210763599,67726.85858331426,79750.53247815758,77525.97511124314,109344.80093059552,73265.71026631717,4
124443.76193806672,140774.99696910346,97258.16217162159,172656.74294909753,88044.84016237738,65833.77758667202,79248.62405641367,112902.84101996911,100731.6232599763,77116.11117316618,75709.94057773837,68201.87785647844,78696.75948581213,78085.19340577048,107044.42644648868,71512.50648647624,4
124667.43584483098,141302.2075655708,88058.1394503283,170904.16501810134,86132.55901724804,64148.321944275136,80175.46149199743,116207.30056849726,98125.99100184334,79119.5203804398,77327.17869605764,66848.5244331985,77413.25526395503,76860.45192008637,108078.17227580218,69647.16400470305,4
125132.21801903464,142897.07158769033,89066.33723572937,175569.3987690686,88141.13147749084,65079.74148747224,80307.82852266176,115093.33432833366,104031.0089625131,76210.10556341476,73830.15886904704,68547.50288099085,80530.36249045879,78270.80229172735,108699.21549549288,74399.65896602381,4
124113.11258233937,139736.89254962117,96607.3464283164,169670.61694510185,86789.16386236715,65240.98697197282,79138.11703182662,113482.4888089286,97112.13822509507,78896.80759868713,77852.91407739092,67154.45275955829,76779.62801213599,77218.14688660466,106660.55758721323,68596.87788449263,4
125256.7619391396,143146.15942790025,83409.42363851353,174285.96160244485,86947.48126834408,64034.52921325317,80872.7912155141,117101.41505019845,102340.03243923574,77444.10067130336,74826.7113955869,67678.80233273534,79680.92914592376,77485.40669505676,109250.61067946085,73166.58027965788,4
124458.40233068494,140780.29433253937,97159.85919950715,172728.0673656544,88062.94507538617,65841.62304897583,79276.5637369828,112978.34521273915,100831.35674373589,77089.82552168674,75667.96400165129,68227.91763876888,78759.21025982026,78106.62872870312,107081.48563879558,71593.48685663783,4
124656.03645515877,141257.839352827,88187.57840246898,170939.41371910737,86131.48613351419,64158.112008346565,80156.88719235506,116173.1247512251,98081.68984433293,79138.80993590473,77364.6625715092,66858.96269785914,77402.9734615056,76866.37513236703,108076.92057811268,69611.87060020812,4
125155.93321990172,142924.988916515,88878.80609974934,175671.65799995163,88133.06249774247,65059.870786651474,80336.55051428682,115169.79964611527,104045.20232024221,76204.20470287856,73810.71285137092,68552.1296920931,80552.11073781381,78264.43204455759,108712.29126599924,74413.62880630838,4
124158.19605090572,139783.02655017693,96706.02938008659,169929.3160354276,86833.64383383321,65280.03546953625,79163.66507573905,113567.96187972568,97164.41895537604,78878.34505776704,77840.86648712952,67198.55275136861,76831.12643136102,77248.56761080833,106677.45550602145,68644.08476878224,4
125254.88439260537,143161.53742808552,83354.39364366456,174392.78058919677,86919.89921568624,64008.42237572937,80863.62700028742,117088.49574190329,102287.90817116597,77484.57968051192,74877.51691073382,67688.63710029567,79674.78241619855,77483.86442468935,109283.71361299916,73136.11485196529,4
124466.65012438895,140822.69559177107,97014.5952122921,172819.95538711018,88072.60102899087,65823.89811562278,79283.85040567523,112960.86614857509,100901.13888992535,77043.26683798633,75604.12741948693,68248.57065064558,78801.61151905198,78112.55194098377,107074.46719103662,71656.11644460159,4
124622.71000417591,141183.9221339133,88286.4401681948,170772.37913279285,86120.80199966455,64154.44632225589,80120.02916574826,116056.87332831304,98000.55301196016,79136.0830230812,77376.19607164814,66849.99964833255,77353.71021672609,76851.6900362599,107990.86636195975,69541.30614296271,4
125174.37340907735,142942.9373673126,88690.02326607982,175652.30138925332,88126.6028435949,65044.850414377506,80367.68649431306,115261.01711523738,104055.79704711403,76202.05893541085,73787.73525807087,68543.99365711136,80558.48098498357,78251.17746009558,108699.81899259318,74427.95627450422,4
124173.30583015751,139817.71645757157,96787.099157226,170078.87155757804,86866.34443597132,65303.92948435897,79163.37450306112,113597.30972019551,97223.85224388269,78866.07395006108,77828.28245500117,67230.80631861763,76876.3440103941,77275.72498032152,106701.41657607754,68703.62981601118,4
125311.70252701076,143257.04643214305,83376.2760014863,174700.76527604644,86932.88557921477,64031.9140591519,80908.15167524239,117308.05692768776,102246.42333345691,77535.51930612557,74934.87148700614,67686.64779503916,79669.66386671829,77483.57385201142,109330.09348274392,73117.33938662284,4
124541.50611656978,141009.5785271619,96933.10075200806,173334.53724796025,88116.7457242901,65840.79603443098,79330.5208480979,113151.4594735455,101015.93744944781,77034.77317509332,75587.2965559121,68289.72021218779,78884.0671043476,78144.62669427713,107191.12094534886,71768.3892570006,4
124689.72053405292,141343.5135893242,88470.95381867336,171293.44299953498,86156.60949428195,64193.58422679714,80140.50336366933,116216.95652210194,98003.36933176153,79188.1402359176,77454.96361910863,66885.49421852759,77387.70722004262,76889.5985948561,108098.08768011186,69563.45672171793,4
125232.46559291669,143122.1760060997,88527.66019435647,176039.4559549637,88130.04501224101,65028.28777173612,80400.8788348292,115402.97304427304,104078.66288169181,76213.48067682752,73796.60890061961,68549.51453799182,80585.95127891914,78255.89367817565,108786.07437444621,74464.68019064429,4
124217.58463592347,139951.84927604787,96874.7626989797,170387.79501769485,86906.59992773533,65329.097548615646,79167.39781706307,113645.5224329856,97280.40215735462,78847.87963007446,77821.59928340904,67263.75278994475,76918.92408358146,77310.59370167181,106750.36689643466,68759.21860447152,4
125322.72193702722,143319.65366836236,83354.68421634247,174721.21712222305,86917.75344821853,64016.44665198883,80895.43353264732,117310.96265446696,102174.40601282193,77565.67180939578,74981.65368815108,67674.75666698893,79638.05850005848,77480.26579383205,109341.26935497158,73066.22094705355,4
124548.12223292855,141089.17308916725,96802.96889578926,173351.6139807241,88132.81662855347,65823.80870864495,79321.98248171598,113120.65876968608,101102.2598865342,77003.927767745,75544.26944783563,68315.06709040012,78939.07474745212,78175.04741848081,107230.23649814565,71849.97312426247,4
124665.98298144138,141294.18328931133,88612.68623026446,171043.5728482691,86162.35389260696,64208.53754383774,80108.4062586315,116144.31335262221,97915.23640337425,79175.04211366679,77463.97137212413,66863.16482581674,77326.95517861309,76879.40619938448,108001.61755104274,69480.84467421111,4
125229.93984579324,143147.9475674567,88371.35444538051,175936.7273374471,88124.01004123809,65003.72320457974,80405.55034942036,115430.28687599742,104100.38877730236,76224.12010718824,73794.17256047399,68547.18995656847,80604.79379949496,78264.36498932421,108819.35612194016,74486.4284379993,4
124208.33101371897,139938.41587763024,96999.06074989567,170286.07222867873,86942.60858805283,65352.63393552708,79155.61844773513,113618.45447045023,97299.95993375301,78817.1012779595,77790.6644690829,67267.5302347577,76923.3050254947,77324.67530067865,106713.86649773915,68765.05240977436,4
125311.76958224412,143312.38935141437,83400.19236805348,174660.979170916,86906.77874169097,64012.3115792646,80890.71731456726,117350.27937296384,102117.11849178297,77622.825219968,75045.08793891525,67660.69741972655,79618.70188936018,77480.91399442125,109372.02535534208,73022.79150757688,4
124551.20677366338,141137.4081537018,96758.15364815637,173413.03657448728,88153.67080613028,65822.1323278108,79334.7229760555,113170.70432552151,101174.41131763594,76986.53811055877,75506.85262761744,68318.66572125742,78977.18447174842,78185.66449709708,107266.64748986335,71906.67949994559,4
124651.1190713786,141278.31355074808,88840.49520975295,171039.7283482228,86169.14882292139,64230.24108770384,80094.21290090238,116161.27832666379,97850.12577177594,79205.55224484828,77508.58545405691,66846.15514828624,77288.68899210561,76876.36636213856,107995.91785620665,69423.87007759453,4
125227.0564707585,143212.43235021023,88289.56941241854,176062.27708605255,88110.86721549837,64980.164465923845,80416.92738734811,115512.54129559295,104118.04665542206,76262.18512799563,73826.04614806725,68541.87024138811,80622.6304915703,78265.30376259134,108919.7154545445,74517.69852849228,4
124126.72479471265,139875.24984779954,97111.44532101696,170093.73546764083,86930.00220418003,65325.9683043919,79089.63609810306,113403.69890972364,97292.20387842703,78783.32779208754,77769.47501533927,67256.91315614143,76897.84638856011,77313.54413193991,106689.61485500513,68754.54708988036,4
125225.87182830238,143153.91548322624,83429.89783643458,174164.14459516344,86851.25700846399,63973.397192167904,80850.73004373671,117214.02313876429,101966.4677341542,77619.15953387732,75053.33573261926,67585.32733742325,79500.28234723596,77413.54583663295,109252.62233646183,72879.24860468491,4
124553.64311380901,141119.07972324846,96733.29850832207,173351.72573944638,88166.90303884781,65834.4928424946,79370.37400846172,113271.77891394841,101234.78337940972,76959.60425849012,75467.312391676,68316.40819506743,79004.05126858369,78180.12126447217,107285.35589997243,71955.89804123617,4
124604.20275976692,141192.30403808405,89038.44225864914,170912.50221878316,86151.89327620188,64231.313971437696,80059.18771734092,116065.92578481745,97784.38929133289,79230.56384689377,77561.11205352689,66839.06964529392,77255.67546554512,76860.85425148657,108002.75749000997,69372.9304519809,4
125194.73584827613,143145.6006342889,88154.87780033085,175852.48361259504,88073.83037493592,64944.312267817535,80418.51436120443,115477.13613237574,104076.47241073518,76250.87514530125,73808.0753455252,68506.71094735991,80589.03581965397,78218.76743063539,108890.9040559416,74479.38763849589,4
124150.81997523547,139863.13520230475,97261.51493328989,170177.68861981496,86960.69114931716,65369.88948224658,79114.80416235974,113481.6841461282,97333.84517834726,78772.82247219354,77766.2563641377,67276.67209823991,76934.43619423345,77323.04362333342,106702.69062551149,68795.02609908892,4
125250.92813383677,143162.49855309707,83493.04151452082,174295.37168686054,86832.32508091033,63980.393288182415,80871.83009050251,117308.77218351033,101895.32213155295,77677.85521481695,75129.08579457829,67577.23600593043,79482.91504179419,77396.89378701375,109301.90793298578,72840.87065945515,4
124557.55466908868,141150.6180346749,96626.81479773698,173449.3358074827,88160.97982656716,65812.20815327266,79374.12910153021,113235.50203269745,101296.94358073993,76935.01733958928,75432.51072555908,68332.85907898654,79047.2571906158,78180.81416855028,107333.836833696,72024.31673101387,4
124592.02105903877,141138.52574092458,89201.05119956151,170849.73852035266,86141.32090107452,64240.83581457566,80037.32771126363,115993.84140894907,97718.29518297855,79244.35487322269,77592.27038529758,66835.11338652532,77230.19447686608,76856.60742004006,107974.86251292974,69330.32802704908,4
125218.36164216539,143156.41887860524,88002.64006884577,175853.89177249573,88051.8809618808,64923.79336640756,80448.77862319692,115539.5198511505,104070.23627403216,76253.44559591361,73795.17838897448,68494.77511582078,80595.6742877572,78201.04249728234,108907.73491951644,74493.60334796946,4
124152.87633572536,139833.83206532383,97327.83255908878,170143.2669333538,86972.98460876758,65377.62318582812,79106.93634831147,113418.24989536405,97356.73336466949,78733.95278858577,77720.70350893779,67288.16089488994,76949.07658685168,77324.0494518339,106679.48951476689,68822.13876511321,4
125230.96802603819,143091.7776336405,83468.67811306455,174122.48094349873,86796.7411037375,63953.839415769515,80853.99339842718,117242.83453736718,101811.92777299021,77701.68217440632,75152.86805067874,67555.77833125333,79446.77227100996,77371.39044659025,109281.00905192007,72785.72890588391,4
124563.81315753618,141122.18661572775,96491.36322633782,173342.89680038654,88167.55123943702,65797.97009205462,79388.32245925933,113220.14638425666,101348.33024124269,76885.68703957643,75361.40982644676,68332.41204409744,79074.414560129,78171.82876727925,107307.57353396101,72073.15529264872,4
124580.84518681112,141047.0847543579,89345.17524780933,170687.62131781832,86143.55607552006,64255.90089033853,80026.35300473607,115966.43817024687,97653.11749614686,79249.09344304723,77610.2188360952,66823.40107243074,77194.5210927154,76844.44807105638,107909.10368074224,69275.29803220011,4
125273.95043062574,143226.44689398372,87869.89305852569,176076.85042343743,88060.17345907372,64926.52027923111,80506.46847563607,115757.94109796776,104110.51411754062,76291.62237544327,73815.16084851752,68505.54865664824,80637.96378826664,78211.07843054277,108991.55396122385,74544.23004916073,4
124214.27657774408,139944.60731084435,97451.39300243772,170580.19883396613,87025.15358032628,65423.77953812833,79139.97222661642,113576.0085077296,97436.30557493039,78740.39009098889,77730.49357300921,67332.68556984492,77008.93455850298,77365.06490290939,106767.46598094297,68903.90144633072,4
125264.09331132095,143192.91927730077,83504.50795942641,174482.679305396,86790.70613273456,63955.22522392574,80866.62213404443,117358.3036492233,101768.81125793591,77770.92787872886,75241.00097906601,67567.20007266999,79442.07840467435,77379.8617577388,109382.75419268063,72774.1283505116,4
124598.03367829724,141258.37579469394,96391.76385304498,173691.76282784497,88185.43263500127,65790.50460940655,79408.88606415821,113294.73415550402,101431.03169572732,76869.19145216841,75333.26898017753,68356.37311415352,79124.21424677542,78186.46915989748,107394.16419198088,72161.10940708035,4
124608.27077725779,141107.90385102082,89529.15245642095,170903.5838727455,86159.7834419946,64280.91249238402,80031.51625770525,116017.51190632724,97606.00001883508,79267.62303920067,77647.61330456893,66828.69843586665,77173.44339769405,76846.92911469092,107932.26008799793,69251.76164528867,4
125265.50147122164,143264.24369385766,87699.3492483317,176063.2158593197,88029.43981044767,64876.45237165122,80501.9534232561,115693.63512916985,104095.13611735537,76289.40955274219,73806.80129609125,68492.89756928654,80631.4817823746,78189.77721807685,109030.17777564262,74546.01818871715,4
124174.53517610255,139880.05547285744,97488.98863661154,170314.16837145906,87027.61227221636,65407.93215130951,79109.12681926809,113380.67661293467,97442.0052697665,78681.96263098271,77678.0340287726,67330.2939331882,77008.30870965823,77352.39146380323,106707.1386226581,68904.70610913112,4
125239.77461335357,143083.39572946975,83497.44480817852,174084.28181222462,86765.40395801116,63942.23886039721,80868.54438406759,117296.25520661536,101664.22744562954,77776.09113169803,75252.13214780476,67522.5859907372,79382.73452314551,77341.84144042032,109289.05567992399,72682.37443952257,4
124594.01036429529,141214.00758195014,96252.60189206623,173480.13651134213,88192.89811764934,65780.53573137948,79433.87531445925,113276.45042853957,101488.72154816646,76824.95734989135,75271.62286896979,68352.55096585167,79162.52513677182,78185.48568314144,107382.22836044173,72210.48441058212,4
124573.33500067414,141003.70001837017,89662.92764698598,170659.52517503803,86163.15855540735,64293.96591114592,80010.57267315063,115915.58795161104,97557.98847174508,79275.78142592686,77685.09718002047,66822.8199270749,77161.61932487719,76850.4383385704,107903.00165450593,69214.90361868187,4
125252.20218327073,143228.61501319587,87535.13098181855,175918.39890699374,88010.84315906087,64859.17447318727,80522.2041037326,115722.7147487062,104087.58122772948,76296.98679411254,73807.11422051361,68471.03756320925,80627.99491023958,78178.10960747118,109024.8357087178,74547.11342419547,4
124147.33310310043,139826.38893442022,97531.8145789879,170213.9878528104,87042.34207181241,65421.432604960515,79097.63802261806,113327.30064717539,97475.86816261627,78648.0103311551,77647.14391793536,67327.90229653148,77019.03754699678,77364.68492325365,106685.435078792,68934.29981878994,4
125208.3033571605,143019.58149904985,83492.23685172044,173956.38513045135,86735.94435881906,63931.28650561411,80861.12360490843,117292.74598273588,101592.09836627226,77811.18337049287,75293.48287504708,67494.71336540143,79342.59079010377,77328.6539111917,109276.29283384,72630.60779936406,4
124621.01127159731,141266.86945758696,96106.66735251753,173630.60845501526,88210.60069925794,65786.68246110469,79477.64003010275,113377.010926844,101593.0818430283,76808.70763167234,75228.64046438223,68372.06403876115,79225.93703579153,78207.39039270763,107430.86575637649,72306.03811812856,4
124527.89390419649,140922.58553774186,89726.2277872834,170493.742286413,86144.45014529827,64285.896931397554,79972.59705932105,115751.74966475365,97515.27428809098,79270.03702760185,77687.64527888838,66814.01333975952,77132.58440882975,76849.54426879219,107845.7588369559,69174.55871994003,4
125292.01064014563,143254.67714723077,87332.13243867546,175938.06844211443,88008.85385380434,64859.66621156529,80587.4711975421,115864.89419518641,104110.2235448627,76293.25405278851,73778.03460097726,68460.53224331525,80649.27377096102,78178.46723538247,109008.00484514295,74567.07353199406,4
124179.1619872048,139888.39267353926,97543.90687273824,170431.73854729396,87080.38474087534,65454.4014280321,79124.1248397976,113356.8049498564,97582.30716971245,78628.98899662364,77618.64544375485,67377.7019831779,77100.196731114,77419.26788321351,106729.64682932459,69029.71941586965,4
125248.35768322441,143069.8729240743,83494.7625988439,174104.4877892122,86741.55464667734,63958.35446814948,80895.61234660297,117401.77779218886,101542.43279009257,77837.58078069458,75326.45169811866,67488.47722869841,79325.89403699565,77335.4041380172,109263.82056043395,72590.86639772254,4
124634.75759443732,141369.68748208135,95972.3557200856,173855.534059469,88231.11960066791,65786.86127506034,79485.84312031783,113386.4657147486,101703.67827459316,76790.96034657484,75194.21877792107,68407.73742291181,79298.62490876019,78246.10361410423,107501.65373106644,72401.16714253035,4
124560.70626505688,140989.84193680788,89962.97746455402,170737.21983876466,86189.35479990898,64354.58384210871,79984.28702167119,115889.27994838715,97484.29477027593,79288.83484468875,77721.41876476035,66824.60806663134,77116.42409758856,76864.98932421081,107838.20394733,69139.95821952322,4
125258.93005835178,143311.98702001417,87225.06758273454,176032.07987929345,87984.19987967014,64828.329065838945,80553.92122911468,115836.99921810618,104108.70362623975,76324.72530898158,73802.19683673345,68457.76062700279,80644.02111101402,78170.06297946727,109078.32343319934,74565.91124128237,4
124184.25818494061,139935.21957817313,97728.50993019462,170575.12498797476,87123.99299430764,65501.138925688145,79124.28130200879,113433.11380542682,97610.67153342624,78614.3039005165,77604.7650104481,67390.66599496198,77097.80509445729,77421.81598208142,106731.45732062547,69039.12950028533,4
125242.25565698811,143118.71148570915,83640.11599303676,174278.0937883966,86728.47887617098,63965.95406126429,80884.12354995294,117491.27417698792,101487.71571966598,77928.1500492275,75434.56708604898,67492.70170840046,79299.74249598295,77334.51006823899,109360.87183485889,72549.76153966923,4
124651.9684376679,141480.4403758574,95956.37422280005,174131.42164128085,88243.56952232952,65786.30248144895,79497.73424836805,113491.9883003221,101775.65089173925,76802.35973624703,75191.26834765296,68427.20579233239,79326.5198858404,78250.88688741767,107600.80606947019,72463.93084096085,4
124518.66263373646,140962.19282891665,90203.45988314867,170697.81371328994,86173.95444797927,64354.695600830986,79931.69336696784,115790.6864035948,97402.4426820806,79320.6190253042,77773.2077566633,66810.48176413558,77049.77119562283,76843.71046348935,107831.99016237142,69065.39280002032,4
125281.99705862965,143372.06850911005,87184.92384969282,176127.09714497294,87976.77910051098,64820.72947272414,80581.14565386125,115979.71510645332,104092.90094290984,76370.68049558169,73836.17148830551,68443.79078671822,80627.45846837264,78152.4945083254,109136.46032052759,74556.18823244431,4
124169.39427487782,139967.1378692553,97875.2491325437,170675.6854862792,87142.25436952763,65505.899847257126,79089.65844984751,113380.69896467912,97663.91338871878,78623.42341225427,77613.88452218586,67411.9672074279,77120.29094937933,77439.4738602011,106802.53586799334,69086.04581189703,4
125196.32282213245,143061.78159258148,83746.42088966619,174110.4333532373,86692.04553270883,63943.28939238661,80837.833087186,117423.48133605497,101366.9268926295,77973.32292477167,75486.7137058632,67450.47926312438,79215.31995717525,77292.01940202944,109346.0079247961,72445.33418957403,4
124616.47386747289,141444.69993647336,95897.67854186041,173964.67762764427,88233.75710651364,65760.19564392515,79477.4612161471,113444.51319509903,101791.90060995825,76773.5706893886,75141.22279181752,68404.85404787709,79312.08065892228,78220.89084635864,107598.83911595812,72469.18350090785,4
124481.67049666292,140887.02391231345,90456.23576119373,170580.04237175494,86171.47340434474,64368.37486843763,79896.75759038421,115741.84784195994,97349.29023376587,79354.86189780974,77826.31550148911,66808.35834841232,77019.9763202639,76837.27316108622,107855.23597660495,69019.45996516466,4
125252.42570071528,143328.10262776646,87106.7597993326,175984.80593977048,87937.55178899191,64781.45745771617,80574.23896482456,115964.2253475458,104055.86410234739,76395.87091158282,73855.46104377044,68416.92398988295,80595.38371507928,78114.11656309564,109171.79842851144,74527.10861290796,4
124147.22134437817,139894.98643815357,97979.90000008345,170519.89382742572,87146.23298004067,65506.39158563514,79078.28141191977,113313.08493770182,97670.32833937745,78593.42737119524,77586.14600731683,67407.7650794703,77108.62333877366,77421.3242437034,106781.74874564991,69084.7047072297,4
125176.72034224516,142974.6991961836,83805.04951537246,173906.36192636038,86658.38380555915,63923.418691565836,80837.78838369709,117395.8545799082,101275.93294095194,78019.38987009405,75552.31607583954,67424.61829478959,79159.50765127035,77266.3372476503,109339.41416018178,72375.86496780693,4
124641.77604219629,141463.90008496048,95761.01997626066,173999.79221818355,88239.52385658311,65745.44349258464,79522.79055390247,113493.73173638961,101879.38533775632,76762.64068634996,75117.79816362837,68418.66742595047,79361.54506940188,78233.98896860945,107653.01974451778,72554.120129838,4
124477.44601696086,140818.6946295136,90566.85454450305,170454.62673361623,86166.13133741991,64372.6440516286,79898.27750900717,115653.49139612811,97304.29617217735,79351.19621171907,77845.89562963195,66801.22814193107,76992.46132283943,76840.33535007661,107817.52858370884,68990.31329039494,4
125231.14683999383,143255.14653386435,86845.2443892055,175708.65013702514,87887.08155001182,64723.90171574375,80583.80551145143,115847.72805544474,104034.58524162594,76374.99438226156,73833.19870629295,68397.05328906218,80581.03389513897,78100.37024025562,109130.9617913916,74521.43126981631,4
124163.29224864153,139828.13237048776,97928.17806341387,170360.74940690392,87161.1192418479,65518.93091427457,79112.03254604728,113263.01703012193,97723.3690289699,78525.23219886211,77515.51449483806,67427.18874540196,77146.28602818085,77444.34654049236,106710.7372535154,69132.0680537305,4
125174.90985094427,142869.28836933238,83713.96615671708,173666.34889439927,86624.92324410955,63908.21950533623,80851.66881700383,117309.30862537726,101207.49189942979,78019.47927707188,75565.50360506817,67426.09350992364,79151.41631977753,77264.59381158279,109284.3394618439,72334.82716498699,4
124679.41637985903,141429.94778513286,95505.58424062542,173899.25407162358,88248.44220262078,65741.71075126062,79578.62521155181,113505.44405048419,101948.72044905668,76689.08109534754,75024.14435436063,68441.98029541735,79425.73927947752,78244.717805948,107602.63891251551,72626.4950783843,4
124502.1893980729,140760.46833520752,90630.84758887859,170434.01842522842,86183.11866320595,64405.63522644463,79917.1647330719,115635.9452767307,97299.04351223035,79346.90467678364,77846.67794068789,66841.14835752826,77032.91798030352,76869.03498995722,107788.96305429496,69004.19372370168,4
125320.59852130397,143341.55837792854,86656.48390728045,176000.22864344463,87905.87936709874,64746.99106776608,80671.31259099396,116078.01807856777,104070.72801241017,76397.4802371836,73827.0743283122,68431.22910633434,80648.82673607192,78121.49263876589,109188.74105080856,74578.13764549943,4
124182.53710061756,139890.18081309568,97908.86615620449,170611.9159593482,87191.45055907375,65530.978504535975,79109.12681926809,113203.36022417071,97816.2405271817,78504.1768555852,77479.17055835374,67488.72309788741,77235.51419204644,77490.92757593722,106773.85857985719,69231.30979911206,4
125189.12556041784,142871.38943331115,83705.67365952417,173675.87073753725,86616.00489807189,63920.624723508925,80866.59978229998,117336.04131174581,101124.83514843407,78038.1206319476,75577.8864714964,67409.84379170464,79111.02671754679,77250.75808176496,109231.8352141184,72270.52119618907,4
124698.28125217931,141511.73281809484,95315.50500577748,174042.03701520409,88258.20991494774,65733.15003313422,79603.72622057513,113527.68403621722,102054.35479335247,76671.49027246122,74973.36119095817,68472.3563161321,79491.07342852038,78271.98693418347,107655.00904977431,72719.88066671857,4
124474.24971750376,140714.6696108186,90722.53444463426,170291.190778159,86181.91166900536,64416.18524982754,79892.98014557126,115522.15254570873,97250.87550292916,79324.70939453953,77833.93744634837,66827.93847655517,76988.66152628203,76866.28572538921,107703.35587303113,68951.44360678716,4
125311.09902991046,143332.4835696797,86444.7011285664,175836.77033624297,87881.42655866464,64720.81717500892,80687.29408827951,116062.30480221567,104068.78341064256,76393.23340573709,73816.70311888494,68410.41963224646,80635.2368754431,78117.5363799973,109163.77415225198,74573.08615125253,4
124220.55741793603,139941.27690092052,97923.2159761448,170719.6960711117,87239.30564395257,65577.47013300302,79154.2773430678,113298.95863520607,97913.8058917291,78467.1176632783,77446.51465970452,67511.00778710935,77280.39649491268,77531.67480607925,106764.09086753022,69304.98114883676,4
125178.77670273503,142874.98806416846,83699.8622059658,173664.18077518712,86603.73379036592,63917.00374090717,80861.16830839733,117329.71576806495,101071.07920301905,78065.680332861,75636.11276580248,67396.05276537572,79081.07537997668,77256.16720392313,109226.64960940476,72227.22586717915,4
124708.183074973,141584.46539455242,95143.463628705,174150.71119674577,88277.96885704623,65727.00330340902,79622.16640975076,113576.07556296297,102144.78995141864,76635.43690865481,74934.5362108393,68478.50304585732,79534.88284765279,78294.15986468314,107680.80296287572,72796.12246705563,4
124465.30901972164,140730.04761100383,90894.06173158428,170371.21002330902,86208.46554141826,64447.70120950952,79874.2493837177,115537.28467670498,97233.37408702065,79325.98344397348,77866.21336534183,66827.64790387725,76972.72473248538,76886.29053667671,107691.91177987002,68937.71963569161,4
125296.83861694798,143386.28421858363,86328.31559518763,175916.0743255704,87873.22346844953,64702.37698583329,80683.82956788893,116131.4163960715,104063.12841929538,76405.4374582097,73831.924656859,68387.01735580176,80619.92593049121,78108.57333047072,109194.21722820011,74574.51666289767,4
124188.30385068702,139968.0766425224,97994.60744793505,170771.64152522583,87265.18896403181,65586.0308511294,79119.69919439545,113264.76046618944,97962.53269464168,78429.4102703822,77412.38354592127,67511.0301388538,77282.98929726951,77539.4532131497,106767.30951873178,69343.2696870887,4
125148.98182737612,142876.10565139123,83799.03689611399,173666.08067346583,86588.82517681422,63917.29431358509,80834.50267726215,117360.58352715774,101000.47004228474,78100.54905421127,75689.42167632839,67361.72048589237,79019.63043446904,77238.75519499245,109233.06456006343,72169.35720078436,4
124694.682621322,141640.2777004573,95046.72527870242,174235.96075009834,88279.68994136929,65714.03929162494,79620.19945623868,113612.50890642512,102212.91806851841,76612.2805013991,74900.91918717852,68470.03173470875,79544.80702219094,78290.15890242564,107722.77953896279,72852.11358691617,4
124440.76680430971,140712.97087823998,91100.48009162904,170359.3635987477,86212.66766937586,64467.01311671891,79849.12602294995,115513.9718072381,97193.00683653436,79332.84542952126,77892.23079588781,66813.70041533714,76930.2564180203,76878.4450743729,107671.57169241569,68899.27463522847,4
125321.85021899347,143456.5133996622,86243.5130767242,176074.07880712496,87859.90182875417,64691.49168628355,80718.2512543501,116276.61332805316,104060.53561693855,76439.8367929264,73863.7311892189,68372.7345910948,80618.74128803507,78099.34206001069,109261.1383510993,74584.91022406939,4
124182.26887968408,139994.71992191314,98058.51108533276,170872.73846539718,87281.55044097311,65587.97545289701,79107.67395587849,113227.29894248235,98007.63851495249,78393.8486449538,77380.39819960573,67522.60834248166,77302.18944575661,77545.77875683055,106788.70013817551,69386.98969924328,4
125152.24518206659,142871.970578667,83888.37681870184,173713.13109554423,86573.00014173987,63917.40607230736,80834.70384296225,117405.97992014646,100917.70153256673,78138.41290931856,75747.24563923427,67341.82743332714,78984.58289916311,77223.51130527393,109250.76714167204,72115.04246175796,4
124716.8332000772,141695.9558958955,94932.82078895817,174367.88074587355,88284.89789782738,65703.69043394213,79644.51815420606,113679.56413979104,102271.8372669026,76582.575033018,74859.65786691403,68471.14932193153,79581.37447611982,78285.08505643428,107767.28186217332,72914.43025045756,4
124428.9203797484,140686.81933722727,91289.06175959847,170377.58027047876,86215.19341649931,64482.636986093166,79825.81315348306,115473.47044628506,97155.85823724965,79331.28080740939,77915.81188628815,66809.92297052419,76913.04557478972,76873.84061501511,107668.35304121413,68874.46419888308,4
125308.01448917562,143439.41431515387,86136.85055218346,175994.70776256415,87824.27314809241,64658.232290534055,80714.27264383706,116272.1429791621,104020.12366296336,76441.84844992739,73864.08881713019,68341.55390757966,80592.29917434444,78063.89219330456,109271.50956052657,74558.93749701232,4
124196.14931299083,140016.22230007916,98161.97731041639,170981.9043853169,87302.65048773891,65611.71300550854,79113.68657513698,113255.43978875158,98070.53632384972,78372.05569410989,77356.41477780518,67544.53540379231,77344.72481545506,77557.42401569177,106829.58147878427,69448.00996160627,4
125128.2394085216,142808.7598453474,84010.84202657247,173560.8039570813,86539.80780122374,63913.40511004986,80817.33653752047,117366.97612607195,100797.9855892641,78165.7043892985,75787.67994495391,67310.95967423436,78910.48686629378,77179.50072044143,109215.07140577691,72016.56067568787,4
124738.4920404544,141746.53789359785,94870.54882890568,174479.5277094278,88286.52957517262,65696.22495129406,79667.11576785038,113752.83315811554,102341.48530262534,76587.53712028707,74840.48007017137,68490.77415356328,79629.78835461002,78288.23665240248,107854.8112934603,72986.58168155928,4
124436.02823448519,140669.42968004104,91556.29921630613,170427.0223292139,86222.41302995838,64511.04605329586,79815.95603417826,115479.43836205464,97097.9672191104,79350.48095589649,77946.76905235875,66808.11247922332,76878.8474057731,76862.10594917607,107674.11979128359,68831.30298033988,4
125313.98240494519,143469.58917016856,86094.38223771838,176071.0613216235,87793.18187155508,64627.56569714138,80720.59818751791,116314.74540409392,103989.3453108484,76494.53151160855,73905.8418757727,68333.03789294219,80579.04458988245,78043.03801572777,109352.28876498804,74549.37095038545,4
124195.34465019044,140006.40988426327,98276.23942807192,170984.2066149958,87311.09944714302,65612.36120609775,79107.20456924493,113218.78292784488,98093.69273110542,78350.06157756587,77324.76470765648,67542.74726423589,77336.4993734955,77542.73891958463,106827.12278689418,69459.05172336719,4
125113.68842288118,142766.0009582044,84143.8125543371,173512.52418905785,86503.55327171723,63892.61798770643,80793.46487444222,117338.5447071248,100711.70785566662,78235.4641837435,75867.43096917045,67291.42424958042,78863.4140924709,77158.1101009977,109252.19765331718,71951.62885804521,4
124739.72138639944,141742.7604487849,94789.0767203661,174455.25371494936,88273.7890808331,65668.62054689176,79676.03411388805,113763.98667859873,102361.80303833522,76567.33114329948,74801.74449703032,68473.04922021023,79625.13919176332,78261.1686898671,107863.64023252013,73003.0325654784,4
124364.68146618384,140539.90132092254,91741.3046051627,170155.49333757084,86191.1429394654,64483.262834937916,79744.81043157702,115261.73237105994,97026.97807872035,79354.90660129864,77967.77969214675,66788.37588886928,76829.91943716042,76838.94954192037,107632.97022974138,68767.84637783127,4
125278.6219452169,143355.57292170203,86005.64581223081,175725.3245383888,87744.38801340915,64586.304376876884,80715.12201012636,116284.01175546787,103903.8722400513,76490.21762492867,73898.6446140581,68276.64444168145,80516.54911238542,77987.2033580784,109281.07610715344,74472.43624597028,4
124141.40989081978,139901.0661126454,98331.26942292089,170755.0118273511,87303.11987437247,65591.90935992115,79068.89367924853,113087.19820823648,98127.64503093304,78318.61267311724,77294.94748055309,67547.7987584828,77357.44295805013,77543.8565068074,106814.18112685456,69490.09829641561,4
125068.89552699275,142631.39875309455,84253.80548880166,173224.2313890733,86469.46686142289,63881.330356756494,80778.2209847237,117324.46310811795,100578.75967964646,78252.29504731834,75901.80795214271,67239.43409197737,78779.70680948578,77109.40564982958,109168.02098369849,71835.98093223345,4
124724.7457176144,141728.18711140004,94687.33157960554,174443.09436596566,88268.67053135282,65644.61477334677,79684.41601805878,113799.97298717177,102421.50454777534,76562.52551824159,74783.70663925489,68477.54192084575,79660.07496834696,78257.86063168773,107912.724663344,73061.30356327338,4
124368.0565795966,140513.6156694431,91979.35068361172,170238.15008856656,86212.1535792534,64523.36186449073,79751.20303049125,115344.05384588885,96990.9917701473,79373.86088059675,78004.99534666483,66790.1640284257,76803.76789614772,76833.69688197337,107622.75548252529,68736.86686001622,4
125294.98342215818,143436.32977441905,85953.76741335004,176034.38210897235,87735.87199877168,64576.022574427436,80736.13264991435,116434.79662356336,103912.72353085561,76559.55273622903,73965.16340555709,68287.99912786474,80534.51991492748,77986.24223306683,109412.63847501737,74497.76077243815,4
124145.00852167708,139970.1777065012,98417.45774954054,171038.40959529992,87330.0090229522,65607.37676708422,79062.03169370076,113122.49161273142,98179.27756062479,78307.6379665897,77278.72011407855,67567.60240407019,77372.44097857965,77543.16360272928,106865.05369723483,69534.19828822593,4
125071.19775667165,142661.3277389202,84379.53405136276,173412.38837389808,86456.56990487217,63888.43821149328,80767.64860959633,117378.82255063327,100502.33906535376,78316.98099577201,75977.91564201303,67234.13672854146,78736.65734966485,77090.60783274268,109220.30171397945,71781.6438414626,4
124709.50182789587,141763.83814380624,94561.6700722778,174524.61117799417,88255.63946433539,65617.45740383356,79677.7104947222,113770.71455367978,102455.52390283631,76548.73449191266,74750.02256036074,68477.34075514565,79663.60654397089,78236.2688465439,107956.55643422085,73095.30056658991,4
124323.66601510836,140441.6877557859,92146.8993600487,170126.2572558233,86198.85429130249,64518.980922577495,79709.42762010427,115217.38651006062,96931.67024036292,79375.60431666426,78011.70087000143,66782.02799344397,76759.31027642611,76811.52395147372,107590.03252864273,68691.58222574976,4
125283.33816329697,143382.57382900405,85838.38770847175,175860.88786851024,87699.95274543199,64543.29962054487,80753.79052803403,116451.11339701575,103839.96860265358,76559.46332925122,73948.24313500442,68246.42488317787,80477.03122818843,77932.7992120742,109372.13711406436,74441.94846653324,4
124156.0055799491,139948.4294591462,98450.91831099014,171033.4251562864,87351.39964239593,65617.233886389,79082.48353987737,113129.77828142385,98225.76918909184,78272.09869290575,77234.88834320169,67581.21461644347,77393.87630151228,77543.18595447374,106866.93124376908,69579.25940504782,4
125034.13856436475,142557.92856906995,84410.44651394445,173186.54634792166,86420.94122421042,63855.71525761071,80742.03351045055,117258.36899976361,100403.45494788348,78333.3871762022,76010.32567147323,67209.12512649597,78681.60500307144,77057.86252711565,109187.2211321856,71703.7703637803,4
124757.06634009676,141790.32496098577,94412.22630884961,174593.34279219422,88270.25750520916,65613.1882206426,79733.7686698161,113894.96790110684,102518.77933964484,76514.13399149585,74695.95369052335,68483.08515347066,79705.47136133569,78229.38450925166,107970.10159136077,73150.91170679471,4
124335.66890188085,140419.78304621973,92290.97870480761,170178.44857912645,86215.95337581079,64536.72820767501,79704.77845725758,115201.42736451954,96912.53714710918,79367.28946772689,78025.64835854154,66792.84623776034,76759.0197037482,76812.10509682955,107585.51747626276,68674.79606566383,4
125270.4188550018,143362.16668631634,85669.67674132308,175783.26026001695,87667.38625376062,64498.03733802287,80741.49706858362,116389.62374801919,103807.4021109822,76565.58770723197,73954.14399554062,68230.33162717005,80461.16148962516,77907.11705769504,109383.35768978093,74418.05445171052,4
124141.7004634977,139905.5811650254,98445.55389232087,170912.21164610525,87365.3694826805,65616.76449975545,79069.72069379338,113045.78042576081,98264.46005874396,78209.44675319752,77168.23544123596,67583.8521222892,77399.39718239274,77533.73116656914,106807.45325177352,69600.29239658028,4
125017.62062521228,142486.33593157958,84476.29475310979,173028.40775590038,86400.2435088448,63857.838673333965,80736.49027782564,117256.24558404036,100311.36576072763,78354.8448508793,76043.20508756698,67182.95123373882,78618.21545579618,77029.00642502385,109133.53224200396,71621.96297907388,4
124760.68732269852,141807.04406583836,94258.24514129701,174613.6605279041,88271.17392673182,65599.75482222496,79754.1758125038,113937.50327080527,102579.84430549674,76489.59177608392,74652.43484406888,68488.62838609557,79726.41494589031,78224.46712547149,107995.11319340626,73202.36542253083,4
124321.69906159629,140384.62375219152,92463.31065455802,170184.50590187384,86223.57532067005,64558.118827118735,79688.30522159401,115166.89391933609,96894.67810328938,79370.57517416182,78046.59194309617,66801.04932797543,76737.49497383773,76817.64832945446,107576.42031626945,68656.13235904365,4
125290.0213348891,143401.17048039087,85587.26585951637,175897.7235433726,87653.37170998713,64495.33277694378,80771.69427534274,116514.54764777991,103789.9453985626,76593.21446337872,73981.03314412036,68219.96041774278,80445.20234408407,77896.61173780105,109421.71328326623,74406.99033820514,4
124151.22230663567,139962.60046513088,98491.48672717653,171117.53477067171,87390.22462251481,65636.05405522037,79073.02875197277,113073.11660922965,98335.94093751204,78181.66353483958,77148.16357471509,67611.4118232026,77435.15997352124,77557.26755348057,106851.84381626175,69659.83744380921,4
125011.27272978697,142494.11433865005,84583.42666428408,173106.72826847175,86384.95491563737,63864.36538271492,80723.88389395284,117280.16195060754,100226.51853877527,78388.35011581781,76106.75109705342,67169.47313183226,78573.28844944101,77019.28341618579,109141.69062873014,71556.22649863083,4
124771.97495364845,141887.0856627328,94137.88099740518,174795.33550683685,88276.82891807902,65589.20479884205,79767.74332138817,114002.23392274785,102642.85387311624,76473.76674100957,74638.17443110638,68502.84409556915,79763.16121377483,78230.72561391898,108057.96629881457,73263.25157442708,4
124292.17240717083,140367.05528104966,92645.65618582442,170185.0199919963,86232.98540508574,64574.346193593294,79655.22463980016,115106.5218575623,96853.19326558034,79360.1816129901,78071.33532420818,66804.37973789927,76711.27637759165,76814.49673348627,107549.2852985007,68622.58239061623,4
125269.14480556785,143413.0616084411,85487.64413447907,175883.44077866565,87624.42620091751,64465.80612251832,80766.9110020293,116532.4513950886,103752.95326148908,76615.0297659671,74014.82898173678,68208.80689725958,80428.25972178695,77880.51848179323,109452.15635921435,74390.3606403304,4
124131.97745465965,139971.47410767962,98516.27481177746,171138.65716918197,87403.63566918799,65635.49526160899,79055.03559768625,113028.05549240774,98388.44518523755,78142.19035413151,77114.27833012084,67630.05317807832,77460.03746509999,77566.32000998498,106862.08091522228,69710.26297930039,4
124947.86083076727,142387.07183445359,84662.4400809336,172801.9398810792,86345.0794035291,63842.30421093753,80676.52054745205,117148.62193448805,100093.25743833273,78394.40743856519,76138.0211875464,67130.33522729103,78481.73570415207,76976.25630810932,109063.12424696973,71445.89828799943,4
124759.16740407556,141879.6425318292,93995.20981254695,174697.8371975228,88267.95527553026,65570.65285094414,79777.15340580385,114021.70229216843,102686.01509165944,76457.047636157,74605.42912547936,68504.49812465884,79782.94250761777,78224.9141603606,108075.82534263437,73310.65962441679,4
124259.78472945509,140296.62493427098,92822.83846412164,170057.30212417868,86233.61125393049,64587.37726061074,79620.91471206126,115033.07402528216,96813.854195339,79357.0747205108,78086.3333447377,66806.52550536698,76682.68849643333,76812.21685555183,107521.47972839829,68593.83804724671,4
125248.80471811352,143373.27550331064,85392.82803449966,175760.237963228,87587.54582256626,64437.28529659335,80763.7594060611,116550.66806681968,103695.46457475002,76632.55353362007,74028.35178713224,68180.04020214561,80385.61259336623,77846.49912673225,109447.19427194528,74347.06531132046,4
124121.76270744357,139962.55576164197,98550.80825696091,171154.37044553406,87417.94078563938,65641.37377040074,79047.23483887134,113013.48215502288,98448.4372673556,78111.25553980537,77078.00144886988,67643.9112596406,77482.74683746658,77572.98082983265,106874.8214095618,69762.58841307026,4
124958.52261287245,142391.38572113344,84800.99854481203,172926.68496688426,86339.04443252616,63859.06801927901,80683.42723648873,117250.1212060596,100033.53357714816,78447.38107292427,76209.45736282556,67124.00968361017,78452.90195380473,76972.16593887401,109098.06002355338,71404.21228459028,4
124767.50460475739,141943.0544308489,93871.6046657091,174874.90771709773,88261.20504870475,65551.16212977911,79789.04453385407,114082.52138883132,102735.27833643895,76441.26730457155,74580.46222692278,68504.81104908121,79801.3826967934,78218.11923004618,108133.76106426252,73355.92190693879,4
124261.57286901152,140318.93197523738,93024.6076613197,170221.00630056934,86241.83669589004,64612.79119405642,79606.43078165421,115055.51517671529,96796.93392478632,79362.05915952435,78112.73075493942,66809.85591529083,76666.70699914778,76811.09926832907,107535.13664426049,68576.0907621492,4
125233.62788362836,143400.96931469077,85315.20042600637,175807.82482717335,87550.55368549272,64404.09295607722,80750.16954543228,116557.37359015628,103651.1634172396,76654.88292633092,74061.09709275927,68154.38039951092,80355.19186916255,77816.43603043986,109483.38174621842,74311.72720333663,4
124127.57416100195,139992.5965061899,98604.519498887,171234.3226354507,87435.6880707369,65656.46119790807,79046.74310049333,113045.19928040497,98489.49742192,78065.38976018307,77040.89755307407,67647.0181521199,77489.05002940298,77562.65432389431,106865.03134549038,69784.85075054775,4
124920.90462695416,142353.07483113706,84910.00800252057,172849.19146885772,86303.5722140756,63844.15940572732,80640.15425922326,117193.32542339867,99944.48422723821,78480.68517216267,76271.97519206705,67106.37415723492,78399.28011885645,76943.42159550448,109098.26118925348,71327.45639413076,4
124734.04404330779,141939.32168952486,93733.31442276412,174796.78837022645,88236.34990887046,65509.07379496978,79765.82107136502,114024.07157708069,102767.86717985477,76414.0875833139,74544.67708404984,68497.45732515542,79807.73059221871,78190.93950878854,108151.75421854905,73380.4641223507,4
124216.0200138116,140223.8923578134,93208.27194550895,170008.4859142883,86238.03689933264,64619.563772626374,79568.52222305801,114952.47363477632,96741.2333776037,79339.81917379131,78104.97469961342,66798.65769131872,76622.02586198162,76782.53373891518,107464.59453875954,68519.31733123271,4
125232.73381385015,143375.62243647844,85260.48335557978,175741.77542230792,87530.21359803839,64395.21931352846,80772.87891779887,116646.04296041047,103606.41522484008,76681.16857781036,74081.86186335825,68139.60589642596,80336.55051428682,77785.52356785817,109504.1018133285,74279.2277668986,4
124106.02707934703,139997.6480004368,98632.34742073387,171307.1446188861,87445.27696910822,65653.01902926195,79033.82379219816,112997.61241645961,98567.54971355794,78052.0234169988,77020.3786516641,67683.38444034869,77545.89051555282,77575.305411256,106935.10406435777,69858.45504503907,4
124840.77362308188,142208.45904451123,84969.1060148604,172495.22924366346,86250.44211750533,63809.111870421395,80590.19811036564,117006.37543277448,99806.79748139351,78478.0253145725,76287.66611667468,67060.9777642462,78307.32504216731,76881.75313255229,109004.16034509664,71202.80071530351,4
124711.04409826329,141869.47248810204,93567.73269983921,174585.6537921016,88218.6696790063,65487.75023075941,79790.47504549922,114017.56721944419,102791.24710455503,76372.93802177168,74486.65195544386,68479.2183016799,79810.25633934216,78157.45659559449,108113.64449425275,73396.75854405863,4
124167.4049696213,140095.9733242957,93332.68175514719,169767.4670538267,86227.53157943864,64627.476290163555,79547.89156292577,114844.71587475728,96706.43171148679,79316.05926943533,78095.36344949764,66786.90067373523,76592.56626278952,76762.26070669421,107395.63940711493,68484.1133337156,4
125223.23432245664,143326.11332250995,85138.08520294252,175659.14102305664,87493.66849585397,64375.32626096324,80796.3706012214,116693.11573423336,103574.72045120245,76698.22295882976,74096.32344202083,68118.90818106034,80321.73130771295,77753.29235235362,109503.72183367275,74260.47465330061,4
124078.64619238928,139930.9280432377,98575.3728241173,171198.51514083327,87438.95142542737,65644.72653206903,79029.3534433071,112904.49504905881,98603.29015294196,77992.50072151431,76950.73061594137,67680.56812054731,77559.27921048156,77555.76998660207,106888.478325424,69888.249920398,4
124888.8745771497,142193.48337572615,85064.9726468292,172609.737230508,86258.01935887568,63854.08358026548,80647.6867971047,117176.87453947957,99741.32922188392,78506.30027130846,76322.11015488031,67050.40538911884,78292.46113210454,76867.6938852899,108986.01072859892,71160.42180781625,4
124743.25296202338,141954.87850366576,93366.09761310788,174875.06417930892,88216.34509758295,65470.517035784374,79819.10763014646,114062.53892928826,102883.73862311109,76379.1294549858,74471.40806572534,68516.9703980649,79898.90335785192,78178.42253189356,108227.72779795264,73495.70971676227,4
124177.15033020382,140078.9636467652,93423.0051544911,169805.330908934,86240.31677726707,64648.97866832956,79549.85851643783,114793.50802821017,96670.17718198028,79280.49764400693,78073.74931260936,66791.97451972659,76581.70331498425,76750.52604085518,107325.65609522535,68448.01526642028,4
125204.01182222507,143293.7703482831,84943.93795060372,175534.21712329594,87455.46936457984,64330.68982728599,80790.08976102946,116601.9206168557,103530.26283148085,76700.10050536401,74095.87640713173,68108.67108209981,80314.98108088745,77732.03584337662,109478.30790022707,74227.30466452893,4
124105.40123050228,139929.8775112483,98527.2048148161,171195.11767567607,87474.91538225596,65665.89363406821,79060.35531286661,112929.88663076004,98655.12384833382,77922.67387183594,76871.91836499196,67694.35914687623,77593.25386205362,77558.58630640343,106825.28994384885,69921.7104818476,4
124832.72699507797,142101.41654031473,85067.05135906355,172384.05166674277,86226.7492683827,63824.69103630675,80592.79091272247,116999.69226118235,99668.70840414864,78522.50528603856,76353.76022502902,67044.34806637146,78261.19104161156,76858.66378052995,108946.00110602393,71096.71933611862,4
124738.93907534351,141910.08560777732,93183.52856439693,174706.86730228274,88213.39466731486,65461.46457927997,79840.11826993445,114104.35904316415,102886.46553593464,76315.69520422163,74386.62789900636,68485.67795582747,79881.2007762433,78142.01154017587,108126.4743955701,73483.97505092324,4
124151.33406535794,140036.2047596222,93564.9387317823,169835.25989475966,86247.91637038188,64670.45869475111,79518.58842594486,114768.98816454271,96674.5134204046,79287.02435338788,78093.06121981874,66807.28546467847,76600.34466985997,76766.21696546281,107348.96896469223,68457.80533049171,4
125204.66002281429,143303.67217107682,84876.97212421562,175615.8903975356,87432.5364747687,64327.80645225126,80804.21606352521,116720.13899327982,103477.28919712178,76713.53390378164,74097.41867749914,68077.42334335129,80277.76542636937,77699.40229647188,109472.38468794641,74184.14344598573,4
124088.03392506052,139968.30015996698,98522.28743103593,171376.7479511199,87480.5480218587,65666.72064861306,79042.74213823583,112907.87016247156,98730.44922714822,77901.48441809231,76847.13028039102,67719.19193496609,77638.18086840879,77573.53962344404,106890.1770580026,69990.8667791923,4
124794.86313997068,142053.1814757802,85150.95980774878,172326.58533174818,86193.84750054449,63815.973855969176,80564.1136245863,116947.74680706821,99565.13042034274,78536.89980946778,76385.05266726646,67015.46961253519,78191.72181984448,76827.32663480361,108904.82919273725,71008.98873913154,4
124715.06741226524,141911.02438104444,92978.07132936375,174640.84024916176,88190.8641089039,65425.52297419584,79844.72272929225,114066.53989154576,102917.44505374969,76278.501901448,74327.66399713326,68477.18429293446,79881.98308729925,78123.81722018924,108120.10414840034,73507.77965876814,4
124163.4040073638,140028.6945734852,93686.77809080818,169862.61842997294,86271.4080538044,64705.81915447941,79532.44650750715,114798.11248756797,96676.50272566114,79266.99719035592,78082.73471388039,66822.01526427451,76596.56722504702,76778.35396270204,107312.62502820791,68455.86072872409,4
125200.1002669454,143310.53415662458,84726.7013462426,175597.62902231564,87404.88736687749,64301.45374553845,80809.93811010577,116717.76970836756,103455.6750602335,76734.45513659182,74121.20093359958,68077.82567475148,80269.62939138763,77697.12241853743,109494.19999053479,74174.59925110331,4
124103.32251826795,140000.03963709352,98475.48287814652,171457.14717592564,87508.39829545001,65687.7536401455,79059.79651925522,112940.50370937631,98804.94759141775,77849.20368781134,76791.2285675083,67744.29294398939,77667.17108096732,77592.78447542006,106871.33453742678,70051.32824794391,4
124823.58513159576,142091.60412449887,85254.04605317666,172502.85118852273,86201.58120412604,63855.26822272161,80578.97753464908,117078.75038132077,99516.738893597,78570.6956470842,76442.16137434976,67023.44918530574,78170.88999401212,76833.71923371783,108914.99923646441,70974.03061080344,4
124761.35787503218,142067.75481316505,92855.15908660402,175059.19785013175,88208.36552481241,65441.75034067039,79873.26590696168,114232.36748365969,103012.77524385157,76289.47660797556,74332.40256695778,68513.88585733007,79945.68555899686,78150.16992690205,108240.46829229216,73598.43833427886,4
124110.92211138275,140023.6430792383,93840.02165079376,169889.41817157486,86259.27105656518,64707.33907310237,79459.08808220483,114629.26740995258,96650.68646081525,79257.52005070688,78095.96694659794,66832.05119753495,76563.53134674208,76773.99537253325,107300.28686526859,68422.28840855222,4
125171.78060672052,143283.4661940892,84665.79284260188,175457.0141979473,87360.74267157825,64279.884312139075,80795.54358667655,116708.20316174069,103377.89098952901,76745.98863673075,74131.61684651577,68041.25822082261,80197.05327714125,77646.2721999016,109446.63547833389,74094.69176467559,4
124101.46732347815,140011.01434362106,98520.40988450169,171479.56597561433,87516.22140600937,65704.04806185342,79062.83635650115,112956.10522700612,98863.77738282412,77824.41560321041,76756.65041883594,67764.11894132126,77681.2303282297,77588.40353350682,106877.03423226289,70087.64983268379,4
124776.75822696189,142021.10672248682,85380.71338900487,172361.52110833183,86158.4870408162,63840.069036492,80539.0573190519,116967.57280440007,99433.00925886742,78618.77424940756,76502.7569535681,67016.16251661332,78116.55290324127,76811.61335845153,108912.8534689967,70897.38647906619,4
124722.15291525757,142015.00469625054,92696.5287562047,174848.73382434057,88172.17805053927,65398.49971514937,79866.71684583627,114147.36379949616,103023.28056374557,76265.98492455303,74287.40850536925,68498.82078156719,79925.90426515392,78117.58108348622,108208.88527737682,73592.55982548711,4
124075.42754118772,139902.69778999063,94011.88421391061,169632.35075859437,86255.56066698559,64724.438157610675,79442.48073607455,114556.4901300061,96598.38337878983,79230.13916374912,78075.44804518796,66815.57796187139,76505.57327336947,76745.72041579729,107191.47857326014,68353.66855307443,4
125135.10139406937,143216.88034735684,84591.2721265879,175309.96207117583,87317.46969431278,64248.48011117937,80781.59609813645,116699.08365000293,103327.30899182666,76777.66105862393,74154.59443981582,68022.23688629114,80166.99018084886,77619.7183274887,109452.7822080591,74045.20500245155,4
124064.13991023779,139966.534372155,98541.66639347869,171413.56127423779,87523.28455725726,65704.49509674252,79038.74117597833,112910.23944738382,98905.82101414455,77784.27187016868,76699.04997337461,67764.38716225472,77686.57239515452,77579.30637351351,106853.87782500719,70101.37380377935,4
124753.06537783926,141971.2176288626,85569.78679535232,172347.35010234715,86145.32186333202,63857.68221112278,80520.37126068727,117021.86519168201,99341.27769962283,78659.94616269424,76555.70823618272,66994.99541461414,78056.56082112323,76784.99243080526,108897.69898625601,70802.9056552536,4
124732.16649677356,142089.41365354226,92644.82917127958,175115.90422581485,88168.62412317087,65388.06145048874,79878.51856690866,114284.26823428491,103074.75663122615,76286.66028817419,74285.46390360165,68507.76147934931,79954.00040793425,78112.19431307248,108313.55849666102,73629.17198290491,4
124075.42754118772,139956.85606680586,94282.78735670893,169968.29747775765,86270.7151497263,64747.505157888554,79420.64308174171,114607.049775964,96598.89746891231,79266.95248686701,78124.19719984499,66833.41465394672,76511.09415424993,76757.3656746585,107286.09350753947,68348.41589312743,4
125173.92637418823,143313.1716624703,84650.3254354388,175652.0555200643,87306.58439476305,64246.826082089676,80813.6261479409,116876.02005911114,103276.41406970193,76836.17792560792,74219.19098129166,68004.08726979342,80130.75800308681,77595.53373998807,109543.75380799221,73997.75224897293,4
124101.80259964497,140096.6662283738,98612.05203676845,171848.39211087133,87544.25049355632,65700.53883797393,79053.04629242973,112969.49392193485,98998.71486410081,77795.3136319296,76714.6067875155,67800.17230512766,77739.88130568044,77604.78736219255,107000.68408258965,70174.55341512602,4
124729.79721186128,141932.72792491055,85688.00517177644,172282.5747469157,86108.62029893641,63826.34506539644,80490.82225451735,116898.41650705536,99223.05932319871,78669.55741281003,76600.07644892651,66956.86333857338,77964.49398571182,76747.75442454273,108863.99255561741,70688.53177887581,4
124734.31226424126,142075.64497895777,92442.18825604777,174972.94246827872,88143.18783798073,65337.345342319655,79896.28820375064,114225.95253300102,103092.54861981257,76247.07534874385,74245.83426068239,68489.29893842923,79944.61267526301,78091.16132154004,108295.47593539667,73635.96691321932,4
124065.14573873827,139865.97387385057,94352.3683371983,169704.21161701818,86269.23993459225,64738.87738452881,79411.1435903482,114454.74498924553,96582.8936198823,79219.7008990885,78097.0845338207,66835.49336618106,76493.61509008588,76757.20921244731,107209.65054150231,68318.95629393533,4
125168.53960377451,143217.0144578236,84457.94397091198,175297.26628032522,87264.33959774251,64199.149811166506,80823.90795039033,116776.28657535155,103222.74753126473,76821.3810707785,74200.8625508383,67986.11646725136,80110.9096540105,77573.85254786641,109478.28554848261,73940.88941107862,4
124097.71223040966,139992.26123002305,98454.04755521388,171501.1801125026,87544.49636274534,65675.81780860637,79057.62840004306,112809.43307989038,99056.15884735095,77703.15738954037,76601.93164371629,67816.48907858004,77782.01434397869,77606.12846685988,106904.05749130934,70199.98970031616,4
124727.0926507822,141786.52516442837,85691.84967182275,171914.84384713697,86092.05765629503,63821.360626382906,80497.19250168711,116796.53725582807,99146.37048797257,78653.2629911021,76580.76454171712,66950.35898093689,77947.68547388143,76734.38808135845,108749.97630715088,70602.83519063416,4
124789.31990734577,142071.19698181117,92214.73690447056,174951.52949709052,88153.31317821899,65337.09947313064,79964.79630050616,114316.03006315591,103163.0013183357,76216.52051407343,74174.17456795866,68511.78479335127,80015.22183599733,78103.27596703482,108289.9103510273,73679.48575967381,4
124083.76474186954,139843.89035032873,94436.41089635027,169766.6176875374,86296.64317329445,64769.14164652129,79419.45843928558,114428.28052381046,96619.03639066654,79206.4463146265,78082.31003073574,66873.11135209935,76540.30788425302,76788.99339306276,107206.99068391212,68331.89795397496,4
125166.08091188442,143212.812329866,84325.66634722547,175316.95816719034,87240.06560326405,64178.116819634066,80833.4297935283,116780.64516552034,103195.27723732917,76842.25760009977,74211.83725736586,67976.37110666884,80101.96895622837,77568.82340536398,109481.16892351734,73909.08287871872,4
124102.51785546755,140024.2912798275,98404.56079298983,171623.3547476953,87568.85976420162,65690.72642215806,79074.48161536237,112844.07828379612,99125.09162725111,77657.55983085155,76544.84528837744,67825.42977636216,77808.07647801358,77620.47828680018,106893.59687490427,70249.09648288447,4
124725.03629029231,141812.8108159078,85806.11178947828,172087.8239974766,86093.2646504956,63846.506338895124,80496.7007633091,116872.75670442065,99097.4425193599,78698.36881141292,76645.11521400395,66948.57084138047,77916.4377351329,76744.3122558966,108777.89363597556,70571.8556728191,4
124774.21012809398,142137.13462795434,92037.26405349543,175099.2745279401,88144.37248043687,65315.2171153089,79960.39300684846,114336.25839188795,103204.48615604475,76211.46901982655,74154.34857062681,68507.58266539368,80020.27333024424,78101.0407925893,108340.98408710767,73726.98321664134,4
124063.1340817373,139849.59004516483,94574.43291836178,169854.57180196905,86313.25051942475,64796.321367778946,79397.06199134135,114417.506982983,96610.40861730679,79198.60085232269,78079.38195221209,66870.3844392758,76513.99988102911,76791.72030588631,107187.9469976362,68336.74828252176,4
125160.35886530386,143241.19904532423,84259.30401793767,175392.19413902692,87219.70316406527,64172.35006956459,80837.94484590828,116863.43602698279,103138.16853024585,76875.44994061589,74235.95478963314,67947.91733597724,80053.93505739392,77545.66699810827,109498.62563593694,73884.22773888442,4
124113.24669280609,140115.7322663942,98388.89222012667,171877.13645424086,87595.57009882572,65706.26088455449,79073.3640281396,112891.26281634127,99222.61228830961,77647.85917375794,76513.12816299536,67853.77178833149,77854.14342333596,77647.38978712438,106972.58793980932,70350.52869922265,4
124723.31520596925,141843.2315401115,85950.8840383153,172207.47288554584,86091.99060106165,63864.901824581844,80472.67263801965,116901.41164081237,99032.28718427267,78741.12769855591,76693.19381632732,66937.32791391945,77867.66622873142,76736.91382848189,108790.61177857063,70524.84995422959,4
124787.93409918954,142244.82533274,91898.95145880598,175326.39060335048,88140.88560830183,65296.441649966444,79956.03441667967,114404.2971020099,103271.31787196611,76226.37763337823,74143.7985472439,68514.53405791927,80044.90495263398,78107.34398452568,108427.6418003609,73792.85380755113,4
124041.74346229357,139857.25669351302,94735.00785052871,169875.1577586124,86320.96187126182,64810.425318530244,79350.65976985214,114351.54698509538,96592.77309093156,79178.84191022419,78073.0787602757,66859.11916007032,76471.26334563058,76781.88553832598,107152.67594488573,68315.6258840115,4
125135.90605686976,143247.07755411597,84200.20600559784,175329.29633012967,87182.93454443628,64140.40942673796,80808.820522883,116849.3767797204,103092.77213725712,76911.12332476657,74271.06938017243,67916.73665246209,80002.16841723543,77519.8507332624,109507.11929882996,73851.66124721304,4
124148.11541415637,140198.344313901,98402.9291156446,172069.0261803897,87630.30470970926,65730.33371333286,79094.48642664986,113014.28681782327,99312.93568765352,77628.92724620429,76485.2555376596,67867.11577977131,77883.5806707836,77664.19829895477,107003.56745762438,70435.53238338619,4
124730.42306070603,141880.04486322938,86088.21315624872,172339.1693638765,86086.58147890348,63875.85417936494,80460.17801286913,116943.54467911062,98981.72753831476,78791.597937536,76766.68635209637,66931.0023702386,77835.34560624906,76744.13344194097,108825.65931387656,70507.16972436545,4
124828.1672392091,142367.6928720108,91747.89836977702,175579.23353662892,88145.93710254873,65282.047126537225,79987.63978333947,114524.37067322382,103332.91927968494,76236.25710442748,74140.82576523135,68522.26776150081,80079.05841816169,78125.15832485656,108508.95744668931,73878.68450625951,4
124062.44117765919,139925.16129316823,94871.644064384,170039.71130129235,86348.47686868631,64829.938391439726,79347.55287737286,114347.05428445987,96611.81677720747,79180.94297420299,78086.53451043779,66879.54865450248,76485.41199987078,76817.64832945446,107178.33574752042,68354.51791936373,4
125164.80686245047,143324.21342423125,84125.55117911712,175416.78105792776,87174.23971584317,64128.49594694328,80829.58529348198,116908.89947520489,103056.78582868408,76946.72965368387,74309.76024982455,67906.49955350156,79989.94201301837,77532.16654445727,109538.56820327857,73846.96738087742,4
124145.29909435501,140240.32088998807,98342.5123503819,172040.93003760936,87646.15209652807,65718.86726842729,79081.3659526546,112928.63493307054,99375.07353723927,77582.03328633706,76434.04769111249,67876.95054733164,77910.35806064107,77690.70746787876,107000.16999246717,70493.40104978098,4
124733.66406365206,141872.02058696994,86222.36832646947,172245.4484993754,86088.23550799317,63892.70739468425,80451.81846044284,116946.18218495634,98907.47504323424,78812.40741162389,76809.71346017283,66916.33962587592,77792.69847782832,76751.7106833113,108788.17543842501,70442.14849974496,4
124835.90094279063,142416.95611679033,91618.19119670287,175565.2413445999,88149.64749212832,65269.97718453136,79996.42401891042,114549.02464735802,103371.38663189253,76230.26683691345,74126.56535226887,68522.49127894537,80100.09140969413,78136.8482872067,108541.90391801643,73904.97015773895,4
124052.85227928785,139920.55683381043,95069.30054060227,170023.30512086215,86376.0365695997,64862.48253136665,79322.42951660509,114306.75408920695,96616.22007086517,79180.22771838043,78106.11463858064,66893.7867157205,76489.36825863937,76839.84361169858,107177.10640157538,68346.94067799338,4
125190.15374066279,143362.88194213892,84168.44417672684,175501.44946592444,87173.09977687596,64142.376380250025,80852.24996235967,117054.54344207566,103005.35446469241,77001.15615143254,74377.53073901305,67893.46848648411,79967.88084124099,77526.33273915443,109581.48355263277,73804.87904606808,4
124166.44384460973,140338.91443478042,98397.36353127523,172316.23647406537,87678.98680913291,65731.29483834445,79082.30472592173,112987.84470413264,99467.94503545106,77596.38310627737,76448.799842453,67913.71916696063,77971.98182010434,77727.36432878546,107118.32131365793,70583.38917295804,4
124678.63406880309,141815.5600804758,86400.06469488915,172090.88618646696,86065.8167083045,63875.317737498015,80388.16069223413,116800.7170320412,98790.6201232219,78847.25378122971,76870.51020509127,66880.33096555842,77709.32647101003,76728.33075861106,108761.26393810082,70346.21481254278,4
124834.47043114548,142435.0610297991,91537.18847479683,175501.56122464672,88142.53963739153,65252.051085478204,80006.43760042639,114599.91956948276,103382.29428318671,76238.38052015073,74123.97254991204,68497.83730481117,80085.8533484761,78123.79486844479,108560.5676246366,73920.28110269083,4
124034.76971802351,139897.55688876592,95283.72082516203,169974.37715224948,86389.55937499517,64878.374621674375,79291.33824006775,114269.7172486445,96606.22884109365,79192.47647434194,78133.62963600512,66889.04814589598,76464.46841531617,76848.56079203615,107180.77208766605,68341.41979711292,4
125136.37544350332,143306.37673215588,84145.98067354926,175276.68032368188,87122.02604079558,64093.47076338182,80800.08099080098,116944.59521110002,102922.22832706313,77042.50687867486,74428.13508845987,67848.83205280687,79905.02773583267,77496.15788413977,109590.20073297033,73734.33694056714,4
124128.0435476355,140267.99234962373,98397.60940046424,172048.9990173577,87672.72832068543,65719.5601725054,79056.68962677594,112879.32698480213,99485.91583799313,77547.81276557599,76393.27810922601,67888.14877130375,77953.83220360664,77704.9902325857,107061.525530997,70573.59910888661,4
124635.49520200434,141687.95397138048,86565.95934223644,171778.8334821264,86034.12193466687,63875.16127528683,80358.83520350876,116709.23134198564,98693.3453313524,78874.67937167638,76919.88520859304,66848.59148843188,77649.64731331436,76701.28514782013,108711.15132703201,70243.88852642638,4
124839.05253875883,142399.25353518172,91405.98373484418,175385.10863603457,88122.55717784849,65231.643942790506,80031.60566468307,114629.82620356396,103400.73447236234,76234.98305499353,74101.82197115684,68482.30284241472,80099.08558119363,78103.76770541283,108575.6327003995,73925.44435566002,4
124005.46658104261,139804.48422485404,95409.76231214551,169813.82457182702,86385.78193018222,64881.392107175845,79270.30524853531,114144.30161050578,96600.61855323537,79173.07516015472,78116.4858480079,66890.07632614093,76466.99416243962,76847.37614958003,107149.47964542863,68327.33819810608,4
125129.64756842227,143229.48673122964,84061.71459695275,175085.4835016112,87088.11844445688,64073.175379416396,80820.19756081076,116939.56606859757,102852.73675355158,77059.3824457386,74434.97472226318,67816.44437509113,79872.68476160584,77469.76047393805,109551.84513948503,73678.68109687342,4
124148.54009730103,140259.7669076642,98311.57753605576,172054.5646017271,87695.61650700767,65726.01982665299,79087.44562714644,112898.92946468944,99573.1546966022,77508.76426801256,76331.78846022945,67911.01460588153,78010.98561417886,77724.81622991756,107055.7140774386,70654.73594125938,4
124627.0685943447,141628.61008985163,86636.88142739313,171711.35356561586,86026.8576177189,63878.894016610866,80349.00043594843,116672.8874055013,98636.59425218038,78897.58990974307,76952.6081624756,66849.3290959989,77633.59876079544,76707.99067115673,108677.62371034906,70213.55720920053,4
124865.6734664051,142432.35646872,91187.18250837119,175460.36695961558,88125.7981807945,65218.836393217614,80067.90489767848,114724.26232388764,103442.8675106606,76217.68280478512,74059.30895320284,68485.25327268282,80129.14867748602,78107.79101941478,108579.879531846,73977.76978942988,4
124025.80666849694,139822.9467657741,95517.6988861202,169960.13909103145,86428.16083766948,64919.010093094126,79273.47919624796,114173.94002365351,96633.98970770714,79160.40172104856,78108.19335081498,66922.30754164548,76498.21954944367,76878.57918483963,107147.89267157229,68366.00671601376,4
125197.7533337776,143344.62056691892,84033.77491638363,175461.86452649412,87110.22431972317,64101.31622568563,80866.75624451117,117170.50429230981,102848.48992210507,77123.21902790297,74495.65970845935,67837.56677360139,79902.92667185387,77486.92661367972,109642.45911150685,73695.06492555916,4
124182.47004538418,140389.87641213852,98259.36386100815,172440.13219358114,87733.12273420367,65736.43573956916,79086.95388876843,112936.32393316316,99674.76572689602,77488.53593928051,76297.52323597948,67954.01936221354,78082.9805830694,77750.58779127453,107148.80909309497,70751.47429126195,4
124635.80812642672,141646.0891540157,86799.04333341638,171813.34457556542,86035.59714980092,63904.97850239021,80329.93439792805,116681.64928932779,98544.14743711322,78907.91641568142,76980.99487793384,66832.96761905761,77581.09451306994,76681.19092955481,108647.73942801231,70131.056920416,4
124868.95917284003,142494.29315260568,91031.21203556204,175561.75447246488,88114.93523298923,65194.3388812946,80062.42872028693,114722.29537037556,103486.78868851527,76215.40292685067,74042.5227931169,68491.55646461922,80161.2681342683,78098.20212104346,108653.41677110396,74017.66765328261,4
124033.6744825452,139816.53181511545,95694.34472255048,169981.59676570856,86449.37264315756,64953.52118653312,79257.92238210708,114155.72335192244,96628.20060589322,79130.13745905607,78093.77647564131,66929.97418999365,76492.2069301852,76866.01750445575,107124.82567129441,68350.76282629523,4
125186.04101968302,143313.39517991486,83994.7711223091,175353.01153099677,87071.26522913757,64077.66808005191,80851.2888373481,117150.9018124225,102774.72916540256,77147.24715319242,74526.9968541857,67814.72329076807,79863.58760161253,77447.47578471611,109651.77978894471,73636.0786719416,4
124224.20075228224,140429.88603471353,98248.45620971397,172542.19025876408,87756.99439728195,65757.84871075735,79118.04516530575,113026.53557378479,99748.794704532,77454.96361910863,76255.70312210359,67975.45468514618,78126.3429673127,77749.89488719641,107179.72155567665,70816.62962634917,4
124669.06752217622,141662.5847414237,86957.09251845986,171936.837963681,86036.08888817894,63930.57124979154,80335.99172067545,116731.18075504074,98502.01439881496,78959.0348552507,77055.91792534804,66851.6313256778,77575.79714963403,76684.23076680074,108703.39527170603,70112.97435915165,4
124931.05231893687,142582.67195018198,90877.56614417626,175747.4304136551,88121.28312841454,65191.34374753759,80107.40043013102,114839.39615957692,103528.87702332462,76223.11427868776,74034.90084825765,68508.87906657209,80194.63928874007,78093.4859029634,108719.95791434741,74072.4294271981,4
124079.36144821186,139873.14878382074,95816.87698565448,170163.04822719673,86483.14612902954,64987.160561938355,79264.8067193993,114175.07996262074,96666.10916448942,79129.60101718915,78100.32553676672,66969.91675733528,76525.24280849013,76890.73853382331,107161.88486360131,68398.7967251297,4
125204.39180188082,143340.2843284946,83910.19212129022,175350.9328187624,87048.71231898217,64059.741980998755,80853.97104668272,117139.63653321702,102722.71665605505,77179.12074078569,74557.21641268926,67812.19754364462,79842.10757519098,77434.73529037659,109670.37644033151,73608.45191579484,4
124242.14920307985,140459.07741297214,98148.70037420993,172502.85118852273,87778.29560974785,65757.84871075735,79123.94602584196,112978.94870983943,99820.36499027789,77405.67802258469,76188.55848175984,67998.76755461306,78163.17864217504,77759.5061373122,107170.2444160276,70875.5264729889,4
124679.66224904804,141630.8229125527,87085.27977291105,171824.45339255972,86044.02375746057,63957.348639649,80331.14139212864,116714.66281588827,98439.16129340665,78978.16794850444,77092.50773102138,66857.35337225835,77545.51053589709,76686.26477554617,108666.4478381214,70053.9881055341,4
124962.5459268744,142639.423029354,90698.41691236699,175781.82974837182,88126.04404998351,65184.48176198981,80133.14963974353,114901.64576788495,103580.50955301638,76226.71290954507,74019.79106900586,68526.82751736969,80230.84911475767,78103.6335949461,108765.4213625695,74115.5459422524,4
124081.21664300164,139862.4646499711,95938.40342025798,170117.76359293028,86514.55032998924,65018.67652162034,79249.71929189198,114116.18311598101,96680.66015012981,79106.60107214464,78085.7298476374,66989.74275466714,76531.99303531564,76906.34005145312,107135.0404185105,68398.95318734089,4
125205.06235421447,143321.7323805967,83860.6383038328,175227.5064858802,87034.9436443977,64054.53402454067,80853.72517749372,117141.60348672909,102663.97627162651,77213.20715108003,74593.53799742914,67800.17230512766,79807.01533639614,77424.54289490497,109658.35120181457,73555.76885411369,4
124254.62147648592,140476.60118062512,98074.60434134059,172482.17582490158,87808.93985139608,65768.30932716242,79135.43482249198,112974.52306443728,99904.45225291875,77375.27965012546,76140.9269143256,68023.04154909153,78203.4564856835,77782.77430329016,107170.69145091671,70943.27461043294,4
124637.59626598314,141545.23808303336,87187.76252123863,171588.12839843374,86035.99948120111,63959.13677920542,80288.15898754109,116588.71073588262,98365.08761228176,79004.56535870617,77129.41046111709,66848.56913668742,77498.90714870777,76686.51064473519,108609.31677929364,69993.3254710824,4
124962.00948500747,142634.23742464036,90495.23955526824,175667.43352024956,88121.52899760354,65165.86275885854,80152.48389869736,114935.66512294592,103605.27528587286,76224.36597637724,73988.63273723517,68518.84794459915,80234.06776595925,78103.65594669056,108744.61188848161,74140.13286115324,4
124074.98050629861,139839.04002178193,96042.94252907546,170080.43617968992,86544.70283325945,65045.58802194453,79241.82912609926,114088.22108366742,96707.83987138748,79094.50877839432,78072.31880096422,67009.97108339918,76542.1630790428,76936.20198204542,107103.85973499533,68426.26701906527,4
125212.70665081819,143331.94712781277,83813.23025384311,175238.4141371744,87027.96990012765,64055.78572223017,80871.1818899133,117221.55567664573,102613.77425357989,77259.98935222499,74637.63798923946,67789.73404046704,79781.95903086175,77428.81207809593,109665.10142864006,73526.64453108842,4
124285.60099430097,140580.80501327576,97998.40724449245,172760.16447069222,87847.45190709256,65783.24029245858,79156.55722100225,113061.91838525754,100027.36449567848,77369.758769245,76116.74232682495,68069.17554964728,78283.52043432242,77835.52442020469,107262.33360318346,71060.84478626786,4
124652.21430685691,141571.94841765743,87334.50172358773,171710.10186792637,86049.90226625232,63987.18821849683,80284.73917063943,116630.50849801404,98301.18397488404,79027.27473107276,77173.97983956097,66846.57983143089,77464.03842735749,76698.04414487412,108598.40912799945,69943.48108094705,4
124991.67024989966,142733.07683862172,90322.34881190644,175860.12790919875,88123.11597145986,65151.13295926249,80173.15926231853,115010.67757733793,103659.99235629945,76235.72066256055,73992.61134774821,68534.31535176223,80275.08321703473,78125.69476672349,108830.53199416782,74202.1142485278,4
124095.1417797973,139885.37518803778,96171.57681841575,170210.94801556444,86581.24793544388,65078.71330722729,79235.3024167183,114085.29300514377,96748.85532246296,79081.12008346559,78071.98352479738,67040.01182794712,76563.66545720882,76967.29325858275,107114.58857233389,68459.68287702595,4
125239.2605232311,143377.72350045724,83783.81535813992,175314.65593751144,87019.6326994458,64056.948012941844,80885.17408194233,117302.4913433184,102575.9103984726,77302.16709401215,74688.26469043073,67788.25882533299,79766.31280974303,77427.64978738425,109692.8399435091,73501.07413543155,4
124303.95177649878,140642.71934541696,97918.65622027591,172838.37322454134,87869.55778235887,65781.94389128017,79164.55914551725,113066.61225159315,100112.41288333094,77333.1019083383,76069.51309079089,68093.82952378149,78322.16660048564,77849.74012967828,107283.29953948254,71132.61623771385,4
124625.63808269956,141526.46261769088,87451.20018138888,171562.9826859215,86044.22492316067,63988.08228827504,80250.42924290053,116535.67004629018,98240.18606426551,79041.04340565723,77209.474409756,66843.98702907408,77421.99479603706,76693.84201691652,108559.42768566939,69887.69112678661,4
124994.88890110122,142734.57440550023,90132.80601892543,175738.06503272834,88118.57856733544,65132.89393578696,80192.20294859445,115034.1022055271,103685.6745106786,76217.28047338492,73961.43066423305,68527.02868306979,80276.80430135778,78117.60343523067,108812.5835433702,74216.2181992791,4
124053.14285196578,139801.86907075276,96240.53195006037,169969.41506498042,86586.96998202444,65081.484923539756,79195.78453252131,113926.30504683316,96765.08268893752,79042.2056963689,78041.74161454936,67047.81258676203,76563.68780895327,76979.89964245554,107059.64798446275,68463.32621137217,4
125191.83012149694,143257.89579843235,83683.59013600233,174920.81820020895,86972.60462911185,64022.99571311423,80859.02254092963,117192.409001876,102492.02430153184,77303.46349519056,74696.51248413474,67747.22102251304,79713.65209980632,77404.44867663964,109615.45820420483,73424.51941067212,4
124292.8876629934,140573.74186202788,97800.54960257407,172594.5380442784,87876.12919522873,65780.64749010176,79174.75154098887,113023.74160572788,100180.3398347306,77271.70166631957,75994.27711895433,68091.79551503605,78355.35894100177,77860.93835365037,107224.559155054,71178.9961074586,4
124624.16286756551,141439.17905559292,87579.70036026245,171400.77607640935,86047.04124296203,64020.78289041315,80256.12893773663,116548.27643016296,98187.5700578177,79060.08709193315,77244.65605552866,66839.4272732052,77403.6216620948,76705.86725543348,108509.89621995643,69841.9371058866,4
125009.28342453044,142759.697766268,89937.76469680843,175809.03182137394,88111.40365736528,65115.50427860073,80218.86857972963,115097.82702896919,103748.25939515345,76235.1395172047,73962.74941715592,68544.03836060029,80334.5165055414,78141.96683668696,108887.26072159538,74282.9828599671,4
124034.45679360114,139752.04703236188,96325.17800631262,169909.51238984018,86607.60064215669,65095.946502202336,79179.78068349132,113843.15655745943,96775.3421396425,79005.66059418448,78012.55023629073,67055.36747638792,76563.71016069772,76988.75093325984,107005.26619020298,68463.03563869424,4
125171.62414450935,143194.97563779066,83624.06744051784,174761.27144828695,86954.0750329584,64010.4116809859,80863.29172412059,117179.24382439183,102420.11873961911,77325.92699836814,74728.60958917256,67726.88093505871,79673.53071850905,77383.43803685166,109572.98988973975,73359.49818605163,4
124309.76323005716,140605.81661532124,97708.23689797365,172700.9099961412,87912.71900090206,65796.31606296494,79204.90404425908,113071.90961502906,100294.1772692415,77250.22163989802,75959.36369411513,68133.16859402282,78430.4608023716,77893.16956915492,107261.57364387199,71276.40500979483,4
124597.49723643032,141378.44936590784,87694.87889944063,171335.97836923343,86046.95183598422,64029.276553306176,80231.45261185797,116466.96078383455,98130.43899898995,79080.42717938748,77285.40328567068,66843.80821511844,77386.67903979767,76709.62234850197,108477.70970794078,69796.54071289787,4
124986.61875565276,142706.925297609,89711.63209815409,175610.7494963109,88093.3434478454,65083.362470074,80226.89285598909,115045.99333357732,103732.68022926811,76198.01326966444,73910.08870721921,68519.42908995498,80323.47474378046,78111.79198167229,108819.87021206263,74266.28610685898,4
124030.90286623275,139711.0762847753,96410.42755966516,169887.38416282943,86639.83185766124,65127.954200262335,79181.76998874784,113808.35489134252,96828.24871876821,78985.5887276636,77993.81947443719,67088.26924422613,76616.0355944676,77019.95396851945,106986.69189056061,68506.17450549299,4
125161.67761822673,143140.25856736404,83565.5729252783,174668.75757798643,86933.93611120417,64006.38836698394,80867.71736952274,117168.24676611982,102359.94784354542,77352.01148414749,74752.54830748419,67713.24637094098,79663.74065443763,77374.98907744755,109548.78295049464,73313.81122038499,4
124305.80697128856,140584.91773425552,97595.5841059189,172693.3104030264,87924.58777720782,65794.90790306425,79207.54155010481,113029.84363196418,100369.92733120052,77202.74653467495,75894.65539391701,68152.50285297667,78486.89895712126,77903.80899951566,107253.88464377937,71336.64296110188,4
124556.97352373286,141264.1872482523,87806.05647636134,171128.643587666,86033.65254803331,64041.77117845669,80195.30984107374,116353.72684642398,98050.8891404735,79076.04623747423,77301.87652133424,66829.74896785605,77346.28943756693,76691.58449072654,108397.80222151306,69716.18619158104,4
124981.83548233933,142681.28784671877,89537.64611931397,175555.80890843977,88077.25019183758,65073.39359204693,80240.84034452919,115075.78820893625,103757.75888654696,76194.97343241853,73887.55814880827,68518.75853762132,80343.99364519044,78102.56071121225,108817.90325855056,74287.07322920242,4
124042.10109020486,139683.60599083971,96540.64882286178,169941.3189222001,86672.06307316579,65177.55272120866,79190.57657606323,113847.29163018367,96846.97948062175,78962.94641053038,77975.37928526154,67108.47522121372,76631.8382777975,77027.64296861208,106964.40720133868,68525.57581968019,4
125164.22571709464,143132.6813259937,83544.40582327913,174727.52031415945,86913.4619132831,64006.50012570622,80871.04777944658,117220.84042082315,102306.10249115259,77398.14548470324,74808.24885466682,67711.9276180181,79641.65713091579,77366.69658025463,109565.05502045811,73288.06201077247,4
124366.76017841819,140687.53459304984,97521.24220386056,173025.07734597652,87957.66835900169,65822.7805284,79256.98360883995,113194.73245081097,100464.69872769102,77183.34522048774,75860.21135571139,68185.33756558152,78551.42844336372,77929.8487818061,107310.45690899575,71442.38906411995,4
124607.37670747958,141339.4008683444,87962.27281835947,171455.69431253604,86053.59030408744,64084.68652781088,80211.80542848175,116450.86752782673,98020.58017499211,79116.94992982745,77362.76267323049,66858.76153215904,77356.30301908292,76720.61940677399,108446.86430059247,69721.0588718723,4
125048.15310813823,142828.42938046806,89342.44833498578,175914.28618601398,88078.09955812688,65066.28573731014,80282.21342351598,115194.40891676056,103810.35254125031,76208.1386099027,73887.69225927499,68549.96157288094,80403.65045114166,78125.06891787874,108908.07019568328,74357.88355563683,4
124085.86580584834,139765.16750635713,96590.18028857473,170164.54579407524,86702.93083225857,65203.86072443256,79188.5872708067,113816.42387109088,96899.72959753628,78927.92122696892,77954.05572105119,67154.16218688038,76689.61753721446,77063.62927718511,106978.42174511215,68579.26470986185,4
125189.19261565122,143151.546198314,83443.10771740768,174691.15402593065,86897.43571250865,63997.71589013528,80873.97585797023,117199.15922870151,102238.04142928618,77398.59251959235,74816.67546232647,67705.46796387053,79629.00604355408,77354.49252778203,109528.91224967389,73237.4353095812,4
124371.81167266509,140702.42085485708,97320.47883516298,172907.10483874142,87975.72856852158,65811.91758059473,79253.56379193829,113089.61219663767,100548.58482463179,77109.04802191831,75771.78785464619,68210.05859494908,78613.6109964384,77945.11502326907,107276.7728301016,71510.47247773081,4
124598.81598935318,141260.76743135066,88028.90336858075,171192.8601494861,86067.18016471626,64112.29093221318,80193.52170151731,116377.10677112422,97960.94572078536,79095.04522026125,77361.66743775218,66855.14054955728,77334.24184730553,76720.4629445628,108339.88885162937,69664.66542061155,4
125067.24149790306,142841.75102016344,89117.29921308748,175834.6916240086,88084.42510180773,65065.793998932124,80305.59334821622,115265.33100191725,103853.17848362667,76192.42533355062,73854.49991875887,68551.54854673726,80434.40645151216,78131.6403307486,108899.73299500144,74397.58025378946,4
124054.23808744409,139722.8333023588,96637.32011763098,170036.89498149097,86727.38364069267,65224.6925502649,79148.84586916518,113710.09662271698,96941.03562128969,78887.10694159352,77912.41442113095,67167.86380623149,76700.94987165331,77081.80124542728,106936.89220391419,68606.46678286395,4
125201.53077859055,143164.75607928706,83446.57223779825,174712.20936920756,86899.17914857616,64026.30377129362,80887.76688429916,117330.2969134208,102200.04346371217,77439.80913636794,74859.3225907472,67694.33679513178,79604.4414763977,77351.4079870472,109529.26987758516,73204.73470744309,4
124393.80578920912,140799.04744613738,97270.90266596111,173156.19267895137,88007.95978402613,65837.6444384628,79273.27803054787,113197.8169915458,100661.55054110893,77100.26378634736,75742.03768277618,68242.71449359828,78666.02583718608,77975.20047130591,107347.87372921393,71603.99217653181,4
124592.24457648332,141283.1415275504,88221.70951625223,171311.6820230105,86075.04797876453,64145.55032796268,80176.02028560881,116396.70925101153,97917.40452258641,79135.18895330298,77418.53027564648,66861.1308170713,77296.31093696487,76728.12959291096,108351.08707560148,69622.95706545796,4
125096.56698662842,142948.10062028177,88995.54926103941,176046.27323702257,88086.6379245088,65062.530644241655,80338.00337767642,115389.7855150444,103889.79064104446,76219.62740655273,73871.33078233371,68559.25989857434,80448.42099528563,78136.15538312857,108966.65411790063,74431.46549838371,4
124081.03782904599,139800.70678004107,96801.69484635531,170252.27639106233,86770.00841736894,65265.126855984556,79157.29482856928,113751.29088774811,96981.78285143172,78893.20896782982,77924.37260441454,67200.18442871385,76718.89832245091,77110.12090565216,106961.59088153731,68637.22278323445,4
125209.39859263881,143202.46347218318,83478.13290096914,174765.83120415584,86883.82350013538,64019.17356481237,80885.82228253155,117354.12387301015,102130.32837275606,77497.90132020728,74929.32825438121,67687.38540260619,79565.66119976774,77346.84823117832,109557.9024622324,73146.6648753482,4
124419.26442614371,140878.68671163163,97238.96202313447,173295.08641899662,88032.70316513815,65837.4879762516,79276.98842012745,113232.01516056243,100737.56882400141,77091.65836473208,75716.84726677505,68264.30627874211,78702.21331145923,77992.4113145365,107399.1486309944,71662.3078778157,4
124560.48274761233,141243.42247765334,88447.26096955073,171221.47038238888,86065.68259783776,64145.50562447377,80112.67544182247,116297.53456086334,97830.34447793299,79169.5882880197,77467.4805960036,66848.0773983094,77240.11865140422,76714.71854623778,108336.4243312388,69541.19438424044,4
125081.85953877683,142952.07923079483,88937.94881557809,175984.62712581482,88065.40376727626,65032.98163807174,80313.48351400894,115403.9341692846,103870.43403034616,76243.2979039309,73872.06838990074,68534.31535176223,80424.54933220737,78108.05924034826,108999.57823748329,74407.0126899496,4
124071.40422718576,139791.18493690313,97048.39104990853,170295.86229275016,86792.62838275771,65292.463039453396,79120.3250432402,113762.22089078676,96990.5894387471,78897.07581962059,77925.95957827086,67200.27383569168,76709.93527292434,77109.47270506296,106986.6024835828,68632.46186166548,4
125232.3091307055,143260.24273160016,83641.81472561536,175017.9588816117,86872.82644186336,64030.64000971795,80882.76009354116,117524.9359041376,102075.61130232946,77593.47737949817,75030.29108408584,67676.7683239899,79537.56505698741,77339.09217585232,109673.34922234407,73110.32093886386,4
124411.75424000672,140943.68558450765,97239.16318883457,173484.67391546656,88025.66236563474,65810.91175209424,79246.27712324586,113209.7751748294,100793.76110956205,77089.66905947555,75702.92212997939,68268.9107380999,78717.97129130021,77986.08577085564,107492.51186758422,71714.29803541876,4
124547.27286663925,141207.34676210248,88670.1749170035,171172.38595156503,86051.06455696399,64149.41717975345,80080.15365364,116242.34810380318,97745.76547691411,79198.6455558116,77521.39300362981,66824.9209910537,77173.48810118296,76692.74678143821,108321.1133862869,69470.00407815029,4
125107.94402455617,142983.9528183881,88784.61584861467,175967.9303727067,88044.4825344661,65002.42680340133,80341.24438062243,115455.99138212102,103881.49814385154,76256.999523282,73876.85166321417,68521.95483707843,80420.14603854968,78096.8833681206,109033.06115067734,74431.62196059489,4
124091.8337216179,139792.59309680382,97095.39676849805,170263.4746150344,86809.4368945881,65296.01696682179,79120.68267115149,113699.52424758962,97042.42313413897,78879.35088626754,77912.72734555333,67226.00069355973,76737.04793894863,77136.33950189824,106987.72007080556,68689.54821700433,4
125190.75723776309,143125.90874742376,83483.60907836069,174499.93485211552,86813.86253999025,63966.557558364584,80846.46086054575,117291.71780249094,101966.53478938756,77579.12755955786,75027.206543351,67638.30097178233,79465.3018671634,77304.53637892441,109559.06475294409,73019.28228369741,4
124449.17106022491,140892.12011004926,97008.04615116671,173193.18481602488,88046.36008100034,65803.37921421281,79292.27701333488,113187.84811351873,100882.29636934953,77019.05989874124,75609.42478292284,68288.91554938741,78778.67862924084,78004.34714607563,107424.11552955098,71787.83527467672,4
124577.93946003194,141114.49761563513,88703.21079530845,170925.01919567815,86068.3201036835,64170.53957826371,80096.58218581465,116196.1246962696,97714.89771782134,79186.50855857236,77523.20349493068,66845.75281688604,77190.27426126889,76712.5504270256,108249.74426624112,69450.28983954071,4
125162.75050196059,142984.98099863305,88500.79339752119,175913.39211623577,88048.70701416815,64986.15473343787,80386.75253233344,115505.2099234116,103931.25312700905,76240.9509707631,73847.99556112237,68551.50384324836,80490.88930975072,78118.1398770976,109047.09804619529,74489.3788682674,4
124105.93767236921,139728.95768033955,97069.84872458562,170120.42345052047,86838.27064493546,65309.15979256151,79113.08307803668,113584.03278398905,97081.24811425783,78806.10421968749,77840.46415572932,67254.85679565153,76775.91762255642,77154.84674630723,106911.54532570188,68718.31491211831,4
125213.22074094067,143067.50363916202,83402.67341168803,174367.43371098445,86806.01707768644,63972.52547413415,80856.07211066152,117296.72459324892,101916.48923355213,77586.50363522812,75035.94607543304,67637.58571595977,79461.32325665036,77299.9989748,109510.71792968726,72978.95973670004,4
124477.87070010552,140908.0569038459,96849.16995157838,173227.87472341952,88069.29297081148,65813.57160968443,79305.93392919707,113195.20183744453,100982.85686765396,76969.416674306,75535.3287500535,68319.06805265762,78844.37040619498,78026.54242831975,107425.47898596275,71870.60378439473,4
124551.81027076367,141029.0916000714,88802.78781685684,170759.37041751988,86061.59222860244,64187.10222090509,80056.23728707281,116084.14245654852,97659.01835668307,79176.85260496767,77525.32691065394,66840.2766394945,77155.42789166307,76707.32011882307,108172.18371298119,69387.61554808803,4
125147.03722560851,142938.489370166,88272.0903482545,175724.56457907733,88017.14635099725,64960.450227314264,80382.17042472011,115463.9038996582,103933.60006017686,76221.37084262024,73801.34747044415,68530.49320346037,80479.66873403416,78094.31291750824,109002.84159217378,74479.0747140735,4
124095.52175945304,139664.76347026392,97103.30928603522,169979.89803312995,86853.91686605416,65335.244278340855,79098.53209239627,113509.80264065298,97130.04197240376,78765.66991396784,77792.6090708505,67270.05598188115,76793.7766663762,77165.17325224559,106848.64751680465,68743.7735490529,4
125222.25084570062,143018.37450484926,83349.40920465103,174243.1803635574,86787.2863158329,63981.84615157201,80871.22659340223,117338.00826525787,101864.25320676008,77615.82912395349,75070.05483747183,67621.1124802962,79433.22711387005,77291.05827701787,109462.30405119706,72936.17849781258,4
124470.31581047963,140902.24545028753,96620.26573661157,173165.3345424336,88068.64477022228,65792.35980419634,79305.10691465222,113128.77245292335,101096.78370914266,76929.33999649764,75475.09079874645,68336.70357903285,78904.49659877976,78049.58707685317,107415.13012827995,71965.39753262968,4
124534.08533741062,140943.50677055202,88860.43296580708,170573.3592001628,86063.04509199204,64205.05067170271,80032.92441760593,116008.95118820087,97624.57431847743,79164.1344623726,77522.93527399722,66828.6760841222,77124.35896687019,76712.23750260324,108064.38124947326,69341.88387893247,4
125158.07898736943,142938.31055621034,88026.28821447947,175666.87472663817,88014.1735689847,64950.593108009474,80400.99059355147,115514.016510727,103972.4920955291,76205.8363802238,73772.2678509078,68521.93248533398,80500.2546906775,78099.11854256612,108976.73475464998,74499.66067071685,4
124118.02996611953,139688.0092844974,97145.88935922258,170113.8967411395,86906.24229982404,65379.70189806246,79097.48156040687,113556.24956563111,97214.44215946701,78734.10925079694,77760.33315185705,67295.64872928247,76848.51608854724,77208.89326440016,106837.22577538798,68799.98818635801,4
125213.28779617403,143021.57080430636,83308.0137739198,174305.22880616534,86782.01130414144,63979.0521835151,80839.95650290925,117350.97227704195,101823.99771499608,77646.71923479071,75109.01392805742,67605.30979696629,79416.84328518431,77294.00870728598,109464.60628087596,72891.20678796849,4
124484.55387169766,140952.8274479899,96504.88603173329,173305.7034976129,88099.60193629288,65801.72518512311,79298.55785352681,113175.04056394585,101173.0255094797,76884.30123142019,75410.8965886708,68337.39648311096,78941.44403236438,78056.20319321194,107413.76667186817,72010.05631805139,4
124547.02699745024,140975.08978546737,89053.03794777846,170783.2644323426,86089.91188882732,64246.02141928929,80004.31418470314,116060.51666265925,97608.12343455834,79203.36177389167,77579.4628357247,66839.27081099401,77133.67964430805,76734.8127645031,108095.22665682157,69323.80131766813,4
125175.58040327793,143015.6028885368,87881.0465790089,175856.52927834145,88009.74792358254,64937.15970959183,80399.4259714396,115600.76363095804,103986.93132244723,76225.10358394428,73776.67114456548,68509.46021192792,80509.39655415971,78091.92128085153,109019.3818830707,74508.37785105442,4
124120.01927137605,139725.87313960472,97234.13404633214,170259.71952196595,86930.0692594134,65397.62799711562,79063.8645367461,113519.7491669356,97267.81812522629,78716.89840756636,77733.53341025513,67314.60300858057,76876.79104528321,77227.73578497599,106848.20048191554,68835.34864608629,4
125225.3577381799,143041.03917372695,83330.00789046382,174356.63781841254,86761.8276788983,63978.024003270155,80830.23349407119,117398.69325145404,101753.72383042859,77691.9368138238,75153.78447220141,67584.54502636731,79382.48865395649,77279.54712862338,109459.6888970958,72830.61120875015,4
124545.5517823162,141071.87283895884,96397.39649264772,173579.981753824,88130.17912270775,65819.22660103162,79335.99702548946,113321.95858025058,101275.46355431838,76869.21380391286,75366.30485848247,68359.59176535509,79003.64893718349,78081.0806847907,107467.63437600546,72105.00652849753,4
124592.57985265016,141043.6425857118,89217.92676662526,171018.4047840124,86112.3753920049,64285.80752441973,80006.86228357104,116137.60782928561,97589.19150700468,79240.39861445411,77627.94376944826,66856.03461933549,77136.83124027625,76760.33845667106,108123.68042751319,69327.04232061414,4
125260.1594042968,143189.07477725446,87736.76606854988,176272.49524265472,88020.00737428754,64941.33948580498,80446.69991096258,115810.17712475982,104040.03906727304,76266.7448838645,73806.10839201312,68531.90136336104,80567.0640548544,78122.29730156629,109134.85099492682,74586.0054595477,4
124172.16589119029,139857.92724584666,97326.35734395473,170621.4825059751,86971.62115235582,65425.88060210712,79067.21729841438,113582.04347873254,97328.21253874453,78700.08989573598,77721.91050313837,67347.68359037442,76924.08733655064,77263.27505865993,106901.75526163046,68905.15314402022,4
125224.46366840169,143071.0128630415,83340.20028593544,174372.66401918698,86738.00071930894,63958.51093036067,80798.85164485594,117357.76720735637,101661.5452362949,77719.9435496263,75199.15851344568,67564.51786333536,79343.64132209317,77266.3372476503,109466.6402896214,72770.5744231432,4
124581.58279437815,141153.2778922651,96311.31992475032,173685.95137428658,88152.73203286315,65819.785394643,79347.35171167276,113389.93023513917,101344.8657208521,76836.02146339673,75318.11449743682,68374.74624809579,79054.47680407486,78093.82117913022,107498.63624556498,72168.57488972842,4
124584.64498336852,141038.09935308687,89424.0098505032,171010.08993507506,86117.29277578507,64296.8269344362,79960.59417254856,116090.04331708471,97541.09055293686,79259.26348677439,77663.95242976576,66862.31545952744,77129.61162681719,76770.06146550912,108138.09730268686,69287.81500909508,4
125234.67841561776,143174.97082650315,87611.43983738899,176107.49466508566,87986.09977794884,64894.57963640447,80414.33458499129,115759.72923752418,104003.0022267106,76265.26966873046,73787.60114760413,68502.4641159134,80544.04175806543,78091.6307081736,109138.58373625085,74550.80146203059,4
124151.08819616893,139812.82142553586,97452.48823791603,170453.41973941564,86982.75232109455,65433.122567310646,79029.26403632927,113504.28175977252,97347.43503897608,78667.79162499805,77679.79981658456,67345.82839558464,76926.94835984091,77263.52092784893,106866.7747815579,68909.01999581099,4
125258.90770660732,143078.61245615632,83457.39048211461,174392.7135339634,86733.55272216233,63981.26500621617,80818.0294415986,117516.53164822242,101597.10515703025,77781.07557071156,75258.86002288581,67549.05045617229,79315.52282756839,77262.1798231816,109489.01438582115,72719.72420450738,4
124623.89464663205,141267.2941407316,96264.33655790528,173982.9166511198,88173.78737614006,65818.82426963143,79362.3273804578,113487.9426345757,101463.53113216534,76856.87564097354,75309.71024152164,68415.60523696008,79134.58545620268,78133.40611856057,107637.64174433253,72283.0605248285,4
124598.83834109764,141042.72616418914,89634.38446931654,171062.79534850066,86125.98760437818,64315.84826896767,79942.60101826204,116082.08609605863,97475.77875563846,79281.03408587386,77692.69677313528,66853.46416872313,77083.52232975034,76769.25680270873,108117.53369778798,69231.60037178999,4
125296.45863729223,143271.8656387169,87515.93083333145,176283.17937650435,87992.44767337415,64888.05292702353,80455.37238781124,115901.75222179321,104025.3986746548,76299.3560790248,73805.84017107966,68506.71094735991,80564.13597633076,78102.04662108977,109211.11514700833,74583.63617463544,4
124198.83152232546,139895.6122869983,97571.5783323739,170668.35411409786,87029.0427838615,65455.4519600215,79031.43215554145,113521.045568114,97423.5427288464,78672.59725005594,77678.16813923934,67391.09067810663,76984.68291576898,77309.31965223786,106938.70269521508,68984.9265199812,4
125257.27602926208,143072.24220898654,83479.2504881919,174297.11512292805,86713.59261436375,63954.532319847625,80789.93329881827,117437.74174901746,101519.99163865944,77823.40977470991,75305.23989263058,67531.34787456368,79280.25177481792,77251.24982014297,109494.78113589063,72659.3521427336,4
124615.87037037259,141237.76748630614,96137.80333254377,173734.36525277677,88174.59203894043,65789.76700183953,79349.60923786274,113376.96622335509,101497.34932152621,76802.15857054693,75230.8532870833,68399.82490537464,79140.3298545277,78117.64813871958,107583.9975576398,72300.49488550363,4
124558.649904567,140915.6117934718,89799.80973003028,170669.00231468707,86121.0255171091,64321.59266729268,79901.45145671982,115931.34593145203,97407.40476934967,79280.92232715158,77700.83280811702,66833.526412669,77041.54575366327,76754.75052055724,108032.37355141326,69163.51695817911,4
125313.82594273401,143257.73933622116,87392.79507312717,176152.55578190755,87989.02785647249,64883.40376417682,80487.53654808243,115987.09118212358,104036.79806432701,76321.99839615803,73808.14240075856,68493.27754894228,80580.09512187185,78097.71038266545,109228.14717628327,74593.3591834735,4
124185.73340007466,139849.254768998,97661.16412415078,170552.013284208,87053.85322020689,65474.02625966386,79019.87630365805,113458.84066329488,97459.19376125262,78640.12016536239,77642.8747347444,67393.95170139692,76997.0210787083,77317.58979768632,106907.52201169993,69004.30548242397,4
125247.17304076828,143018.3074496159,83537.85676215372,174175.27576390217,86702.0144107359,63957.952136749285,80787.60871739492,117452.18097593558,101439.77122780934,77866.12395836401,75356.42538743322,67504.97281610643,79236.33059696325,77236.34120659129,109477.54794091558,72592.16279890094,4
124651.90138243455,141306.74496969522,96058.81226763873,173923.77393529104,88208.05260039003,65802.10516477886,79384.09797955728,113490.13310553231,101596.2781424854,76801.59977693556,75208.68035658365,68418.42155676146,79202.8476837692,78147.51006931187,107657.06541026419,72391.31002322555,4
124545.21650614936,140882.19593551112,89983.89869736419,170659.16754712674,86131.24026432518,64334.556679076755,79867.78972957013,115856.02055263765,97355.86164663573,79302.78233322887,77738.09316612402,66826.8208893324,77013.74018356088,76762.32776192758,108017.5990483283,69119.88635300235,4
125306.65103276385,143234.27000454307,87239.70797535277,176034.06918454997,87966.11731840578,64849.4067608603,80483.58028931383,115970.26031854872,104009.93126749173,76330.76027998452,73803.64970012305,68466.18723466244,80559.77738616198,78075.69391437697,109213.19385924267,74570.53805238463,4
124190.13669373235,139839.24118748202,97727.63821216086,170563.0550459689,87078.23897340763,65486.63264353665,79005.14650406201,113416.93114244117,97524.68437250667,78629.61484546839,77627.78730723707,67421.69021626595,77044.33972172019,77344.6577602217,106921.7377211735,69062.5541284745,4
125245.51901167858,142965.35616700127,83545.61281747972,174031.93402671028,86676.86869822368,63949.83845351201,80782.49016791466,117445.14017643216,101345.35745923013,77896.9917174568,75397.21732106416,67478.64246113806,79190.37541036314,77213.38596503568,109433.26913514962,72517.91030382042,4
124686.25601366235,141335.82458923158,95902.10418726256,173943.62228436736,88218.40145807284,65796.51722866502,79414.13872410521,113538.97166716715,101678.71137603658,76774.33064870008,75163.26161185045,68435.38653080304,79258.6599896741,78158.46242409498,107673.29277673874,72466.7024572733,4
124575.39136116403,140879.87135408775,90126.50282698905,170725.68633862573,86144.67366274282,64362.76458057936,79874.0035145287,115887.62591929745,97344.10462905225,79322.13894392717,77779.39918987743,66847.92093609822,77028.6264453681,76783.5172156712,108018.8507460178,69116.42183261178,4
125342.6373413369,143300.2747059196,87043.83963869092,176156.7802616096,87952.6615682437,64827.345589082914,80514.69391759562,116049.05021775368,104035.18873872624,76343.74664351305,73811.49516242686,68471.8645777541,80593.48381680058,78084.76872262583,109263.2394150781,74604.22213127877,4
124221.54089469207,139876.4121385112,97746.99482285915,170639.94504689515,87115.36522094789,65508.67146356958,79020.27863505825,113420.70858725412,97582.97772204611,78577.91526054326,77579.14991130232,67440.17510893049,77077.28619304732,77368.61883027779,106893.23924699298,69105.60358829542,4
125285.08159936448,143017.0557519264,83552.60891349423,174155.76269099268,86681.69667502603,63958.42152338285,80803.23258676918,117528.86981116174,101319.54119438425,77941.76226160077,75455.62242932587,67488.09724904266,79203.51823610286,77240.0292444264,109474.19517924728,72506.75678333722,4
124671.79443499977,141371.34151117105,95691.14842309337,173912.3074903855,88221.50835055213,65758.38515262427,79399.20775880906,113433.33732287138,101755.35550777383,76724.93329345385,75098.21803548552,68446.62945826405,79303.65405126262,78175.96384000347,107679.93124484197,72529.44380395935,4
124538.01924443475,140795.1358908577,90224.91755782576,170451.96687602604,86148.67462500032,64370.5429876498,79840.9899879682,115759.01398170162,97280.60332305472,79292.03114414588,77760.13198615695,66827.71495911061,76986.76162800333,76775.89527081195,107904.90155278463,69046.08089281093,4
125339.39633839087,143292.0269122156,86852.5534096424,176028.9953385586,87940.09988785982,64805.195010327705,80530.69776662561,116070.84316859761,104043.8612155749,76351.61445756131,73798.84407506515,68464.89083348404,80612.1251716763,78085.10399879265,109265.80986569046,74612.13464881595,4
124191.96953677769,139823.37144891877,97761.18818058827,170483.9969258305,87132.64311941185,65514.99700725044,78996.78695163572,113309.37454812224,97626.00483012258,78533.34588209938,77523.58347458643,67452.98265850337,77102.16368462607,77382.94629847363,106842.43373184607,69133.38680665336,4
125233.51612490609,142899.79850051386,83539.30962554332,173829.1813527562,86645.12922109714,63943.53526157561,80773.19184222125,117426.52117330089,101223.47339671534,77959.24132576481,75472.92267953428,67454.92726027098,79149.65053196557,77217.27516857091,109390.17497183979,72414.46643048125,4
124678.54466182526,141362.84784827803,95532.27222350506,173863.62539096182,88227.7221355107,65761.96143173712,79421.38068930873,113475.55976814745,101838.32518319192,76693.66320296087,75035.92372368858,68456.44187407993,79351.62089486372,78189.93368028804,107674.67858489497,72594.82265649113,4
124524.20586636137,140736.1272854957,90368.61692292892,170382.7658751924,86155.5366105481,64397.52154320736,79822.68390925931,115714.1093270909,97254.27296808637,79297.4179145596,77776.4040561204,66835.53806966997,76971.76360747381,76792.43556170887,107865.45072382102,69020.4881454096,4
125309.66851826532,143245.87055991538,86653.7569944569,175849.3990718602,87905.45468395409,64765.65477438626,80521.10886825429,116004.65965326544,104032.0594945025,76350.85449824983,73787.10940922612,68449.1552053875,80597.50713080254,78075.11276902113,109240.95472585617,74597.98599457575,4
124159.91713522878,139744.6262532027,97753.8791601514,170266.0897691357,87142.85786662792,65518.14860321863,78984.18056776293,113212.50208765295,97668.29433063202,78469.48694819056,77456.68470343169,67456.46953063841,77102.38720207062,77389.65182181023,106745.36010567666,69146.06024575952,4
125192.63478429733,142801.18260397704,83516.98023283246,173590.3306115068,86614.52968293783,63925.18447937781,80757.09858621343,117369.16659702857,101161.11202968503,77979.96139287489,75506.33853749497,67439.0128182188,79106.95870005593,77208.40152602215,109329.802910066,72350.76395878363,4
124666.13944365257,141336.3163276096,95341.18716015664,173764.1154246468,88235.41113560332,65748.59508855284,79447.1522506657,113491.87654159982,101911.86242244988,76642.36594943595,74966.25333622139,68460.84516773763,79373.07856954081,78191.453598911,107622.17433716946,72636.82158432265,4
124498.61311896004,140672.82714519824,90497.58648843605,170333.12265075717,86168.7911950101,64420.6555987186,79810.72572597573,115686.8625505999,97242.71711620297,79307.3197373533,77799.91809128739,66849.55261344345,76964.90162192602,76810.80869565114,107819.98727559892,68997.66701432074,4
125300.99604141666,143249.22332158367,86483.90608834101,175892.24736598105,87889.4508349241,64746.56638462143,80534.34110097184,116070.30672673068,104037.40156142731,76367.1265682133,73785.90241502553,68441.84618495061,80596.90363370224,78069.30131546276,109242.07231307893,74595.52730268566,4
124147.55662054499,139753.1869713291,97799.65553279586,170414.05831742982,87169.81407044102,65536.58879239426,78970.99303853429,113200.92388402509,97743.68676467976,78441.72608157707,77413.83640931087,67480.6317663946,77140.18400194455,77412.31649068791,106748.53405338932,69196.66459520634,4
125136.2413330366,142721.4315797605,83550.91018091563,173454.65552266306,86581.69497033299,63907.32543555802,80716.73133572713,117286.30868033275,101057.69050809032,77996.76990470527,75525.71749993772,67403.33943406814,79030.87336193006,77175.70092388403,109261.89831041078,72248.28121045604,4
124648.90624867754,141335.73518225376,95227.17091169012,173794.1338174503,88240.03794670558,65739.49792855953,79448.49335533302,113512.12722207633,101979.23058023817,76616.12500144541,74911.46921056142,68462.54390031623,79395.40796225166,78191.4088954221,107626.59998257161,72679.98280286584,4
124417.94567322085,140542.3823645571,90667.72796722985,170108.04058409223,86150.17219187882,64413.65950270409,79745.16805948831,115520.92319976368,97169.1351734561,79296.54619652584,77802.30972794411,66826.41855793221,76898.42753391595,76788.74752387375,107735.25181236885,68912.9091993462,4
125264.89797412134,143182.9503992737,86386.7430551938,175752.30309394636,87857.0855089528,64723.34292213237,80536.9562550731,116101.86738990157,103994.06152892848,76372.46863513811,73779.82274053368,68406.21750428886,80553.72006341458,78035.34901563515,109208.0753097624,74546.01818871715,4
124102.96489035666,139696.01120901242,97898.09261537703,170389.2702328289,87176.92192517781,65537.79578659484,78943.0310062207,113131.58877272473,97781.4835645537,78421.34129063383,77393.85394976783,67492.09821130017,77149.14705147113,77420.273711714,106747.63998361111,69223.59844727498,4
125140.13053657181,142693.00016081336,83697.33645884234,173534.74182304644,86570.16147019404,63929.40895907986,80735.41739409178,117419.52507728638,100962.31561449953,78048.73771056387,75593.91267227086,67381.52413147976,78974.72577985833,77151.38222591666,109255.6398219633,72169.82658741792,4
124679.84106300368,141442.39770679447,95182.73564371296,174210.45740967483,88251.21381893323,65740.25788787102,79480.45634990411,113663.15795936085,102073.97962498423,76639.37081567894,74921.54984731077,68497.6137873666,79466.82178578636,78213.62652941067,107770.36640290814,72782.21968200442,4
124441.48206013229,140609.45994966745,90927.6117000117,170498.63731844872,86163.00209319618,64447.92472695407,79745.90566705534,115607.82678220593,97134.91465269502,79333.56068534384,77859.75371119425,66843.2270697626,76895.58886237012,76795.2295297658,107804.1398887801,68902.00154805202,4
125280.74536094016,143275.7101387632,86309.16015018942,176041.48996370911,87828.76584872793,64696.051442152435,80546.09811855532,116165.23458543236,103971.1956943507,76409.99721407858,73817.82070610771,68402.66357692046,80554.72589191508,78022.63087304006,109305.39480512081,74545.32528463904,4
124131.3516058149,139776.00810241798,97993.82513687911,170655.79243371397,87200.41360860034,65560.16988279461,78953.24575343679,113168.49150282044,97826.87995754242,78400.04007816793,77372.6644960242,67514.11467958865,77177.08673204026,77431.33782521938,106786.73318466345,69267.07259024055,4
125145.42790000772,142716.40243725808,83765.73279687557,173619.99137639898,86544.05463267025,63919.59654326398,80725.69438525372,117417.46871679649,100881.15643038231,78094.31291750824,75657.32457129056,67371.44349473041,78940.14763118597,77141.23453393395,109289.61447353536,72116.04829025845,4
124712.02757501931,141517.90189956452,95040.84676991067,174333.0567280122,88251.21381893323,65724.58931500785,79503.92568158219,113701.49120110169,102128.98726808873,76609.84416125348,74881.85314915814,68509.7731363503,79500.55056816943,78215.57113117828,107805.9950835699,72840.91536294406,4
124446.48885089027,140598.14996697308,91068.2935796134,170468.8871465787,86169.61820955494,64461.49223583844,79727.73369881317,115541.93383955168,97095.26265803131,79330.99023473146,77876.07048464663,66851.72073265562,76878.10979820607,76801.44331472437,107774.34501342119,68878.19694020713,4
125310.65199502136,143302.91221176533,86139.59981675146,175996.42884688723,87815.31009856584,64675.912520398204,80573.45665376862,116217.09063256868,103951.70497318567,76415.69690891467,73815.89845608456,68396.67330940644,80552.62482793628,78013.3101956022,109308.36758713337,74546.35346488398,4
124194.78585657905,139849.0536032979,98018.85909066905,170832.9300085223,87246.9946440452,65594.92684542261,78988.18153002042,113248.5778032038,97916.08576966355,78373.03917086592,77334.68888219463,67566.68598254753,77251.3839306097,77472.71090420615,106818.65147574562,69358.37946634048,4
125133.55912370195,142690.38500671208,83738.32955817337,173492.36291555918,86513.38803927756,63896.26132205264,80697.55353898449,117299.71972700594,100805.83105156792,78120.30799630976,75684.19136812584,67376.6067476996,78923.51793331122,77141.54745835632,109278.3938978188,72066.40506582322,4
124732.83704910721,141524.60742290108,94809.41680782042,174178.33795289256,88253.85132477895,65713.01111138,79528.266731294,113673.26094785464,102180.84331522505,76550.14265181335,74786.12062765607,68519.65260739953,79536.4251180202,78221.33788124775,107756.2848039013,72879.38271515165,4
124463.05149353165,140562.34247235567,91157.83466790136,170336.92244731457,86187.90193651938,64498.707890356534,79732.20404770423,115512.18366768166,97082.23159101387,79319.92612122609,77868.51559502073,66878.52047425753,76894.09129549161,76833.9874546513,107727.92044018752,68870.01620173648,4
125311.61312003293,143298.55362159654,85903.54304355897,175849.33201662684,87785.53757495136,64650.27506950797,80587.13592137527,116200.61739690512,103951.54851097448,76416.34510950389,73798.4193919205,68400.71897515285,80567.4663862546,78025.7154137749,109294.86713348236,74560.12213946845,4
124209.49330443065,139859.53657144745,97976.90486632644,170803.559816308,87273.81673739156,65620.94427596859,79002.397239494,113250.16477706013,97984.45975595234,78316.04222250488,77276.77551231092,67589.97650026996,77296.2885852204,77511.40177385829,106786.04028058532,69426.95461832937,4
125127.21122827665,142665.14988722204,83725.05262196691,173362.4769285294,86498.85940538162,63905.29142681258,80697.91116689578,117302.75956425186,100736.76416120102,78129.0922318807,75715.84143827455,67358.99357306882,78886.45874100432,77149.92936252707,109225.57672567091,72022.46153622407,4
124727.13735427111,141573.11070836912,94594.70595058275,174196.5099211347,88253.91838001233,65698.08014608386,79536.04513836445,113670.26581409763,102279.36980478404,76516.30211070801,74743.85347889108,68537.2210785414,79598.16063620575,78256.29600957585,107785.25266471537,72977.79744598836,4
124423.44420235684,140497.6118204131,91248.04630852299,170134.32623557167,86185.80087254058,64512.968303319016,79703.10207642343,115402.81658206185,97037.77397129226,79283.9621643975,77860.71483620582,66865.75762817355,76860.04958868619,76837.38491980851,107629.57276458417,68825.78209945942,4
125327.01347196264,143323.6769823643,85732.17221882012,175823.11342038077,87770.87483058868,64646.207052017104,80625.51386660503,116286.51515084687,103958.47755175563,76418.98261534961,73795.82658956369,68394.25932100527,80584.09608412936,78029.55991382121,109289.9497497022,74566.91706978287,4
124199.25620547011,139855.33444348985,97924.4676738343,170743.76889989007,87289.88764165493,65631.06961620685,79006.50996047378,113154.25344160241,98057.16998066545,78260.78871021136,77215.17410459211,67614.71988138199,77341.43910902014,77538.8050125605,106749.8975098011,69477.8048369652,4
125147.88659189781,142653.34816614963,83721.76691553199,173317.77343961876,86498.05474258123,63931.42061608084,80731.48348706764,117356.33669571123,100687.52326816598,78144.8949152106,75740.00367403074,67360.37938122504,78876.95924961082,77160.36762718769,109173.13953317876,71976.79692230189,4
124792.44915156951,141688.42335801403,94397.34004704238,174455.2760666938,88286.39546470589,65720.45424228361,79608.30832818846,113825.45397585083,102388.98275959287,76491.75989529608,74696.31131843464,68579.35411683966,79683.72311398067,78300.3289461528,107829.26324954788,73082.11303736127,4
124430.8202780271,140536.0791726207,91352.13838245135,170284.08292342222,86205.850387317,64542.20438506656,79690.31687859498,115363.8798432207,97040.2550149268,79283.49277776394,77872.33774332258,66898.86056171186,76879.92028950695,76876.67928656093,107635.49597686483,68840.55660254438,4
125331.5285243426,143367.62051196344,85573.63129539863,175849.17555441565,87759.45308917202,64635.94760131212,80634.78984055399,116322.76968035338,103926.782778118,76415.40633623676,73785.3659731586,68381.58588189911,80564.69476994214,78022.92144571799,109271.62131924884,74545.48174685023,4
124201.64784212684,139905.2235371141,97987.14196528697,170866.97171532773,87326.45509558382,65664.28430846742,78997.16693129146,113175.88993023515,98115.06099880469,78221.98608183695,77174.29276398335,67645.8111579193,77373.5585658024,77567.057617552,106765.40962045308,69528.72211083438,4
125131.65922542325,142674.7834890823,83856.48087936413,173403.62649007162,86485.44835870843,63940.87540398543,80703.23088207614,117402.58245498926,100607.28050557143,78196.99683153591,75810.67988999843,67356.57958466763,78837.37431018047,77157.0595690083,109209.55052489645,71917.18481983957,4
124750.7407964159,141704.02487564384,94315.7114762916,174420.0720691767,88268.335255186,65683.46210521008,79575.20539465015,113771.11688507997,102408.11585284662,76466.21185138368,74655.36292259251,68569.09466613468,79669.90973590729,78278.22307088651,107842.47313052096,73091.79134271042,4
124387.50259727272,140468.2639799433,91608.19996693135,170152.5205555583,86200.08363724753,64552.53089100491,79650.37431125336,115311.35324375072,96969.91407512595,79297.06028664831,77895.0918191781,66881.42620103672,76816.19546606488,76858.82024274115,107587.81970594166,68767.22052898652,4
125329.00277721915,143392.4980035422,85555.3475684342,175910.8663691123,87734.12856270417,64611.07010973336,80644.75871858106,116421.20676293454,103914.08698726738,76480.76283702409,73836.03737783879,68371.14761723849,80553.25067678103,78016.55119854823,109345.13620676234,74536.51869732366,4
124176.23390868116,139909.64918251624,98107.08142603416,170916.63729150742,87332.69123228684,65654.51659614046,78975.15046300298,113130.4488337575,98157.3728510586,78222.0084335814,77164.4132929341,67649.45449226553,77375.2125948921,77573.7631408886,106784.81093464029,69553.59960241313,4
125076.98685848557,142589.7127496854,83991.73128506319,173202.95252835186,86444.79053554422,63911.0358251376,80664.27179149054,117317.80228827028,100483.16126861112,78240.5156779904,75863.63117261305,67306.10934568755,78739.92070435533,77118.949844712,109159.97435569458,71798.16178061508,4
124733.08291829622,141717.3018118503,94265.28594080043,174438.6240170746,88268.089385997,65660.5515671434,79576.1888714062,113793.356870813,102466.43155413051,76477.36537186686,74648.07625390009,68563.35026780967,79685.13127388136,78282.35814361073,107898.30778817032,73129.67754956217,4
124348.72232064276,140416.7432089738,91881.45004289747,170121.87631391006,86209.53842515212,64566.88071094522,79612.10812474586,115267.07443798476,96918.28154543419,79319.92612122609,77942.20929648988,66866.87521539631,76765.9710962738,76857.3450276071,107580.53303724922,68702.82515321078,4
125336.60237033396,143422.27052715665,85584.76246413738,176034.62797816136,87724.85258875521,64604.87867651924,80659.9355530662,116574.20445373112,103867.32713786687,76523.3652619559,73885.30062261828,68340.01163721224,80509.01657450397,77994.42297153747,109399.2721318331,74484.10385657595,4
124180.88307152786,139988.48378521012,98275.5465239938,171262.55288869774,87361.21205821182,65664.17254974516,78954.81037554865,113185.97056698448,98227.04323852579,78240.49332624595,77192.37532524769,67675.2707571114,77409.36606041981,77599.44529526774,106919.32373277233,69604.74039372688,4
125051.10353840633,142592.17144157548,84186.124406591,173305.2564627238,86420.69535502141,63898.56355173154,80624.82096252692,117313.75662252387,100370.6425870231,78300.10542870825,75950.37829284409,67270.882996426,78657.59922952643,77090.65253623159,109197.21236195712,71696.93072997699,4
124749.33263651523,141793.27539125388,94217.20733847706,174638.31450203832,88266.52476388511,65640.77027330044,79589.35404889037,113881.04276431118,102504.07189179324,76483.93678473674,74640.00727415172,68553.00141012686,79690.87567220637,78273.61861152871,107971.46504777254,73165.6191546463,4
124340.74274787221,140407.66840072494,92106.84503398479,170164.3669801196,86214.92519556585,64575.35202209378,79591.27629891352,115241.16876616106,96862.93862616285,79335.21471443352,77974.41816024997,66849.75377914355,76720.17237188487,76845.43154781242,107582.25412157227,68665.2071672925,4
125307.2768816086,143418.22486141024,85451.9707503284,175946.09271837387,87678.47271901045,64541.3326670328,80641.04832900147,116502.18713309613,103829.86561415979,76562.27964905258,73920.03523350183,68314.24007585527,80481.76979801296,77976.02748585076,109439.54997534156,74478.71708616223,4
124152.87633572536,139913.1807581402,98240.76720962134,170967.37575142094,87363.89426754645,65641.10554946728,78941.66754980893,113044.26050713785,98233.7934653513,78171.94052600152,77109.96444344097,67650.25915506591,77379.1688536607,77577.67469616827,106813.46587103199,69613.41287057554,4
125075.95867824063,142523.95391749789,84232.81720075813,173119.58052153356,86418.1472561535,63907.79482219158,80655.62166638633,117366.48438769394,100291.85268781814,78325.45230692058,75988.86799679614,67254.29800204016,78620.69649943072,77081.55537623828,109149.5584427784,71650.50615674331,4
124825.6191403412,141871.730014292,94020.95902215947,174824.5715885844,88294.50914794316,65638.55745059937,79658.35388402389,114021.4117194905,102608.78981456636,76473.9008514763,74611.46409648229,68593.48041933542,79779.16506280484,78308.10735322325,108058.88272033725,73286.51974040506,4
124371.69991394281,140411.26703158225,92196.96726762858,170264.56985051275,86234.3488614975,64587.153743166185,79590.7845605355,115190.11738182514,96864.63735874146,79331.45962136504,77981.2577940533,66887.57293076193,76753.69998856784,76872.76773128126,107602.92948519344,68692.18572285006,4
125367.85010908249,143445.00225126772,85271.61452431853,175992.71845730764,87676.3940067761,64534.47068148502,80699.0958093519,116599.84190462135,103797.34382597731,76553.7189309262,73903.40553562708,68316.6764160009,80490.66579230617,77962.61643917757,109431.0339607041,74477.73360940619,4
124220.06567955801,139992.06006432296,98210.30178192876,171225.1137167351,87408.91068087945,65669.8498928368,78983.889995085,113102.91148458856,98343.62993760467,78145.99015068891,77075.78862616881,67721.00242626696,77494.23563411662,77630.58127529398,106891.47345918101,69738.62734301417,4
125115.90124558227,142563.0918220391,84261.11450923854,173260.64238079102,86414.5486252962,63921.89877294288,80672.58664042791,117409.60090274822,100240.1083994041,78362.01976084945,76035.78430840782,67273.90048192746,78637.37090079438,77094.96642291146,109180.20268442664,71636.33515075865,4
124847.34503595174,141928.86107311977,93810.76321730176,174880.29448751148,88291.15638627487,65624.22998240351,79670.33441905194,114008.98414957336,102664.95974838255,76438.42863302573,74555.58473534403,68609.5960270877,79829.36708085146,78310.14136196868,108074.17131354468,73344.58957249994,4
124399.77370497868,140426.62268002305,92338.69967921969,170286.51926356784,86257.79584143113,64633.53361291094,79595.99251699359,115200.53329474131,96856.90365515991,79329.15739168614,77990.08673311314,66905.3425676039,76767.04398000766,76887.7434000663,107579.57191223765,68682.2615483119,4
125360.92106830134,143465.6105596555,85108.0444583946,175891.17448224718,87645.10156453867,64503.96055030353,80690.02100110304,116549.37166564127,103784.35746244878,76578.1270358714,73924.39382367062,68309.65796824193,80496.7007633091,77957.74375888631,109451.66462083634,74467.34004823447,4
124239.71286293422,140022.32432631546,98197.06954921121,171174.48701554383,87440.71721323935,65695.21912279357,79001.52552146024,113117.77539465135,98409.96991514802,78098.20212104346,77022.18914296498,67727.75265309247,77520.83421001842,77643.03119695559,106848.84868250474,69779.1734074561,4
125073.7235037951,142497.51180380725,84259.08050049312,172973.26600232912,86382.96561038085,63898.40708952035,80633.3816806533,117263.9792876219,100172.04733753769,78380.32583955835,76071.61415476969,67254.38740901797,78596.73542937463,77086.20453908498,109136.12504436077,71572.36445812756,4
124849.714320864,141918.6016224148,93579.15444125587,174643.7236241965,88290.73170313022,65605.23099961651,79697.60354728742,113996.17660000046,102722.11315895476,76385.6785161112,74480.46052222974,68596.25203564788,79845.594447326,78305.46984737752,108016.1908884276,73382.45342760724,4
124388.79899845112,140373.7831561307,92422.67518313829,170111.01336610477,86277.75594922972,64655.304212010415,79587.23063316711,115137.94841026646,96871.70050998933,79314.27112987889,77986.44339876693,66916.9431229762,76777.68341036838,76915.92894982445,107533.01322853724,68693.28095832837,4
125399.76840016466,143495.0254553587,84963.67454095776,175897.88000558378,87647.89553259559,64512.118937029714,80735.23858013614,116693.38395516682,103784.71509036007,76589.97346043271,73928.97593128395,68301.7230989603,80504.6579843352,77964.47163396736,109454.19036795979,74473.9785163377,4
124259.6282672439,140075.90145777483,98164.95009242895,171318.81222949174,87474.73656830032,65710.9100474012,79001.45846622688,113127.74427267842,98513.9055268652,78067.31201020622,76980.79371223375,67765.68356343312,77590.70576318572,77687.86879633294,106892.45693593705,69872.58134753483,4
125113.42020194772,142550.15016199948,84358.59046680815,173143.49688810075,86405.27265134724,63936.80738649457,80650.10078550587,117407.72335621397,100120.66067703495,78416.60272080931,76124.90071355113,67251.45933049433,78582.00562977858,77101.06844914776,109146.45155029913,71536.91459142145,4
124865.33819023827,142033.64605112627,93411.2481369076,174895.00193536305,88307.80843589407,65587.34960405226,79692.17207338478,114042.44471102295,102816.95161067863,76388.02544927901,74473.75499889314,68620.77189931535,79915.13072432646,78341.00912106146,108120.50647980053,73478.67768748733,4
124338.08289028204,140331.53835911016,92550.32599572254,169978.82514939609,86282.89685045443,64654.36543874329,79518.90135036723,114992.57266432914,96823.17487277686,79287.67255397709,77981.14603533102,66898.25706461156,76737.71849128228,76912.12915326704,107461.57705325808,68643.5036234264,4
125332.08731795399,143428.3502016485,84812.8673211178,175593.73981878042,87603.84024427418,64457.89360498114,80684.45541673368,116574.0703432644,103735.04951418037,76593.77325699011,73933.6474458751,68259.14302577294,80464.78247222691,77939.66119762197,109413.44313781777,74424.82703028047,4
124193.60121412293,139981.37593047332,98137.27863279327,170985.4583126853,87474.26718166676,65694.16859080417,78953.7821953037,112970.92443357997,98553.28930059544,78003.87775944207,76907.72585960936,67747.2880777464,77589.78934166305,77679.50924390665,106811.83419368675,69882.46081858406,4
124976.89574681471,142303.05162704608,84368.67110355748,172420.61912067165,86332.8753510565,63877.88818811038,80549.85321162382,117078.92919527642,99989.09830917101,78403.2587293695,76121.54795188284,67185.14170469543,78478.11472155032,77045.21143975394,108993.83383915828,71398.44553452081,4
124788.87287245666,141854.74268850597,93209.747160643,174327.9381785319,88267.66470285234,65545.28362098738,79675.27415457656,113922.97463690933,102831.92727946369,76322.98187291407,74379.69885822521,68573.3862010701,79891.99666881522,78296.3279838953,107995.62728352872,73460.840995412,4
124261.66227598934,140114.63703091588,92684.83879385458,169499.58139652986,86260.99214088824,64660.7133341686,79479.71874233708,114849.856775982,96779.5442676001,79249.87575410317,77945.94203781392,66863.85772989485,76687.82939765805,76881.395504641,107329.09826387146,68578.50475055036,4
125326.85700975145,143351.01316583314,84727.57306427635,175496.666192611,87573.28540960376,64454.83141599077,80714.8537891929,116691.93109177722,103713.97181915902,76616.9296642458,73948.44430070452,68232.56680161558,80455.39473955569,77919.7904968012,109412.10203315044,74404.79986724853,4
124185.06284774099,139969.66361637876,98151.3602318001,171146.97201811936,87487.03002775073,65704.22687580906,78956.53145987171,112991.35392801213,98644.32795576191,77978.06149459619,76878.75799879528,67770.6456507022,77645.71340629023,77700.78810462811,106852.15674068414,69962.27889803397,4
124993.97247957856,142316.30621150808,84515.00797450638,172706.20735957712,86331.06485975563,63904.84439192348,80568.74043568855,117223.29911271324,99931.5872706875,78449.92917179217,76190.39132480518,67178.61499531448,78461.73089286458,77043.22213449742,109022.55583078336,71360.55932766906,4
124818.93596874905,141967.261370094,93114.19345309657,174768.62517221275,88273.16323198835,65540.41094069612,79704.15260841283,114065.80228397874,102902.7376058981,76322.69130023614,74368.45593076419,68587.11017216566,79944.47856479629,78302.96645199854,108095.42782252167,73530.77960381265,4
124264.90327893535,140172.9750839442,92917.34163967868,169884.97017442825,86279.90171669742,64686.70841297012,79462.48554736204,114884.94901477684,96774.44806986429,79270.08173109076,77984.99053537734,66884.44368653819,76703.85559843249,76893.71131583587,107385.75993606567,68578.14712263909,4
125302.828884462,143390.57575351905,84681.10378755377,175658.9175056121,87538.23787429785,64414.821793415766,80696.05597210598,116684.08562947341,103663.61333890121,76651.77603385164,73981.43547552056,68213.88074325093,80437.96037888055,77885.97230744033,109457.99016451719,74363.69500919522,4
124191.92483328878,140020.87146292586,98253.6865179165,171356.22904970995,87507.79479834971,65717.77203294898,78960.91240178495,113039.74545475787,98688.31618884996,77956.67087515246,76844.64923675648,67779.72045895105,77670.34502867998,77690.0369155451,106872.07214499381,69987.73753496856,4
124966.61394436526,142294.4909089197,84696.43708425011,172742.64070303927,86300.91235648541,63893.445002251276,80534.02817654946,117194.80063853272,99831.07147587198,78506.94847189766,76256.77600583744,67157.96198343778,78411.4618195846,77009.56040734773,109044.19231941609,71273.11930335991,4
124828.70368107602,142015.8093590509,93053.35200468922,174894.8901766408,88264.26723769514,65516.74044331795,79719.30709115352,114131.82933709971,102925.42462652024,76330.35794858432,74347.95938109868,68579.97996568441,79954.60390503454,78276.05495167435,108150.18959643718,73553.42192094588,4
124264.90327893535,140179.9935317032,93165.44600313259,170001.5345217627,86288.23891737926,64695.31383458541,79445.11824192027,114875.80715129462,96745.18963637229,79299.22840586047,78016.08181191467,66892.60207326438,76693.3502785385,76887.60928959958,107421.96976208327,68564.42315154352,4
125266.39554099985,143354.65650017935,84626.56553108282,175526.59517843666,87482.91730677096,64349.91232751755,80666.39520721379,116597.78554413148,103572.35116629019,76682.17440631085,74001.57439727479,68175.32398406553,80382.55040437584,77836.28437951618,109465.61210937645,74302.02654624303,4
124162.5099375856,139958.30893019546,98286.20830609898,171167.71443697388,87502.81035933619,65689.4523727241,78936.28077939521,112922.04116845623,98695.26758137555,77910.02278447423,76777.370485946,67765.72826692203,77659.50443261916,77663.52774662111,106821.53485078036,69995.89592169476,4
124910.93574892709,142140.01800298906,84797.28815523245,172343.95263718994,86256.58884723054,63857.413990189314,80488.07298994935,117037.10908140053,99696.02223587302,78519.15252437026,76277.11609329177,67113.07968057152,78329.52032441144,76961.0124183908,108955.79117009536,71160.53356653852,4
124786.9506224335,141910.51029092196,92879.67895027148,174557.7588150214,88230.2255308897,65463.4985880254,79702.96796595669,114020.85292587912,102938.99213540461,76295.26570978948,74293.19760718317,68559.05873287424,79958.11312891402,78249.45637577253,108108.30242732793,73563.88253735096,4
124255.91787766432,140079.14246072085,93356.55341822546,169865.9041364079,86298.81129250662,64723.23116341009,79440.4020238402,114886.62539561099,96718.4345982593,79290.39946680063,78018.62991078258,66887.26000633955,76679.78276965414,76884.52474886474,107361.37418286494,68538.60688669764,4
125289.79781744455,143358.5904072035,84579.89508866014,175638.5103629244,87469.1486321865,64348.50416761687,80693.91020463828,116750.42560701676,103541.6398694086,76723.2569126197,74045.00383675145,68165.57862348302,80377.67772408458,77825.04145205516,109511.25437155418,74287.25204315806,4
124176.34566740342,140006.23107030764,98325.54737634033,171425.3629953102,87529.78891489374,65701.47761124106,78934.73850902778,112971.75144812482,98769.72124215619,77894.57772905561,76763.06536949461,67793.71265098007,77705.92900585283,77683.39844744187,106886.69018586758,70065.7898266065,4
124927.56544680185,142175.57962841744,84979.2090033542,172589.01716339795,86261.34976879953,63880.79391488957,80489.83877776132,117157.27205959226,99619.44515936913,78576.88708029831,76357.09063495287,67107.84937236898,78295.74683853946,76955.98327588836,108994.30322579185,71102.46373444363,4
124832.63758810016,142073.49921149007,92806.29817322471,175047.28437033706,88249.78330728809,65463.029201391844,79732.98635876017,114208.4064136036,103017.11148227591,76328.10042239433,74313.00125277058,68587.37839309912,80019.98275756631,78268.76828298191,108255.95805119969,73645.15348019046,4
124202.69837411624,140071.07348097247,93540.91060649283,169907.2995671391,86292.2175278923,64709.976578948095,79369.09995902776,114721.71422501972,96663.18108596577,79286.17498709858,78031.90684698902,66878.09579111288,76639.34846393448,76868.0962166901,107351.38295309342,68487.77901980627,4
125271.00000035764,143357.584578703,84527.03321302333,175572.4833098034,87438.8396667051,64318.195202135474,80684.79069290051,116761.44501703323,103465.77804872728,76750.6601513219,74070.35071496376,68122.7750328511,80330.78376421735,77784.45068412431,109505.04058659561,74221.71672841511,4
124190.13669373235,140060.03171921155,98368.30626348332,171559.87579344225,87557.86270592961,65712.38526253524,78946.20495393335,113018.77951845879,98843.4819988587,77881.56901378263,76739.41722386089,67810.23059013255,77753.18059363135,77699.49170344969,106933.80766317937,70132.24156287212,4
124898.21760633202,142143.46017163518,85088.21846106273,172523.03481376587,86236.71814640977,63864.633603648384,80459.8427367023,117093.45782917236,99527.06539953535,78615.17561855026,76414.8922461143,67081.58607263399,78246.28242805987,76936.93958961243,108996.80662117084,71036.74960574503,4
124855.54812616685,142115.2075666437,92651.44528763834,175066.75273975765,88250.20799043274,65445.75130292789,79768.9726673332,114282.88242612868,103041.89956687685,76301.03245985895,74264.29680160247,68564.80313119927,80023.35787097906,78249.65754147262,108259.4002198458,73675.88712881651,4
124225.13952554937,140088.0608067585,93700.21148922581,169983.94369887636,86318.63728983847,64735.90460251625,79374.66554339715,114733.53829783658,96666.95853077872,79288.05253363283,78037.87476275858,66888.31053832895,76647.57390589404,76882.66955407495,107365.6433660559,68498.10552574463,4
125308.327413598,143421.84584401202,84429.3784414981,175689.65115423815,87430.12248636753,64305.43235605149,80719.03356540603,116857.60222167996,103445.92969965098,76787.87580584,74101.59845371229,68118.99758803817,80333.75654622991,77780.8073497781,109561.83636925655,74220.57678944788,4
124201.31256596,140111.06075180302,98307.12953890915,171646.6676171622,87574.98414218238,65703.26575079748,78946.96491324484,112970.25388124632,98922.80833993058,77839.88301037348,76689.103447092,67837.23149743456,77802.46619015529,77718.11070658096,106956.13705589021,70203.09659279545,4
124891.66854520662,142095.1357001228,85142.26497915566,172349.96525644843,86221.07192529106,63859.045667534556,80447.54927725188,117038.11490990102,99426.95193612004,78616.29320577302,76426.62691195332,67058.4296653783,78186.64797385312,76912.33031896714,108916.63091380965,70947.20851745708,4
124892.40615277365,142187.64957042332,92445.60807294943,175163.51344150465,88258.41108064784,65429.054549819775,79807.52942651861,114365.36036316877,103126.27740219563,76295.82450340087,74236.24536231105,68595.04504144729,80093.38588635754,78270.75758823844,108325.98606657816,73759.59441180163,4
124223.6196069264,140073.26395192908,93806.22581317733,169950.97487580476,86335.9822435358,64750.99203002358,79362.34973220226,114671.44515173974,96658.71073707471,79264.24792578792,78021.33447186166,66906.05782342647,76651.57486815154,76891.34203092361,107328.47241502673,68494.8645227986,4
125296.68215473679,143398.98000943422,84282.32631472664,175543.35898677816,87396.25959351774,64269.758971900825,80716.1054868824,116831.42832892279,103388.08338500065,76796.95061408886,74102.24665430149,68100.31152967352,80309.66136570708,77760.13198615695,109542.79268298062,74183.53994888545,4
124230.50394421864,140145.12481035292,98267.18697156751,171698.1213328983,87608.35529665415,65720.43189053916,78970.00956177826,113022.33344582719,98996.23382046627,77791.98322200576,76627.14441146188,67857.05749476641,77849.80718491164,77732.97461664374,106957.03112566842,70271.40352385087,4
124894.55192024136,142093.0793396329,85239.56212276961,172375.60270733866,86215.28282347713,63869.93096708429,80440.15084983717,117047.63675303898,99362.62361557766,78651.63131375686,76477.2536131446,67053.22170892022,78170.71118005647,76913.82788584565,108932.12067271718,70909.29995886088,4
124906.66656573613,142237.4716088142,92257.56284684692,175199.41034309988,88255.23713293519,65410.390843199595,79827.15425815037,114409.77327940146,103163.56011194708,76271.23758450004,74195.67694612467,68585.54555005378,80116.4081831465,78262.48744278998,108344.0239243536,73797.3688599311,4
124220.82563886949,140086.1162049909,93934.7706955398,170016.6890045034,86354.60124666707,64765.274794730525,79342.43432789258,114637.29168621203,96678.29086521755,79261.94569610903,78036.53365809127,66920.47469860014,76673.65839167338,76915.28074923524,107348.36546759194,68519.78671786627,4
125292.50237852364,143410.87113748447,84172.0204558397,175506.2774427268,87370.2198112273,64242.15456749852,80720.57583577346,116852.75189313316,103332.65105875148,76811.36748926253,74118.38461379822,68066.64980252384,80278.10070253619,77736.86382017897,109534.2096131098,74147.39717810121,4
124210.36502246441,140132.74194392466,98194.11911894311,171576.52784306143,87616.06664849122,65710.46301251209,78962.20880296336,112945.89047979003,99042.16665532193,77723.31866303906,76548.82389889049,67846.0157330055,77863.10647286255,77724.23508456172,106906.82910762182,70308.10508824648,4
124891.84735916226,142066.65957768675,85342.40249900849,172311.34144202966,86210.07486701905,63888.16999055982,80442.43072777161,117089.6356808705,99296.46245198995,78680.19684317075,76524.43814568975,67040.3247523695,78148.78411874583,76909.20107474341,108910.37242536216,70867.09986532925,4
124894.64132721917,142279.82816455702,92046.94235884456,175223.93020676737,88241.31199613953,65374.85156951566,79827.35542385047,114403.67125316516,103222.18873765336,76257.51361340447,74166.93260275514,68589.72532626693,80163.48095696938,78268.29889634835,108396.14819242338,73871.12961663361,4
124190.47196989918,140030.92974793076,94069.84228728322,169885.70778199527,86361.88791535949,64781.03277457152,79311.92419671109,114557.22773757312,96640.6058240659,79220.52791363334,78009.35393683362,66905.94606470419,76649.7867285951,76902.67436536246,107268.14505674185,68488.33781341766,4
125266.8649276334,143368.38047127493,84092.76117000118,175342.17093493594,87336.2675113997,64219.914581765486,80710.53990251302,116857.17753853531,103261.46075266133,76820.57640797811,74131.48273604903,68029.79177591704,80241.98028349642,77701.41395347285,109507.7004441858,74092.16601755214,4
124204.4194584393,140165.19667687378,98205.56321210423,171693.89685319626,87635.08798302269,65718.44258528264,78953.96100925935,112972.62316615859,99138.9497088134,77708.85708437648,76526.36039571291,67872.32373622939,77929.6923195949,77749.49255579621,106966.93294846213,70395.27689162218,4
124831.67646308857,141993.21174540662,85491.48863452538,172188.00451612528,86178.6930178038,63873.48489445268,80384.6738200991,116998.66408093741,99194.94082867395,78702.07920099249,76567.26408806612,67004.2713885631,78083.40526621405,76877.81922552815,108877.33654705723,70774.07190490626,4
124879.7774171564,142285.05847275956,91953.91439842158,175232.40151791592,88227.69978376625,65357.528967562794,79832.63043554193,114480.0695157134,103234.92923199288,76240.1910114516,74137.80827972988,68556.73415145089,80154.36144523161,78234.05602384282,108399.47860234721,73870.25789859986,4
124138.01242566257,139975.4974216816,94278.47347002906,169843.30652276357,86357.93165659091,64785.01138508456,79264.65025718811,114488.38436465077,96620.62336452286,79214.47059088595,78019.88160847207,66888.51170402905,76620.2377224252,76887.2963651772,107253.6164228459,68459.66052528149,4
125252.29159024854,143387.11123312847,84101.41129510538,175453.14734615653,87308.2607755972,64201.094412934115,80710.8528269354,116959.2579554627,103226.56967956659,76881.88724301902,74194.35819320181,68004.19902851571,80223.1824664095,77684.80660734256,109580.14244796544,74066.01447653944,4
124194.67409785678,140205.20629944876,98248.5903201807,171850.62728531688,87647.69436689549,65713.8604776693,78948.19425918988,113005.65904446352,99195.7678432188,77685.9912497987,76496.09613372042,67868.1216082718,77946.05379653619,77744.3516545715,106999.58884711133,70436.78408107569,4
124745.53283995783,141891.0866249903,85622.08987737774,171965.3364378615,86125.51821774463,63824.53457409556,80309.86253140718,116812.83167753599,99075.76132723824,78724.78857335908,76613.10751594395,66953.28705946053,77998.62509949507,76834.94857966287,108835.49408143689,70667.16351117654,4
124827.47433513097,142214.00227713614,91804.29182103775,174965.27581993054,88189.4112455143,65299.30267325672,79820.06875515805,114401.88311360874,103227.55315632263,76204.1376476452,74083.91822384813,68506.71094735991,80125.59475011764,78189.24077620993,108352.31642154652,73852.73413094689,4
124117.47117250814,139898.40625505522,94479.25919047109,169735.571114489,86365.4865462168,64800.925827136736,79257.8106233848,114478.10256220134,96608.9557539172,79204.30054715878,78019.79220149425,66876.24059632308,76608.83833275299,76879.42855112893,107216.44547181673,68441.46620529487,4
125237.07005227447,143354.1871135458,84069.56005925656,175420.06676436268,87271.73802515722,64170.87485443054,80716.28430083803,117005.03432810717,103168.0975160715,76917.4488684474,74229.89746688574,67968.68210657622,80197.52266377481,77652.95537149375,109604.95288431084,74024.12730743019,4
124144.31561759897,140159.6310925044,98213.65454359705,171772.30677274548,87631.57875914322,65675.86251209528,78914.66664250693,112872.73322018782,99243.37705890859,77641.31011263253,76438.42863302573,67854.28587845396,77964.94102060092,77729.51009625317,107002.87455354627,70474.31266001615,4
124737.86619160965,141819.98572587798,85796.56759459586,171896.82834110598,86113.58238620548,63841.23132720368,80316.52335125487,116864.88889037239,98970.61872132048,78743.40757649035,76639.99666452369,66906.81778273795,77936.44254642041,76795.2742332547,108774.7196882629,70571.90037630801,4
124841.10889924872,142258.34813813545,91680.64197071099,175148.9401041198,88182.43750124425,65279.27551022477,79844.23099091424,114495.51457113202,103284.70656689485,76217.92867397412,74075.04458129939,68506.6215403821,80169.60533495013,78184.72572382996,108441.05284703408,73904.7466402944,4
124103.50133222359,139888.23621132807,94664.4433932833,169868.02755213113,86376.61771495554,64813.1969348427,79235.9059138186,114451.88396595526,96602.0490648805,79203.0935529582,78026.47537308639,66876.88879691229,76612.70518454375,76876.05343771618,107230.6611812903,68432.52550751275,4
125194.66879304276,143307.51667112313,83992.26772693012,175343.3332256476,87220.32901291002,64115.598990392566,80689.86453889187,116927.76434752517,103090.7828320006,76940.53822046974,74255.42315905371,67928.80659446795,80157.13306154407,77607.53662676056,109611.5242971807,73960.84951887722,4
124155.08915842643,140147.98583364318,98211.95581101844,171798.9500521362,87651.941198342,65681.69631739812,78938.60536081855,112901.58932227961,99284.34780649518,77586.39187650585,76375.93315552869,67849.90493654073,77985.52697724426,77710.71227916626,106974.08550668783,70498.3854887945,4
124757.82629940825,141816.1635775761,85951.77810809352,172029.32948223705,86116.06342984003,63859.805626846035,80335.29881659732,116948.1044349795,98915.20874681578,78792.67082126986,76711.0081566582,66909.36588160586,77936.01786327576,76793.70961114284,108811.2871421918,70536.15993692398,4
124868.71330365102,142336.17691232884,91505.06901801456,175365.5955631251,88177.05073083052,65250.82173953316,79878.0044767862,114573.83508370342,103334.28273609672,76219.91797923064,74061.94645904857,68512.34358696266,80221.439030342,78181.73059007294,108517.31699911559,73966.79508290233,4
124069.30316320696,139850.97585332106,94764.35569099852,169821.11124051944,86375.25425854376,64802.2445800596,79200.61250932366,114303.15545834965,96580.81490764796,79175.55620378927,78009.95743393392,66872.73137244361,76604.85972223994,76871.58308882512,107199.32403556396,68422.60133297459,4
125206.49286585962,143300.20765068624,83934.84609542444,175287.5209197427,87202.69348653477,64112.71561535783,80724.95677768669,117025.4191190504,103009.80246183902,76952.33994154214,74264.07328415792,67887.1205910588,80108.89799700952,77574.54545194453,109562.73043903476,73904.43371587202,4
124168.6119638219,140222.86417756847,98176.61770303462,172010.1963889833,87671.40956776257,65683.84208486583,78951.77053830274,112950.27142170328,99383.0084065209,77572.64555366583,76359.25875416503,67876.30234674244,78060.2265072139,77741.87061093695,107067.269929322,70610.27832153777,4
124703.66802259303,141764.03930950633,86073.50570839712,171920.6776524398,86084.65922888032,63842.192452215255,80282.70516189399,116832.76943359012,98805.30521932904,78801.45505684079,76751.17424144439,66873.96071838865,77869.07438863211,76765.23348870677,108780.08410693219,70459.78402612019,4
124842.82998357178,142344.06707812156,91348.29388240504,175307.30221358564,88146.31708220448,65215.81890771615,79877.848014575,114576.38318257133,103337.68020125393,76194.97343241853,74026.69775804254,68482.63811858156,80213.30299536027,78154.08148218173,108525.18481316387,73983.15655984361,4
124051.10884322034,139829.33936468832,94931.32322207966,169815.70211836125,86382.58563072511,64822.78583321403,79185.05569518277,114275.90868185862,96570.13077379833,79156.60192449116,78013.80193398023,66867.00932586305,76601.26109138264,76867.40331261198,107195.56894249546,68423.38364403053,4
125180.69895275819,143277.34181610844,83862.13587071131,175206.13821818095,87156.80535516804,64078.18217017438,80715.68080373775,117004.05085135113,102943.64129825131,76982.02305817879,74300.08194447542,67858.33154420037,80080.46657806238,77545.17525973025,109577.95197700882,73861.8312909402,4
124159.98419046214,140213.61055536396,98101.8064143427,171956.8874784574,87676.61752422065,65675.37077371727,78960.4430151514,112915.02272069726,99438.5748432368,77517.61555881686,76286.32501200736,67879.520997944,78084.90283309255,77736.21561958977,107039.73258015307,70656.99346744937,4
124681.42803686,141701.63323898712,86157.16828789334,171812.8081336985,86062.57570535848,63836.738626568156,80263.95204829599,116770.83274970445,98741.44628542021,78828.76888856517,76789.14985527395,66870.11621834233,77844.57687670909,76760.45021539334,108759.45344679993,70416.15342094343,4
124859.1244052797,142361.88141845245,91139.99797582603,175309.76090547573,88140.66209085728,65197.26695981824,79909.8110091461,114626.33933142893,103374.31471041618,76171.19117631807,73985.32467905578,68484.04627848223,80235.36416713765,78143.50910705437,108524.49190908574,74024.1720109191,4
124048.89602051927,139805.17712893215,95044.1324763456,169823.36876670943,86406.21142461436,64850.79256901653,79173.90217469957,114248.28192571187,96582.6030472044,79130.20451428945,77993.39479129254,66889.71869822964,76606.89373098538,76878.40037088399,107165.77406713655,68437.17467035945,4
125189.03615344003,143289.09883369194,83831.22340812963,175269.70657941184,87143.41666023931,64078.04805970765,80720.17350437326,117091.98261403831,102891.42762320372,77015.75184056185,74332.51432568007,67846.97685801708,80056.61726672856,77533.97703575814,109596.68273886238,73830.80706963624,4
124172.56822259047,140284.15266086493,98105.74032136683,172202.10846687658,87699.70687624298,65690.2570355245,78960.15244247347,112981.3179947517,99514.50371915147,77499.64475627479,76257.98300003803,67906.32073954592,78130.1427638701,77759.103805912,107110.05116820947,70732.72117766395,4
124683.99848747236,141724.96846019846,86369.9345433634,171978.97100197925,86066.0178740046,63868.0757722945,80253.2902661908,116854.69649490077,98655.01208961155,78861.9165255924,76840.17888786542,66854.46999722363,77786.39528589194,76749.49786061024,108767.83535097068,70345.63366718694,4
124877.2740217774,142475.78590819667,91093.01460898097,175619.3549179262,88145.87004731537,65196.46229701785,79927.93827389936,114769.54695815408,103407.77527186577,76200.36020283225,74002.84844670874,68489.05306924022,80252.35149292368,78150.75107225789,108628.80750045867,74062.21467998203,4
124032.6239505558,139849.4559346981,95286.02305484093,170037.61023731355,86421.81294224417,64870.50680762611,79146.29777029727,114260.24010899547,96571.56128544347,79144.21905806292,78020.97684395038,66890.65747149676,76586.46423655322,76888.16808321096,107198.16174485229,68424.27771380874,4
125133.42501323522,143286.86365924642,83854.22335317414,175247.42189018987,87096.43329339425,64033.29986730813,80680.96854459865,117044.82043323762,102801.05952037091,77059.24833527188,74383.52100652707,67804.46384006308,79985.2257949383,77497.94602369619,109621.38141648548,73756.1075396666,4
124125.76366970107,140287.81834695558,98156.90346442504,172164.78105363622,87705.29481235682,65677.6506516517,78933.3303491271,112942.3589041661,99546.98080384503,77468.79934892648,76219.64975829718,67889.84750388235,78110.96496712744,77742.80938420408,107099.38938610427,70744.52289873635,4
124595.12795151806,141612.1145024436,86609.7911131133,171712.4264493497,86032.02087068807,63850.30613545253,80181.00472462234,116728.78911838403,98524.7014194371,78891.59964222905,76894.96301352537,66800.24466517505,77676.49175840519,76704.05676413259,108713.49826019982,70218.56399995853,4
124805.56962556478,142416.64319236795,91027.07696283782,175414.21060731538,88104.94400321771,65142.706351602836,79885.67112513437,114719.18847789628,103388.66453035647,76204.07059241184,73991.15848435862,68438.82869944915,80203.31176558873,78104.28179553531,108645.30308786668,74035.86197326923,4
123953.54347867293,139738.74774441097,95548.2537207906,169832.66709240284,86410.03357291622,64864.561243601,79072.11233045011,114146.73795065141,96525.47198837662,79132.21617129042,78022.27324512879,66854.71586641263,76518.02319503107,76851.13124264852,107172.30077651748,68365.35851542455,4
125095.89643429476,143218.7578938911,83961.28820911505,175148.96245586427,87052.8920951953,64010.99282634173,80655.2863902195,117105.41601245596,102692.11711789574,77104.89059744962,74435.75703331913,67743.17535676663,79892.57781417106,77436.38931946628,109643.26377430723,73652.41779713843,4
124135.97841691715,140329.34788815354,98270.67384370255,172413.37715546813,87719.7116875305,65684.02089882147,78934.42558460541,113053.04474270878,99608.09047318585,77474.81196818495,76219.31448213036,67890.49570447156,78131.66268249306,77729.73361369772,107216.66898926128,70793.76379177139,4
124586.58958513613,141620.49640661437,86888.67382868216,171925.6844431978,86014.58651001293,63853.100103509445,80149.51111668481,116767.8599676919,98439.67538352912,78963.30403844167,76991.83547399468,66784.21846440059,77623.89810370185,76676.92174636385,108802.86053453214,70155.17445268326,4
124787.88939570064,142452.76361140772,90920.97323190847,175512.55828291873,88066.5884097324,65085.731754986264,79870.42723541585,114702.58113176598,103381.69078608642,76215.46998208403,73992.52194077038,68410.62079794655,80175.50619548633,78060.24885895835,108714.39232997803,74038.3206651593,4
123958.75143513101,139740.46882873404,95734.53315908113,169906.15962817188,86423.10934342258,64878.17345597428,79071.68764730546,114145.93328785102,96509.31167713544,79127.678767166,78033.62793131208,66848.2785640095,76490.57525283996,76836.69201573038,107170.89261661681,68357.31188742064,4
125106.75938210003,143237.15337957782,83904.53712994304,175175.53868002162,87022.3372605249,63981.33206144954,80675.38060848482,117142.43050127394,102628.99579155396,77155.33848468524,74499.99594688368,67722.8352693123,79850.51183110617,77413.5234848885,109677.48429506831,73622.3770525905,4
124120.62276847634,140318.95432698182,98115.57508892717,172313.24134030836,87708.200539136,65639.96561050006,78928.18944790238,112924.41045336849,99664.3274622354,77421.16778149221,76160.79761514635,67892.82028589491,78145.14078439961,77731.23118057623,107205.87309668936,70860.32728675929,4
124592.66925962798,141536.87853060706,86937.17711415018,171715.66745229572,85997.73329469364,63851.06609476401,80164.66559942551,116727.47036546117,98343.87580679367,78949.28949466819,76999.61388106512,66760.03387689995,77564.19659426172,76657.72159787675,108710.07844329816,70092.25429204157,4
124862.99125707046,142506.25133588928,90668.93496143044,175610.50362712189,88072.57867724642,65081.52962702866,79951.74288174426,114844.02297067917,103437.99483036934,76194.01230740694,73956.98266708644,68433.82190869116,80231.47496360242,78074.77749285431,108753.6196414971,74115.97062539705,4
124020.06227017193,139773.3482448278,95774.54278165613,170070.98139178532,86457.93336128395,64908.97415983369,79101.75074359783,114151.38711349812,96560.47482019363,79096.81100807321,78009.57745427817,66904.11322165886,76555.95410537173,76874.91349874897,107200.553381509,68427.36225454358,4
125141.56104821696,143240.48378950165,83734.70857557161,175161.1888600813,87000.61136491435,63961.103732717485,80694.08901859392,117119.72112890735,102579.01729095189,77157.73012134197,74500.2865195616,67731.93242930561,79858.87138353246,77403.44284813915,109678.64658577998,73610.64238675147,4
124184.79462680753,140369.11164153955,97955.6707090939,172397.1944924825,87744.4103651536,65659.97042178756,78970.76952108974,112951.43371241496,99755.70139356868,77351.29622832492,76068.59666926821,67936.74146374958,78225.1153260607,77747.9502854288,107192.03736687153,70951.12007273675,4
124589.13768400405,141466.67170127295,86959.95354175015,171501.3365747138,85989.57490796744,63861.50435942464,80138.33524445716,116587.10141028183,98274.42893677103,78941.91341899794,77004.3748026341,66768.37107758177,77544.37059692986,76651.82073734055,108635.42361681744,70037.87249778182,4
124924.79383048939,142561.61660690507,90422.35051659949,175639.29267398032,88085.45328205268,65093.08547891206,80006.41524868194,114963.7389139818,103504.51362186833,76180.55655724485,73915.07314623275,68456.53128105776,80286.01322007338,78086.8250831157,108758.40291481053,74179.00254476101,4
124031.68517728869,139770.0401866484,95829.84099743856,170040.15833618146,86484.48723369685,64946.16746260732,79089.09965623614,114099.01697623933,96594.38241653233,79060.4670715889,77977.43564575144,66929.08012021544,76575.69069572577,76897.26524320427,107155.13463677581,68449.5575367877,4
125170.41715030876,143265.38363282487,83655.87397287774,175163.8934211604,86989.83782408689,63976.43702941383,80710.0034606461,117209.53043812877,102534.76083693038,77185.49098795546,74527.62270303044,67722.70115884556,79833.81507799805,77399.8218655374,109663.69326873939,73569.93986009835,4
124220.49036270267,140460.77614555074,97863.06743181557,172573.90738414615,87777.3121329918,65683.1491807877,78985.43226545241,113009.14591659856,99870.49995309114,77320.49552446551,76027.53651470381,67974.11358047886,78282.96164071103,77780.7626462892,107235.01977145908,71040.45999532462,4
124616.38446049506,141508.44711165992,87114.69466861423,171636.92225657968,86009.4009052993,63903.011548878145,80136.45769792292,116658.49288207208,98232.29589847277,78971.23890772331,77058.39896898258,66774.40604858471,77515.73801228261,76660.87319384495,108635.51302379525,69996.20884611712,4
124947.57025808934,142661.4842011314,90251.76200291658,175821.05705989088,88088.06843615395,65077.81923744908,80013.72426911883,115033.0069700488,103550.938195102,76189.47490328252,73913.08384097622,68459.74993225932,80305.59334821622,78094.1788070415,108826.06164527676,74218.3192632579,4
124028.66769178721,139810.6980098126,95964.06322289267,170158.6225817946,86512.94100438846,64964.49589306067,79055.61674304209,114057.8227112082,96623.93142270226,79049.33590285014,77980.38607601954,66944.3016581895,76579.82576845,76918.655862648,107163.27067175755,68466.83543525165,4
125146.81370816394,143260.48860078916,83625.60971088526,175075.44756835076,86960.5793905949,63948.31853488905,80679.78390214252,117175.10875166759,102455.76977202532,77217.16340984862,74568.34758142801,67686.04429793886,79767.49745219917,77377.7159902711,109645.16367258593,73496.55908305157,4
124227.08412731698,140522.7128294364,97822.45431214027,172668.27644923647,87803.35191528224,65682.99271857653,78983.4429601959,113041.46653908092,99960.93511115732,77301.80946610088,76001.7873050913,67987.21170272968,78317.13745798319,77806.15422799042,107271.94485329925,71111.20326652566,4
124588.17655899246,141490.3421986511,87288.43477826533,171583.1439594202,86003.12006510736,63909.337092559,80097.14097942603,116623.1771258327,98154.2212550904,79003.20190229439,77117.69814702251,66753.17189135216,77451.11911906232,76663.35423747948,108613.04952061767,69928.95244705111,4
124952.93467675861,142732.3839345436,90106.9674023351,175904.7196393871,88077.18313660422,65055.13221682695,80018.46283894335,115104.75606975032,103589.74082347642,76201.72365924403,73917.91181777857,68450.83158622166,80307.62735696166,78104.32649902422,108879.25879708039,74258.86532769982,4
124012.99911892404,139811.994410991,96107.06968391773,170133.2086483489,86533.30344358724,64984.031317714616,79026.71593746137,114001.94335006992,96633.90030072932,79023.76550719327,77978.24030855183,66943.58640236693,76555.19414606025,76935.68789192295,107138.23671796761,68470.32230738668,4
125150.90407739927,143280.3816533544,83618.50185614848,175060.20367863224,86944.84376249836,63946.66450579936,80682.91314636626,117229.89287732755,102410.28397205878,77259.74348303599,74629.94898914683,67667.13472212967,79726.59375984594,77379.4147228497,109668.1859693749,73462.51737624615,4
124264.32213357952,140611.15868224605,97777.86258195194,172850.64433224732,87834.15261914166,65703.82454440887,79009.25922504178,113129.68887444603,100062.79201064016,77278.16132046716,75969.66784830902,68008.33410123993,78362.86912713875,77838.36309175052,107329.96998190523,71197.92803501226,4
124590.61289913808,141499.88639353352,87452.36247210056,171640.9008670927,86003.27652731855,63929.20779337976,80076.68913324943,116607.32973901389,98106.32146672267,79032.79561195322,77172.12464477117,66754.37888555275,77422.84416232636,76675.35712425198,108631.62382026004,69888.33932737581,4
124980.38261894973,142792.8006998063,89959.57999939681,175978.1451199228,88074.81385169194,65046.12446381146,80041.30632177668,115165.4857594354,103616.87584124516,76198.14738013118,73905.6407100726,68451.03275192175,80319.29496756733,78100.81727514473,108919.78250977786,74286.22386291312,4
124020.73282250558,139842.34807996132,96246.83514199677,170246.88962064858,86558.56091482173,65011.32279769454,79009.39333550852,113969.48861712082,96683.74469086465,79018.62460596855,77985.39286677753,66981.33849875194,76596.72368725821,76971.04835165123,107188.7516604366,68521.70896788943,4
125144.69029244069,143263.23786535716,83598.85467277226,174964.0017704966,86913.64072723874,63933.16405214835,80672.60899217236,117226.62952263709,102321.97222971586,77282.18463446911,74656.92754470439,67637.80923340432,79676.32468656596,77352.01148414749,109649.29874531017,73399.66427083782,4
124283.07524717752,140650.27423504286,97735.84130237595,172907.08248699695,87848.39068035969,65710.41830902318,79018.62460596855,113162.34477309523,100135.07755220862,77247.96411370803,75928.18301059998,68025.56729621498,78408.66785152767,77851.64002795696,107360.52481657563,71272.94048940427,4
124619.62546344107,141523.82511184516,87676.8410416652,171759.29805747248,86014.31828907947,63969.910320032875,80076.86794720507,116693.76393482256,98049.4362770839,79076.56032759672,77239.26928511492,66756.256432087,77407.35440341884,76683.87313888945,108659.16116942897,69858.1868241056,4
125028.79649743994,142918.2386896895,89870.97768437598,176260.42530064884,88076.08790112591,65044.135158554935,80069.89420293501,115317.70113917603,103656.19255974205,76233.70900555958,73934.54151565331,68457.31359211369,80357.94113373055,78111.41200201654,109035.87747047872,74339.53277343903,4
124035.39556686826,139896.55106026542,96444.89394961525,170405.1623231366,86583.66192384505,65036.75908288468,78990.50611144377,113968.43808513142,96694.07119680301,79012.5002279878,77997.10518087211,66989.04985058903,76594.19794013476,76977.97739243238,107213.60680027089,68529.3756162376,4
125141.71751042813,143306.80141530055,83650.08487106382,175046.25619009213,86884.53875595794,63909.426499536814,80648.98319828311,117236.6207524086,102258.26975801823,77351.07271088037,74739.83016488912,67622.23006751896,79645.9486658512,77341.72968169805,109728.37921719304,73354.98313367166,4
124269.35127608196,140671.97777890894,97726.52062493809,172863.87656496486,87851.16229667215,65691.59814019181,78996.67519291345,113102.8444293552,100169.83451483662,77209.4297062671,75883.4571699449,68013.85498212039,78396.7990752219,77837.44667022784,107359.49663633069,71291.33597509099,4
124559.56632608967,141407.4172267219,87884.66756161065,171425.87708543267,85980.94713460769,63949.570232578546,80014.59598715258,116529.52331656497,97931.84374950454,79092.69828709344,77282.94459378059,66716.8950101012,77310.1019632938,76649.36204545046,108589.82605812862,69743.05298841631,4
124971.37486593424,142822.64027865414,89740.95758687945,175890.4592264246,88026.01999354601,64980.745611279686,80036.61245544106,115194.23010280493,103628.14112045064,76228.54575259039,73913.62028284316,68417.88511489453,80314.89167390963,78073.19051899797,109013.99511265696,74305.2899009335,4
123996.4141245382,139772.02949190492,96624.62432678037,170114.65670045099,86584.95832502346,65040.603582931,78958.85604129506,113871.38681070648,96673.8652198154,78991.53429168872,77974.55227071671,66972.26369050308,76565.52065199861,76963.4711102809,107148.45146518368,68499.80425832323,4
125129.75932714455,143207.6937803857,83685.91471742568,174818.40250711472,86854.9003428102,63894.02614760711,80652.44771867368,117269.94720339146,102156.94930040232,77393.33985964535,74781.87379620955,67580.23113968744,79587.16357793374,77301.65300388969,109696.95266448888,73269.48771113012,4
124248.69826420526,140627.31899348725,97645.6520134988,172771.51915687553,87848.27892163741,65658.87518630925,78981.85598633958,113020.21003010393,100241.04717267123,77194.7222584155,75849.7507393063,68026.72958692665,78444.54240137845,77837.89370511696,107393.4936396472,71356.11133052246,4
124526.70926174037,141277.1512600364,88022.91310106673,171179.04677141272,85966.038521056,63942.775302264134,79985.40460889395,116428.53813511589,97837.16175999187,79105.48348492188,77309.85609410478,66693.33627144531,77259.96700048054,76622.20467593726,108513.20427813582,69660.23977520941,4
124984.74120911853,142794.43237715153,89548.88904677499,175817.68194647814,88013.99475502905,64953.76705572213,80070.90003143549,115247.76253077538,103644.68141134757,76231.38442413622,73897.61643381315,68409.88319037952,80333.08599389625,78059.3771409246,109016.29734233586,74326.59111339941,4
124020.95633995013,139766.06157613537,96712.33257202299,170208.6234341411,86619.78234288482,65067.33626929954,78978.52557641573,113888.62000568153,96722.72613319471,78976.80449209268,77963.8010816337,67003.17615308477,76606.1784751628,76989.73441001588,107152.16185476325,68546.40764551255,4
125127.05476606546,143186.92900978675,83617.67484160363,174817.1731611697,86832.16861869916,63872.56847293001,80654.83935533039,117243.16981353401,102103.52863115414,77427.78389785098,74824.52092463028,67574.57614834025,79571.40559809275,77296.2438817315,109710.63193209552,73234.4848793131,4
124274.22395637321,140659.08082235823,97527.47834056358,172868.68219002275,87875.57040161734,65665.51365441247,79014.06485009968,113050.31782988523,100320.61938293211,77141.59216184523,75786.22708156433,68044.70038946872,78490.22936704509,77851.30475179014,107391.01259601268,71420.7525754872,4
124539.51681131325,141284.1473560509,88168.3111987485,171309.40214507608,85977.79553863949,63970.692631088816,79985.71753331632,116447.11243475825,97804.99759972068,79131.32210151221,77355.45365279361,66710.994149565,77264.45970111605,76641.58363838002,108535.9136505024,69641.86664126714,4
125000.67800291516,142848.70241268902,89359.94975089429,175923.36099426282,88003.6235456018,64933.00228512315,80089.09435142211,115279.211435224,103663.38982145666,76224.45538335507,73874.48237830191,68409.83848689061,80352.80023250583,78053.49863213285,109051.05430496387,74345.45598571969,4
124003.65608974172,139742.0781543348,96796.53159338613,170168.32323888817,86635.31680528127,65078.37803106046,78951.90464876946,113774.38023977044,96745.14493288338,78936.79486951767,77927.07716549364,67019.2694090926,76619.00837648015,76999.36801187611,107115.97438049012,68549.87216590311,4
125133.64853067977,143174.09910846938,83602.14037920718,174772.58143098134,86812.67789753413,63870.221539762206,80667.98218107011,117299.87618921712,102031.66777273033,77460.59625871138,74856.2156982679,67555.95714520897,79540.20256283315,77282.56461412486,109694.15869643197,73166.55792791343,4
124299.8837590079,140731.05343950432,97432.68459232863,173037.3484536825,87900.67141064066,65671.61568064877,79040.61872251258,113117.84244988472,100417.93887829053,77121.54264706883,75736.38269142898,68072.8188839935,78556.43523412172,77880.58553702659,107444.45561700531,71498.26842525821,4
124517.50034302477,141249.92683528984,88309.12718881693,171261.43530147496,85973.50400370407,63978.582796881536,79960.41535859292,116371.56353849931,97735.93070935378,79148.44353776498,77385.516749086,66704.44508843959,77230.70856698854,76642.36594943595,108506.63286526596,69574.9678701124,4
125019.14054383524,142898.25623014645,89188.22129824416,175995.33361140892,87999.10849322182,64920.66412218382,80123.7619070723,115362.04700017537,103688.71434792451,76232.90434275918,73860.26666882834,68407.17862930044,80374.95081126103,78055.28677168928,109087.77822110394,74366.48897725213,4
124011.47920030108,139768.31910232533,96902.76943478221,170283.12179841063,86666.38573007414,65109.37990061998,78956.4867563828,113775.98956537123,96787.65795083737,78919.06993616461,77910.82744727463,67043.29753438206,76646.54572564909,77023.41848891003,107122.79166254899,68581.05284941827,4
125147.64072270879,143196.6967221137,83592.05974245784,174834.09343172234,86798.35042933827,63872.36730722992,80686.82470164594,117361.58935565823,101971.54158014555,77497.70015450718,74899.95806216694,67543.30605784728,79510.7206118966,77269.91352676315,109707.97207450535,73116.9594069671,4
124352.07508231106,140848.8918362727,97352.39712624517,173335.56542820518,87931.2038935666,65692.24634078101,79082.8635195331,113223.14151801367,100538.95122277156,77109.6515190186,75714.47798186279,68117.32120720402,78633.23582807014,77910.5368745967,107532.18621399239,71602.0475747642,4
124537.23693337882,141289.53412646463,88459.62148423452,171421.33968130825,85986.28920153252,64010.29992226362,79961.3764836045,116377.46439903551,97708.19219448474,79183.64753528209,77444.2347817701,66723.55582994889,77221.43259303959,76654.61470539746,108529.05166495463,69550.93974482296,4
125009.37283150827,142917.79165480039,88965.19559206911,175918.8235901384,87973.02400744248,64881.07918275347,80116.78816280224,115280.93251954706,103696.80567941735,76225.08123219982,73839.18897380697,68396.58390242863,80368.51350885791,78039.84171627066,109083.95607280209,74368.23241331964,4
123995.49770301554,139711.3221539643,96948.4787521933,170067.87449930602,86683.2612971379,65125.875488027996,78938.11362244053,113650.3280580435,96802.76773008917,78869.20319428483,77863.30763856265,67043.45399659323,76638.43204241182,77027.41945116753,107030.32249573737,68577.07423890522,4
125145.83023140792,143150.65212853576,83539.48843949896,174637.35337702674,86782.59244949729,63871.54029268507,80694.8936813943,117352.15691949808,101914.36581782888,77527.53973335502,74925.70727177945,67527.81629893974,79483.33972493884,77263.72209354903,109669.72823974231,73064.7457319195,4
124325.85648606498,140801.57319326082,97185.31783644174,173100.33566955753,87937.06005061389,65670.92277657066,79071.03944671626,113088.941644304,100609.62743873923,77054.934448592,75634.95047509081,68124.07143402952,78663.63420052937,77919.56697935665,107485.87339948099,71645.8122904077,4
124486.76669439873,141131.79786584352,88559.71259590538,170986.39708595243,85972.72169264815,64011.10458506401,79924.09377385305,116215.07897556771,97621.55683297597,79165.63202925111,77433.34948222035,66697.87367556973,77158.66889460909,76633.73817607621,108386.62634928542,69449.39576976249,4
125060.31245712191,142943.496160924,88823.26201477791,175962.65536101526,87992.04534197395,64899.139392273355,80188.89489041506,115494.30227211742,103741.24094739449,76236.52532536094,73819.00534856383,68405.9492833554,80402.64462264116,78043.08271921668,109097.36711947527,74394.31689909898,4
124013.8708369578,139756.69619520858,97061.69033785944,170302.5454643423,86723.36032669072,65154.01633429722,78942.89689575398,113675.31730834453,96888.620780542,78877.04865658864,77867.15213860896,67100.60740716546,76705.26375833318,77071.31827727775,107101.28928438298,68645.69409438301,4
125149.45121400968,143167.77356478854,83532.22412255098,174734.80698285188,86767.75089117896,63862.48783618067,80698.26879480705,117380.47657972296,101862.75563988158,77573.58432693295,74971.7965688463,67525.2905518163,79460.87622176125,77255.22843065602,109692.07998419763,73019.8857807977,4
124360.25582078169,140892.4553862161,97095.93321036496,173347.30009404424,87967.79369923993,65680.42226796417,79102.80127558723,113178.75095352542,100709.00329458753,77034.77317509332,75593.8903205264,68152.99459135468,78721.83814309098,77937.64954062099,107534.30962971564,71731.84415481618,4
124476.0825605491,141131.7531623546,88709.55869073376,171047.35029308204,85977.77318689504,64024.023893359175,79902.4572852203,116169.9731552569,97575.51223939804,79188.76608476235,77473.85084317336,66701.96404480506,77133.7019960525,76637.49326914469,108383.25123587267,69413.56592340063,4
125039.68179698967,142955.92373084114,88624.73382052587,175888.93930780166,87967.77134749548,64857.72160979767,80183.19519557896,115436.36655048926,103745.06309569634,76234.87129627125,73802.33094720017,68390.77244887024,80396.45318942705,78028.57643706519,109104.47497421206,74400.95536720222,4
124008.48406654407,139738.4795234775,97137.03806841827,170232.96448385293,86753.93751310559,65177.61977644203,78935.76668927273,113634.10069156894,96921.45549314684,78842.02347302718,77834.42918472638,67109.21282878076,76716.0596509051,77079.92369889304,107057.34575478385,68666.16829230408,4
125127.2335800211,143133.6424510053,83511.43700020754,174614.75576338242,86744.43802171208,63847.981554029175,80682.91314636626,117357.72250386745,101798.96376120613,77609.32476631699,75017.99762463542,67506.15745856255,79427.3486050783,77241.83973572728,109686.22382715033,72966.0180766604,4
124368.03422785214,140920.59623248535,96983.14630784349,173358.4759662719,87989.3184291504,65684.73615464404,79123.0743078082,113212.9267707976,100782.51818210103,76992.3272123727,75530.94780814026,68155.16271056684,78753.95759987326,77939.72825285533,107528.00643777924,71783.72255369695,4
124493.76279041324,141153.25554052062,88899.74968430397,171196.50348383232,86002.31540230697,64066.671021779905,79905.72063991078,116245.96908640493,97557.76495430052,79225.66881485806,77526.89153276582,66714.72689088904,77139.60285658871,76661.92372583435,108410.47566061922,69399.19375171588,4
125059.84307048835,143039.07222021488,88480.00627517776,176092.98838293416,87964.23977187155,64843.707066024195,80198.61789925312,115524.90181027673,103780.244741469,76256.10545350378,73811.69632812696,68393.56641692715,80423.81172464034,78036.98069298037,109184.6730333177,74433.76772806261,4
123984.00890636552,139747.3308142818,97234.17874982105,170292.46482759295,86769.00258886846,65182.11247707754,78894.9747556418,113527.86285017287,96961.46511572185,78817.16833319287,77812.52447516019,67122.93679987632,76729.62715978947,77096.30752757879,107058.75391468454,68686.64249022515,4
125086.1734254567,143063.39091818227,83525.04921258084,174388.89138566155,86709.05521023933,63826.72504505218,80650.8383930729,117282.93356692,101686.73565229603,77622.69110950126,75036.52722078886,67457.20713820543,79344.08835698228,77199.1255520732,109611.36783496951,72855.33223811773,4
124358.49003296973,140920.97621214107,96903.90937374943,173306.39640169102,87998.84027228836,65678.16474177418,79120.86148510713,113206.2659509499,100854.60255796941,76962.6664474805,75475.60488886893,68158.22489955723,78782.92546068734,77941.71755811186,107535.53897566069,71830.25888565289,4
124453.35083643805,141075.31500760498,89097.36145703333,171042.00822615722,85999.52143425005,64078.58450157458,79867.96854352577,116158.90904175151,97493.48133724707,79245.56186742328,77557.28990522503,66699.55005640388,77094.00529789989,76650.97137105124,108374.01996541262,69327.77992818117,4
125072.13652993877,143067.2801217175,88380.22808792927,176147.05725277154,87955.83551595635,64835.101644408904,80225.39528911059,115630.71496852816,103793.0522910419,76279.32891599285,73812.41158394952,68380.2447772318,80427.52211421993,78025.670710286,109224.32502798141,74438.12631823139,4
123999.00692689502,139773.5494105279,97403.6943797701,170452.86094580425,86803.69249626309,65220.78099498522,78905.23420634678,113583.07165897748,96999.91011618497,78803.46671384177,77796.25240519672,67135.47612851574,76745.51925009719,77109.42800157405,107079.96572017262,68712.95049344904,4
125119.14224852828,143128.61330850283,83609.60586185526,174646.6740544646,86703.28846016985,63844.20410921623,80675.06768406245,117429.22573437999,101638.92527090613,77698.39646797138,75119.65335841816,67449.62989683507,79327.27984515189,77205.56285447632,109695.388042377,72829.18069710502,4
124397.65028925543,141052.91855966076,96849.0134893672,173675.31194392586,88021.95197605515,65683.7973813769,79144.17435457402,113297.68458577212,100956.16888477432,76970.17663361748,75471.15689172232,68184.66701324785,78843.76690909469,77976.80979690669,107647.18593921495,71934.28390434789,4
124454.15549923843,141097.59969682692,89285.60784883593,171154.05752111168,85999.96846913916,64095.21419944933,79846.30970314857,116132.9586664389,97429.66710682715,79272.38396076966,77611.55994076251,66691.03404176641,77053.54864043578,76656.82752809853,108371.6283287559,69285.53513116064,4
125045.3144365924,143075.84083984385,88195.58032698397,176037.8913328518,87919.58098644984,64784.60905368436,80206.7315824904,115546.65005763175,103768.95711051907,76277.09374154732,73806.73424085787,68350.71812280633,80402.39875345216,78010.15859963401,109220.8828593353,74427.08455647047,4
123971.08959807035,139714.54080516586,97468.98382532405,170225.09666980465,86817.52822608093,65225.58662004312,78879.14972056744,113455.44319813767,97004.62633426503,78753.845841151,77746.94445692831,67123.04855859859,76730.20830514531,77110.0538504188,106995.16320170918,68707.29550210184,4
125058.70313152114,143001.18601336313,83569.43977706907,174221.00743305773,86660.9542561715,63803.68039651876,80634.54397136498,117255.73149391789,101542.90217672613,77716.81430540256,75144.2849808079,67413.9118091955,79271.84751890272,77180.97593557548,109633.04902709115,72745.69693156445,4
124389.51425427369,140993.46291940962,96719.06044710404,173423.7207083369,88033.99956631656,65673.67204113866,79158.85945068115,113258.23375680849,101013.63521976891,76913.71612712338,75391.18235006122,68184.86817894795,78870.00785708522,77973.81466314968,107595.396947312,71970.44902687658,4
124429.81444952662,140970.55238134295,89433.21876921879,170859.03684604607,86002.33775405142,64110.61455137903,79834.01624369815,116051.17363347694,97356.91217862513,79262.54919320931,77609.45887678371,66681.15457071718,77012.91316901603,76645.62930412643,108280.14263870033,69207.81811568953,4
125109.06161177893,143119.51614850952,88079.64182849429,176184.31761077853,87936.14362909122,64799.741184680606,80282.10166479369,115744.73121699468,103814.10763431879,76311.5154280085,73811.76338336032,68375.394448685,80457.56285876785,78024.93310271896,109292.56490380346,74469.9775540802,4
124019.5705317939,139801.75731203047,97592.61132390634,170608.25027325755,86868.04316854992,65267.02675426326,78907.11175288103,113523.88423965982,97102.3705127681,78774.72237047224,77766.07755018206,67197.12223972348,76826.99135863679,77169.33067671426,107113.29217115548,68800.74814566948,4
125086.55340511244,143041.32974640487,83618.97124278203,174381.403551269,86657.44503229202,63817.00203621412,80660.44964318868,117327.1900209415,101459.12783850764,77757.98621868923,75193.59292907632,67406.69219573644,79236.24118998542,77167.3637232022,109632.89256487996,72674.12664581856,4
124413.54237956315,141097.21971717116,96617.58352727695,173709.04072630891,88052.01507234754,65668.1511602582,79184.9886399494,113302.26669338545,101111.28999129415,76912.71029862289,75372.87627135233,68220.36274914298,78943.50039285427,78003.72129723088,107689.83306763567,72059.07369364187,4
124409.58612079456,140944.8702269638,89596.83353863163,170838.8755725474,86009.19973959921,64128.09361554308,79818.61589176845,115979.17866458639,97288.04645395833,79271.98162936946,77646.56277257953,66670.73865780099,76970.24368885085,76637.9403040338,108240.93767892572,69147.98249578268,4
125084.273527178,143104.4734244911,87889.47318666855,176040.52883869756,87903.10775078628,64761.47499817312,80284.82857761724,115695.46797221518,103803.28939000242,76313.90706466521,73809.14822925905,68351.88041351801,80440.30731204836,78008.50457054432,109279.06445015245,74464.88135634438,4
124010.89805494524,139758.66314872066,97628.10589410138,170467.478986678,86883.84585187983,65282.85178933761,78904.65306099094,113460.20411970666,97144.59295804417,78726.80023036007,77727.40903227437,67200.07266999158,76835.61913199653,77181.28885999786,107056.20581581663,68828.30784658287,4
125077.92563175269,142983.0363968654,83581.59912605275,174201.49436014824,86626.97960459943,63803.747451752126,80658.92972456572,117295.69641300399,101403.18142213601,77782.88606201245,75226.67351087017,67391.69417520693,79209.03911698332,77164.457996423,109602.18126799837,72625.86922953954,4
124456.41302542842,141118.58798487045,96430.8123506084,173673.50145262497,88068.84593592238,65671.92860507114,79233.08959401722,113338.23065021404,101207.17897500742,76857.94852470739,75290.21952035661,68239.22762146326,79002.53134996073,78022.78733525125,107669.49298018134,72131.35923521033,4
124444.65600784494,140932.77793321348,89680.60787685012,170841.8260028155,86025.38240258484,64154.893357144996,79828.56241805106,115951.50720495073,97302.64214308765,79281.74934169643,77664.37711291041,66708.42369895264,77012.51083761583,76681.41444699938,108237.36139981287,69157.1243592649,4
125177.99439167911,143209.8618995979,87659.13846005661,176253.7421290567,87924.31955627436,64773.00849831206,80369.56404084731,115875.62303252495,103864.60022504334,76314.8681896768,73782.88492952407,68379.12719000902,80512.39168791672,78039.08175695917,109312.72617730215,74519.33020583751,4
124089.6879541502,139870.84655414184,97621.42272250923,170752.41902499428,86948.68826254467,65331.13155736108,78954.139823215,113528.71221646217,97250.69668897352,78683.46019786122,77677.05055201656,67261.71878119932,76928.53533369725,77241.10212816026,107072.88021718028,68915.3678912363,4
125142.65628369527,143093.18579354117,83527.8208288933,174438.84753451915,86646.22445657545,63825.38394038486,80698.15703608478,117387.04799259282,101397.50407904436,77820.95108281984,75276.62965972778,67422.49487906633,79246.41123371258,77203.03710735287,109640.67097195041,72630.27252319724,4
124484.4868164643,141226.5916140785,96223.8575486967,173794.93848025065,88100.18308164872,65668.44173293612,79248.51229769138,113306.40176610969,101317.8648135501,76809.33348051709,75231.76970860598,68276.35386900352,79072.67112406148,78060.89705954755,107682.8146198767,72219.78273627553,4
124439.13512696448,140925.4689127766,89806.78347430033,170744.41710047927,86047.73414704016,64189.11387790607,79811.46333354275,115889.16818966487,97264.73358449145,79269.83586190175,77680.15744449585,66716.22445776754,76989.98027920489,76699.89933966391,108162.63951809877,69107.14585866283,4
125161.43174903771,143232.2583475421,87482.29145792621,176132.7744880646,87912.42842822414,64749.606221867354,80372.06743622631,115855.01472413716,103878.52536183898,76317.48334377806,73785.09775222513,68379.0377830312,80515.43152516264,78046.34607390715,109312.70382555769,74519.06198490405,4
124034.38973836777,139789.44150083562,97689.21556344218,170433.63844557267,86963.3733586518,65334.70783647393,78921.4839245658,113363.17519702617,97261.5596367788,78630.33010129097,77634.82810674049,67260.15415908744,76900.93092929495,77244.27607587291,106969.14577116321,68893.4631816701,4
125108.74868735656,143006.08104539884,83580.973277208,174163.89872597443,86629.93003486753,63824.065187462,80698.15703608478,117375.89447210962,101321.53049964076,77867.95680140934,75337.53816336849,67404.50172477981,79191.98473596391,77199.32671777329,109594.3134539501,72551.70614143684,4
124496.80262765917,141250.35151843447,96152.6448908621,173820.24065497407,88129.307404674,65677.33772722933,79294.42278080259,113410.35972957131,101399.67219825652,76796.88355885548,75201.48309486904,68291.4189447664,79102.75657209833,78083.4276179585,107692.40351824803,72274.99154508013,4
124451.31682769262,140948.13358165426,90052.89853249771,170919.0959833975,86082.49110966816,64228.96703826989,79824.98613893821,115975.69179245137,97250.92020641807,79321.84837124925,77749.49255579621,66736.76571092197,76985.2193576359,76734.00810170271,108195.5859894259,69092.77368697806,4
125173.7475602326,143317.9772875282,87409.42477100191,176342.36679582202,87914.32832650284,64735.770492049516,80390.1276457462,115955.12818755249,103886.28141716498,76362.34329489987,73822.4251654655,68378.76956209775,80516.90674029669,78055.04090250026,109389.68323346178,74524.91814195135,4
124066.86682306134,139922.94847046715,97882.64755995841,170863.10486353695,87026.1370570823,65379.768953295825,78932.99507296027,113488.05439329796,97347.72561165401,78656.32518009248,77659.43737738578,67301.30372062966,76957.0114561333,77296.08741952032,107077.5740835159,68961.94892668116,4
125107.74285885607,143093.0740348189,83757.03796828246,174426.73288902437,86633.17103781356,63835.15165271183,80685.64005918981,117474.04098201287,101235.43157999893,77939.57179064414,75421.69248124272,67384.16163732548,79139.54754347177,77190.38601999117,109656.78657970269,72469.98816370823,4
124482.1845867854,141374.11312748352,96157.80814383128,174106.36533574646,88138.8068960675,65659.18811073161,79266.23723104445,113428.64345653576,101472.91886483657,76821.67164345642,75205.43935363763,68303.28772107216,79138.16173531553,78096.92807160951,107819.18261279853,72326.19939162725,4
124386.49676877222,140904.27945903296,90334.88814054587,170789.76878997908,86070.84585080695,64229.30231443672,79757.86385033892,115855.64057298191,97144.61530978863,79345.27299943841,77787.84814928152,66695.30322495737,76889.7997605562,76698.13355185193,108149.56374759243,68973.84005473138,4
125150.56880123244,143324.59340388697,87363.15665997943,176251.97634124476,87883.7958435769,64700.03005266548,80391.80402658034,115987.60527224604,103858.58760578485,76411.9865193351,73850.54365999028,68346.53834659318,80480.00401020098,78025.3130823747,109424.66371353433,74495.74911543717,4
123993.44134252565,139842.92922531714,97957.5259038837,170589.89949105974,87007.78627488451,65342.64270575556,78878.94855486734,113269.0296493804,97368.91506539764,78643.62938924186,77636.45978408573,67293.65942402594,76940.33705476965,77288.10784674977,107051.020211103,68979.11506642283,4
125048.33192209387,142928.40873341667,83738.84364829585,173879.91981266974,86578.36456040914,63791.45399230171,80670.37381772684,117334.5437448673,101102.57281095658,77954.97214257385,75431.03551042503,67319.05100572717,79032.19211485292,77131.86915300717,109513.86952565546,72365.56081361305,4
124506.97267138633,141351.33669988354,95947.05354536219,173937.83318255344,88149.89336131733,65643.98892450202,79326.49753409595,113473.43635242419,101572.40647940713,76800.63865192397,75144.84377441929,68317.30226484564,79193.88463424261,78115.79294392979,107805.27982774733,72446.74234947472,4
124392.46468454179,140835.72665878854,90362.29137924807,170632.01017761353,86078.37838868838,64233.63855286105,79768.95031558875,115774.43668537578,97142.62600453211,79352.69377859758,77795.73831507425,66716.02329206745,76906.20594098639,76730.72239526777,108106.46958428259,69013.69321509519,4
125192.38891510833,143320.95006954076,87045.02428114704,176151.66171212934,87879.45960515257,64681.3663460453,80448.26453307444,116024.01626396374,103886.01319623152,76393.43457143719,73805.70606061292,68350.71812280633,80515.49858039602,78037.33832089166,109390.15262009534,74549.97444748574,4
124048.27017167452,139846.39374570773,97856.40661196788,170619.3143867629,87057.54125804201,65374.35983113764,78916.7230029968,113258.34551553077,97474.37059573777,78582.81029257897,77556.44053893573,67347.16950025196,77029.96755003544,77341.7073299536,107021.85118458881,69084.03415489604,4
125100.21032097464,142919.89271877919,83623.2851294619,173899.36583034587,86585.24889770137,63807.59195179844,80700.3922105303,117350.72640785294,101090.59227592853,77965.52216595676,75442.6584175418,67345.4931194178,79075.95683049642,77161.28404871035,109509.75680467568,72368.15361596986,4
124561.30976215718,141377.06355775162,95670.80833563904,173958.15091826333,88182.32574252198,65654.22602346254,79371.9386305736,113476.72205885913,101676.29738763541,76721.06644166309,75040.4164243241,68350.71812280633,79285.39267604264,78137.83176396272,107775.73082157741,72524.86169634601,4
124410.3684318505,140769.49843996746,90410.97347867173,170514.79762968989,86102.56297618902,64273.55876845822,79771.38665573439,115703.53695196354,97127.31505958021,79314.56170255682,77768.67035253887,66739.78319642344,76934.50324946681,76743.8652210075,108023.0528739754,68984.6359473033,4
125183.87290047084,143270.23396137168,86774.6799319601,175968.80209074047,87856.32554964132,64652.5102439535,80450.52205926443,115946.20984151482,103899.80422256044,76370.41227464823,73764.5117955818,68359.52471012172,80558.88331638377,78033.35971037862,109359.0166400691,74558.08813072302,4
124051.93585776519,139781.1937071316,97844.2472629842,170453.5314981379,87090.37597064686,65409.340311210195,78929.5305525697,113217.06184352182,97522.49390155006,78501.60640497284,77461.31151453394,67364.06741906017,77069.95482086597,77343.76369044349,106911.36651174624,69104.08366967246,4
125090.48731213658,142851.85400865722,83614.45619040207,173754.88415418676,86572.2848859173,63818.410196114804,80702.4932745091,117354.41444568807,101036.83633051353,77988.87973891255,75466.39597015333,67347.70594211888,79070.36889438258,77155.74081608544,109468.04844952207,72320.00795841313,4
124551.6538085525,141380.52807814218,95488.19458343918,173972.6124969259,88183.97977161167,65639.07154072184,79374.06204629685,113453.74446555907,101776.7237754731,76691.51743549317,74981.47487419545,68380.91532956545,79356.73944434398,78154.43911009302,107799.93776082252,72608.16664793095,4
124354.17614628986,140649.78249666482,90522.84395967054,170277.2432896189,86092.7729121176,64278.45380049394,79727.37607090188,115551.9250693232,97068.30645421821,79299.58603377176,77763.12711991396,66729.36728350726,76892.52667337975,76727.30257836611,107919.09491051376,68921.8722488728,4
125182.35298184789,143233.97943186515,86600.53749090881,175848.32618812635,87841.21577038954,64645.581203172354,80483.69204803612,116015.880228982,103889.25419917754,76375.46376889513,73748.66440876298,68340.36926512352,80545.71813889958,78010.15859963401,109308.70286330019,74545.01236021667,4
124056.24974444506,139791.9001927257,97882.58050472505,170569.53705186094,87127.34575597594,65438.57639295774,78939.34296838558,113234.54090768588,97616.6394491958,78495.14675082527,77445.0841480594,67402.33360556765,77133.4561268635,77382.32044962888,106931.86306141176,69183.63352818889,4
125099.67387910771,142867.20965709802,83655.22577228854,173873.75073120007,86573.62599058462,63837.5209376241,80718.69828923921,117444.35786537622,100983.39330952088,78040.80284128223,75528.10913659443,67340.4416251709,79049.22414412787,77156.43372016355,109466.90851055486,72274.38804797984,4
124559.96865748987,141467.29755011768,95339.62253804476,174197.78397056868,88200.43065553077,65634.64589531969,79391.3846482497,113505.98049235113,101873.43977373121,76681.45915048828,74953.17756571503,68403.93762635441,79412.14941884868,78175.47210162546,107853.49254053742,72690.39871578202,4
124313.27245393665,140631.47641795594,90674.09821439961,170280.12666465362,86098.38319997588,64288.86971341011,79681.57734651296,115451.2528122965,97035.18116893545,79306.98446118647,77791.44678013882,66728.74143466252,76866.10691143357,76734.58924705854,107890.97641598897,68882.86845479828,4
125149.60767622087,143229.86671088537,86457.12869848356,175756.05818701486,87818.5287497674,64615.40634815769,80471.6444577747,116004.27967360971,103869.24938789003,76375.68728633969,73744.5069842943,68310.61909325351,80512.21287396108,77988.96914589038,109281.97017693165,74510.00952839965,4
124035.30615989045,139794.13536717123,97958.12940098399,170597.72260161908,87153.36318652192,65459.00588738989,78925.30607286765,113227.38834946018,97677.16797318078,78464.1672330102,77416.04923201195,67416.52696329677,77146.84482179223,77400.1124382153,106922.36357001825,69215.28359833761,4
125012.39031700973,142763.7434320144,83671.29667655191,173589.9282801066,86524.56391150522,63799.83589647245,80656.78395709801,117276.60802323914,100882.34107283845,78065.05448401625,75568.65520103637,67303.87417124203,78966.56739313214,77127.66702504958,109412.1243848949,72180.26485207854,4
124531.98427343182,141427.2432240538,95189.08353913827,174018.59003527046,88200.87769041987,65621.5924765578,79401.30882278786,113494.98343407911,101922.21128013269,76636.10746098847,74882.30018404724,68388.80549535817,79408.88606415821,78165.23500266494,107794.17101075304,72716.48320156136,4
124337.099413526,140627.83308360973,90868.13370801613,170383.90581415963,86131.70965095874,64345.50903385986,79709.9640619712,115578.14366556927,97036.0081834803,79334.94649350006,77825.28732124416,66746.84634767132,76869.25850740177,76764.04884625065,107889.3223868993,68883.18137922065,4
125185.88455747183,143332.10359002397,86317.40794389343,176068.1108913554,87816.04770613286,64609.88546727723,80510.69295533812,116155.33276263867,103911.27066746601,76428.57151372093,73782.81787429069,68331.16034640794,80555.21763029309,78015.90299795903,109389.12443985039,74565.33009592655,4
124046.86201177383,139858.7095569026,97975.02731979219,170808.99129021066,87183.53804153658,65474.0039079194,78925.82016299012,113212.81501207531,97746.41367750331,78428.89618025973,77373.08917916885,67440.8680130086,77182.09352279826,77429.90731357424,106927.37036077624,69276.21445372277,4
125012.34561352083,142773.6452548081,83696.01770591947,173614.73871645198,86512.35985903261,63802.07107091798,80655.62166638633,117288.677965245,100814.36941794986,78090.46841746193,75605.37911717643,67284.96459543283,78928.2341513913,77128.49403959443,109381.97188162469,72120.13865949376,4
124553.62076206456,141497.02537024324,95038.0304501093,174127.37597553444,88217.66385050582,65621.86069749125,79428.42148881215,113559.31175462148,102003.325760761,76598.33301285899,74830.75706133331,68395.98040532833,79450.21443965608,78185.46333139698,107804.9892550694,72775.87178657911,4
124292.91001473785,140593.76902505982,91026.80874190436,170331.692139112,86129.31801430203,64351.29813567378,79655.13523282233,115448.77176866196,97015.80220649269,79338.00868249044,77854.09871984705,66754.44594078611,76864.22936489932,76788.7251721293,107880.67226179509,68852.09010268332,4
125147.64072270879,143287.08717669095,86194.00396275568,175852.7518335285,87780.84370861575,64580.31410936286,80495.8513970198,116125.47083204638,103857.24650111754,76415.47339147012,73764.15416767051,68285.38397376347,80506.66964133616,77980.09550334162,109329.7582065771,74491.34582177947,4
124004.08077288637,139801.60084981928,98077.66653033097,170666.2754018635,87194.02100968613,65484.57628304676,78891.13025559548,113134.76272043739,97789.30667511305,78395.36856357678,77329.92796062565,67441.56091708671,77196.73391541648,77432.9247990757,106900.43650870759,69281.98120379224,4
124983.8471393403,142708.55697495426,83854.9386089967,173514.44643908102,86489.18110003247,63810.76589951109,80634.56632310944,117324.73132905143,100725.00714361753,78145.34195009971,75665.75117895022,67256.62258346351,78878.7697409117,77103.79536197131,109376.31689027749,72027.80360314889,4
124544.05421543769,141532.899920094,94999.65250487954,174263.4310440339,88213.41701905931,65608.47200256253,79425.06872714385,113618.7226913837,102076.72888955224,76609.86651299793,74809.09822095612,68402.06007982018,79487.11716975179,78182.33408717324,107881.1640001731,72828.66660698254,4
124238.03648210007,140515.64967818852,91291.4533962552,170239.22297230043,86116.55516821804,64354.36032466416,79605.20143570918,115356.83904371728,96938.04048753268,79355.91242979914,77870.30373457716,66725.92511486115,76796.5259309442,76753.65528507892,107830.93963038202,68768.60633714274,4
125124.0819840529,143261.02504265608,86141.20914235225,175790.3904664982,87746.44437389904,64545.66890545713,80499.76295229947,116162.99941098684,103813.37002675177,76451.66086574327,73776.49233060985,68246.84956632252,80466.92823969464,77939.19181098841,109340.08471251544,74450.12920500389,4
123973.50358647152,139764.80987844587,98173.37670008859,170644.5271545085,87198.24548938817,65469.734724728434,78867.70562740632,113050.87662349662,97839.21812048175,78384.30445007139,77301.80946610088,67448.51230961231,77213.4753720135,77435.8305258549,106911.34416000178,69317.98986410974,4
124927.90072296867,142584.5047932273,83921.52445572907,173239.5870375141,86439.04613721921,63764.4977884886,80595.13784589028,117193.14660944304,100606.54289800441,78179.67422958306,75706.99014747026,67213.66253062041,78804.11491443097,77061.66232367305,109315.0507587255,71918.74944195146,4
124526.61985476254,141457.37337557954,94842.72090705883,174037.8795907354,88198.6201642299,65571.47986548899,79442.9054192192,113582.3564031549,102102.343988698,76560.89384089636,74731.44826071839,68378.92602430892,79488.99471628603,78152.58391530323,107815.15929879657,72836.35560707517,4
124215.88590334487,140403.80154893416,91444.11581088493,170065.9969527718,86118.38801126338,64359.25535669987,79595.8360547824,115284.35233644872,96903.21646967132,79356.5829821328,77878.37271432552,66727.6014956953,76789.23926225177,76753.78939554565,107780.64820535759,68734.74344429297,4
125111.45324843566,143200.295352971,85967.6478466568,175641.99723505942,87716.62714679565,64506.329835215794,80517.13025774124,116152.22587015938,103784.15629674868,76459.26045885807,73774.86065326461,68234.77962431665,80467.50938505046,77919.56697935665,109327.14305247582,74430.25850418312,4
123999.40925829521,139764.65341623468,98199.86351726812,170740.1479172883,87236.91400729585,65499.39548962063,78905.79299995817,113119.58588595223,97903.94877242432,78342.88666759571,77255.98838996749,67478.44129543797,77265.95726799456,77452.39316849627,106893.5298196709,69373.8245217591,4
124939.79185101889,142582.3590257596,83978.32023839,173339.76755616278,86437.5038668518,63779.24993982911,80612.46044784313,117263.7781219218,100531.50809186795,78214.25237825542,75758.15329052845,67213.10373700902,78787.48521655622,77053.48158520242,109318.13529946034,71870.40261869463,4
124588.42242818147,141610.0134384648,94703.87187050247,174481.42760770652,88234.6288245474,65583.30393830585,79493.44271343264,113750.08389354753,102219.84710929956,76566.41472177682,74727.20142927187,68429.08333886664,79588.25881341206,78189.9560320325,107940.95491659104,72958.59729750124,4
124253.90622066334,140484.37958769556,91636.76549634522,170375.85918615572,86154.73194774771,64407.490421234426,79600.39581065129,115356.70493325054,96874.74034723525,79361.85799382425,77913.26378742025,66744.18649008113,76789.39572446296,76763.82532880608,107782.5928071252,68719.63366504117,4
125193.21592965316,143416.16850092038,85886.24279335055,176223.09788740848,87734.08385921524,64522.557201690346,80567.51108974351,116405.6275970492,103825.48467224654,76526.04747129053,73844.84396515417,68264.79801712013,80534.34110097184,77948.400729704,109485.57221717504,74495.74911543717,4
124026.5219243195,139921.71912452212,98251.29488125979,171147.8437361531,87271.51450771267,65514.147640961135,78890.9737933843,113118.60240919619,97974.13325001398,78321.87602780772,77241.99619793847,67513.35472027716,77317.27687326395,77477.42712228622,106957.27699485744,69443.78548190421,4
124974.05707526888,142674.93995129346,84089.63192577743,173542.05084348333,86439.29200640823,63801.62403602887,80618.16014267923,117364.29391673731,100438.52483493387,78250.50690776193,75818.81592498015,67193.92594026637,78742.71467241224,77034.2367332264,109316.72713955965,71799.86051319368,4
124604.49333244484,141744.88386450816,94565.71573802421,174694.73030504351,88240.39557461686,65565.31078401933,79495.14144601124,113773.30735603659,102297.85469744858,76561.13971008536,74713.18688549839,68451.68095251096,79645.12165130636,78201.64599438262,108030.98774325702,73040.58349616331,4
124229.25224652914,140476.04238701373,91819.04397237826,170297.51632183985,86158.64350302739,64420.36502604068,79563.31426659993,115270.89658628662,96819.01744830816,79349.98921751848,77929.08882249461,66737.57037372237,76750.03430247716,76750.05665422161,107730.69205649997,68670.16925456158,4
125166.57265026245,143402.46688156927,85752.95934116356,176032.7504316271,87695.19182386302,64482.88285528217,80553.67535992568,116368.65781172011,103777.96486353457,76535.25639000612,73860.1325583616,68235.96426677279,80501.506388367,77914.9848717433,109480.1407432724,74460.18749000877,4
123991.27322331349,139862.10702205982,98278.94398915101,170883.7802271581,87280.09757758351,65514.72878631697,78867.95149659533,113015.76203295733,97999.56953520412,78262.55449802334,77188.79904613484,67506.22451379593,77311.77834412795,77463.59139246838,106889.88648532469,69452.23444130832,4
124929.0853654248,142580.19090654742,84158.02826381067,173255.16620339945,86406.21142461436,63787.788306211034,80589.84048245437,117294.17649438101,100357.5891682612,78294.60689957225,75881.28905073274,67175.66456504638,78702.86151204843,77021.18331446449,109294.21893289316,71728.26787570333,4
124587.3048409587,141705.5447942668,94411.10872162685,174488.64722116556,88235.58994955897,65545.6188971542,79506.9208153392,113773.46381824778,102335.80795953369,76524.92988406777,74652.5689545356,68436.7052837259,79652.9000583768,78184.34574417422,107993.45916431656,73060.56595570636,4
124188.77323732058,140386.1436708145,91985.1621371701,170111.46040099388,86159.3811105944,64426.24353483243,79524.53398996998,115173.51003569485,96792.97766601774,79362.8861740692,77946.16555525847,66739.24675455652,76737.87495349348,76753.92350601239,107699.24315205135,68638.27331522385,4
125102.73606809808,143284.94140922325,85582.05790305829,175632.87772332167,87643.26872149334,64424.388340042635,80521.84647582132,116242.01282763635,103706.37222604422,76536.32927373998,73835.12095631611,68189.00325167218,80447.03518712941,77864.71579846332,109401.39554755636,74384.07980013845,4
123974.62117369428,139794.91767822715,98286.43182354353,170711.47062915214,87298.87304292596,65521.97075152049,78866.96801983929,112986.05656457623,98059.60632081107,78225.67411967208,77123.66606279208,67513.04179585479,77339.62861771925,77463.54668897948,106836.86814747669,69484.17508413496,4
124895.64715571966,142476.81408844164,84213.61705227102,173039.38246242792,86377.17650856692,63776.94771015021,80566.59466822085,117246.12024380211,100268.78568754026,78328.5815511443,75911.95564412542,67147.45666354378,78658.18037488227,76995.00942170733,109244.84392939138,71642.75010141732,4
124568.9987622498,141689.8985731481,94206.32203892733,174437.19350542946,88218.49086505067,65508.1126699582,79500.8187891029,113729.7438060932,102412.65325697104,76505.93090128075,74600.42233472137,68440.43802504994,79705.73958226915,78183.47402614047,108019.96833324055,73117.78642151195,4
124189.39908616533,140318.90962349292,92142.42901115764,170019.95235919385,86177.0389887141,64460.91109048261,79524.73515567007,115172.59361417218,96748.76591548514,79337.06990922331,77925.71370908186,66724.6957689161,76714.83030496005,76740.02072096118,107602.32598809314,68583.66800351955,4
125154.14508034529,143360.19973280426,85463.14662255606,175864.62060983427,87644.36395697165,64426.66821797708,80569.38863627776,116415.79764077636,103731.62969727871,76583.5808615185,73868.40270381006,68202.101373923,80500.61231858877,77881.63606901599,109488.1426677874,74418.568541833,4
124009.8698747003,139884.257600815,98293.58438176924,171012.12394382048,87336.40162186643,65543.13785351967,78879.10501707853,113027.45199530745,98154.78004870178,78197.13094200265,77085.4445797735,67552.4479213295,77417.30092970145,77501.25408187558,106886.55607540085,69571.63746018856,4
124895.84832141976,142492.43795781588,84251.90559052296,173117.27829185466,86365.03951132769,63773.05850661499,80552.80364189192,117229.57995290519,100194.91317211547,78358.08585382532,75956.88265048059,67142.67339023035,78634.97926413767,76993.26598563981,109236.97611534312,71591.25168219229,4
124607.68963190194,141762.1170594832,94015.61695523465,174542.58198053623,88236.14874317036,65507.17389669108,79540.06845236641,113819.41900484789,102464.77752504082,76462.79203448202,74532.60714204397,68443.09788264011,79737.61316986241,78183.47402614047,108000.52231556443,73167.78727385847,4
124195.25524321262,140348.16805698493,92271.73385283159,170155.24746838183,86194.83097730053,64486.86146579522,79506.764353128,115142.19524171297,96769.08365119502,79356.1806507326,77955.48623269633,66762.44786530112,76752.2694769227,76782.60079414854,107635.0489419757,68615.42983239054,4
125171.57944102043,143400.96931469077,85316.20625450686,175903.5126451865,87629.50004690887,64419.87328766267,80590.93571793268,116491.65946145768,103690.86011539224,76590.10757089945,73865.6310874976,68184.33173708103,80480.04871368989,77865.47575777481,109466.59558613249,74388.93012868526,4
124029.94174122116,139960.11942149632,98298.2558963604,171215.43541138596,87376.1206717635,65570.29522303287,78879.77556941219,113058.4315131225,98248.63502366962,78173.7510173024,77053.19101252449,67591.31760493727,77480.77988395451,77539.94495152771,106929.69494219958,69653.51190012836,4
124908.96879541503,142526.52436811023,84357.20465865191,173220.74451693828,86371.76738640874,63803.4121755853,80549.60734243481,117302.37958459611,100115.8774037215,78395.01093566549,76009.16338076156,67131.76573893616,78598.27769974204,76989.95792746043,109235.83617637589,71526.00694012725,4
124635.40579502653,141887.57740111082,93891.1624421075,174814.2227309016,88257.98639750319,65512.44890838253,79556.67579849671,113919.37600605203,102550.27294758236,76465.92127870575,74516.75975522515,68466.0084207068,79794.81128392354,78206.89865432962,108097.6629969672,73246.8900974858,4
124195.94814729074,140383.4838132243,92494.7819107511,170280.7525134984,86222.41302995838,64527.80986163734,79485.19491972863,115159.27197447683,96735.98071765671,79362.30502871335,77978.26266029628,66761.01735365597,76728.84484873353,76788.50165468475,107630.24331691783,68582.99745118587,4
125194.69114478721,143517.95834516984,85258.94108521237,176157.49551743217,87622.16867472752,64412.54191548132,80604.16795065021,116624.18295433318,103691.1283363257,76651.35135070699,73922.58333236973,68181.06838239056,80492.6998010516,77877.2774788472,109582.01999449969,74407.37031786088,4
124013.82613346889,140013.67420121125,98350.58133013027,171272.16413881353,87394.27028826122,65570.45168524406,78858.38494996846,112992.85149489064,98287.57176251075,78132.93673192701,77010.65564282604,67587.6519188466,77482.61272699985,77543.07419575145,106924.73285493051,69686.5477784333,4
124874.70357116504,142492.3261990936,84469.94685768448,173044.65747411936,86343.11245001704,63792.37041382437,80517.95727228609,117231.94923781745,100011.69592281531,78428.22562792608,76061.26529708688,67093.05251753957,78532.87649546583,76968.09792138315,109199.93927478067,71442.16554667539,4
124650.49322253386,141953.62680597627,93760.51649576623,174837.64735909074,88261.47326963821,65502.27886465537,79585.53190058851,113991.79565808723,102614.69067510255,76452.75610122157,74488.97653686721,68462.63330729405,79829.61295004046,78212.17366602107,108134.85629974083,73306.81512437048,4
124184.52640587407,140387.5965342041,92678.64736064046,170278.8526152197,86234.79589638661,64546.07123685733,79462.88787876224,115109.82991574168,96720.49095874917,79366.23893573749,78003.72129723088,66767.32054559237,76726.22969463226,76803.54437870317,107632.34438089663,68576.29192784929,4
125182.86707197037,143509.84466193256,85138.01814770915,175999.22281494414,87593.33492438018,64385.8986360906,80604.90555821724,116605.83217213539,103630.2645361739,76652.78186235212,73924.37147192615,68143.45039647227,80455.05946338887,77842.67697843039,109557.50013083222,74357.54827947001,4
124015.59192128087,140020.87146292586,98362.47245818049,171230.0087487708,87416.35381178306,65583.68391796159,78854.60750515551,112952.75246533782,98361.60074014674,78096.21281578694,76971.89771794053,67608.14846851212,77527.27151242156,77560.59796340442,106933.49473875698,69746.22693612897,4
124862.00778031442,142446.7286404048,84554.45880347,172910.52465564306,86325.32046143062,63793.108021391396,80504.92620526865,117206.2670834383,99927.89923285237,78457.90874456272,76109.3662511547,67076.44517140927,78493.67153569122,76955.26802006579,109174.88296924628,71372.6963249083,4
124653.33189407967,141961.3605095578,93577.81333658854,174747.9945120805,88255.1253742129,65480.083582411244,79601.62515659633,113989.62753887505,102663.9315681376,76417.75326940457,74435.37705366338,68458.65469678101,79853.93164800783,78203.59059615024,108131.88351772827,73346.7129882232,4
124152.56341130298,140304.7162657638,92805.69467612442,170060.65488584698,86237.67927142135,64552.2850218159,79432.89183770321,114976.45705657687,96697.46866196021,79349.40807216264,78001.03908789625,66767.11937989228,76713.44449680383,76803.20910253633,107572.91109238996,68550.8779944036,4
125145.07027209643,143416.5484805761,84963.76394793559,175646.44523220602,87551.89479016005,64341.73158904691,80595.65193601274,116509.8537814443,103576.26272156987,76650.30081871759,73915.98956775542,68111.97914027919,80424.30346301835,77809.4175826809,109499.6985196708,74305.84869454488,4
124026.99131095306,139982.15824152925,98337.12557996817,171121.62513990703,87447.62390227603,65601.23003735901,78880.20025255684,112961.9613840534,98440.14477016267,78044.04384422826,76905.98242354183,67629.09205306674,77580.26749852509,77574.14312054434,106894.93797957158,69800.38521294418,4
124851.94949530954,142368.11755515548,84606.42660932858,172756.2305636681,86313.54109210266,63795.45495455921,80502.33340291184,117183.84828374963,99852.01506042661,78479.36641923981,76142.08920503726,67065.96220325974,78467.89997433424,76942.77339491528,109135.18627109364,71299.65082402836,4
124630.22019031289,141922.46847420555,93349.80319139996,174601.6576411316,88242.51899034012,65439.00107610239,79597.80300829448,113894.8337906401,102718.84980426429,76383.66685911022,74372.76981744407,68462.6109555496,79895.28237525016,78198.1591222476,108128.21783163761,73383.50395959664,4
124150.32823685746,140225.5463869031,92961.12870706663,169931.64061685093,86261.19330658833,64588.539551322414,79430.79077372441,114951.75837895375,96674.49106866015,79326.1175544402,77981.01192486429,66767.70052524812,76706.94013916733,76801.55507344665,107493.76356527372,68510.24252298386,4
125187.4938830726,143459.21796074128,84878.98378121661,175811.62462373075,87551.76067969331,64351.16402520705,80642.90352379126,116696.33438543492,103573.2452360684,76695.13841809492,73946.07501579226,68115.28719845858,80445.15764059516,77812.32330946009,109547.75477024971,74308.84382830189,4
124046.19145944018,140065.93257974775,98339.5172166249,171437.67880650508,87477.86581252406,65612.04828167538,78883.95534562533,113010.66583522152,98535.02792537546,78026.87770448659,76884.72591456484,67666.21830060701,77652.21776392672,77609.10124887244,106978.30998638988,69896.60947282428,4
124808.25183489942,142331.1477698264,84672.40895896066,172701.82641766386,86283.34388534355,63773.84081767093,80455.28298083342,117079.39858190998,99747.45359986468,78496.59961421485,76186.74799045897,67038.24604013516,78403.61635728079,76921.58394117164,109099.95992183208,71224.16898300279,4
124667.03351343078,142016.07757998438,93189.58588714432,174803.33743135186,88253.56075210104,65442.91263138207,79643.89230536131,114053.93350767298,102783.69221492913,76360.80102453244,74337.3423024824,68464.3096881282,79928.67588146638,78204.2611484839,108160.20317795315,73449.35219876198,4
124141.6557600088,140242.93604408932,93096.37911276569,170049.99310374178,86271.1621846154,64606.420946886654,79412.28352931542,114915.70501514734,96666.28797844506,79316.61806304671,77995.87583492706,66781.33508936585,76706.02371764467,76818.6318062105,107506.01232123522,68513.10354627414,4
125170.73007473112,143465.0517660441,84703.18731107561,175757.60045738227,87509.62764139505,64304.068899639715,80639.52841037851,116643.1819371202,103535.15786351656,76703.36386005448,73952.98170482894,68101.36206166292,80426.1363060637,77798.35346917552,109554.86262498649,74289.17429318122,4
124073.39353244228,140081.98113226666,98256.70400341798,171409.58266372475,87503.14563550301,65621.5924765578,78915.6277675185,112989.67754717798,98610.1744902342,77958.5037181978,76803.6784891699,67686.64779503916,77691.31096497906,77622.37818507888,106929.38201777721,69952.98057234056,4
124853.64822788814,142341.72014495375,84684.61301143325,172724.53579003047,86288.21656563481,63793.465649302685,80488.92235623865,117125.62198944355,99720.56445128494,78528.65201576377,76228.16577293465,67058.31790665603,78420.91660748918,76943.26513329329,109097.72474738656,71209.10390723991,4
124732.32295898473,142112.92768870923,92906.6351540846,174955.82103202594,88273.25263896617,65431.490889965404,79702.4091723453,114124.25209572937,102892.79107961549,76336.45997482061,74285.17333092372,68501.25712171283,80017.97110056534,78236.49236398845,108198.46936446065,73556.77468261418,4
124174.89280401383,140264.59488446653,93132.00779342744,170084.21362450285,86305.69562979885,64631.186679743136,79417.78205845143,114865.34653488953,96694.16060378082,79288.65603073312,77979.87198589707,66815.48855489357,76738.47845059377,76854.17107989444,107460.72768696878,68542.13846232159,4
125204.99529898111,143509.95642065484,84502.2451284224,175738.95910250655,87503.97265004786,64295.30701581324,80665.50113743558,116678.47534161514,103533.36972396013,76707.99067115673,73948.71252163798,68100.4232883958,80438.63093121421,77808.07647801358,109531.0580171416,74289.39781062577,4
124095.72292515314,140132.92075788032,98191.74983403085,171460.9246207386,87541.90356038851,65647.83342454833,78926.1777909014,112982.01089882982,98711.4502443612,77909.08401120712,76737.96436047129,67719.75072857746,77749.78312847414,77662.81249079853,106910.20422103455,70029.66940756672,4
124839.67838760358,142312.90874635088,84752.49525934402,172607.92673920712,86280.30404809762,63809.78242275506,80472.00208568598,117093.4354774279,99653.08453477437,78547.85216425087,76253.02091276896,67045.82328150551,78380.5493570029,76946.17086007248,109038.31381062434,71145.35673205338,4
124736.21216251997,142161.22980847716,92743.60153002758,174971.13197697783,88277.87945006842,65427.55698294127,79721.83283827697,114168.97793638444,102965.07662118395,76324.18886711466,74241.20744958014,68511.98595905137,80055.92436265045,78254.35140780824,108208.75116691008,73612.76580247472,4
124165.12509168686,140243.606596423,93321.34942070836,170040.00187397026,86328.80733356564,64672.60446221882,79412.55175024888,114856.49524408524,96682.31417921951,79288.43251328857,77981.03427660874,66822.12702299679,76722.78752598615,76870.24198415781,107398.14280249391,68516.63512189807,4
125215.36650840838,143554.5928543321,84439.2802642918,175803.06390560436,87496.1495394885,64294.03296637929,80695.56423372797,116790.59169180295,103523.91493605555,76761.59015436056,73990.75615295842,68098.90336977284,80441.84958241577,77817.08423102906,109559.02004945518,74281.21707215514,4
124090.7384861396,140194.45511036576,98219.5777558777,171590.251814157,87577.30872360572,65663.27847996695,78928.36826185802,112991.77861115678,98803.98646640618,77900.21036865836,76712.23750260324,67747.84687135779,77797.99584126423,77696.47421794823,106928.26443055445,70093.72950717562,4
124849.60256214174,142354.90767418238,84940.58518893542,172765.21596493913,86295.23501339377,63843.53355688257,80477.41120784417,117200.43327813546,99591.59488577783,78615.53324646155,76330.29089335095,67042.26935413711,78352.25204852248,76953.83750842065,109048.81913051834,71076.51335913103,4
124748.32680801474,142278.91174303435,92663.11289824401,175237.98945402974,88294.2856304986,65423.868945106144,79738.59664661845,114282.61420519522,103027.19211902525,76340.1703644002,74237.34059778937,68520.36786322211,80087.77559849925,78265.03554165788,108289.9103510273,73650.76376804874,4
124087.89981459378,140223.87000606896,93560.3342724245,170033.00577795575,86334.127048746,64670.72691568457,79332.04076672086,114701.91057943233,96653.90511201682,79300.43540006106,78007.47639029937,66817.5672671279,76693.5514442386,76871.40427486948,107407.01644504267,68468.33300213015,4
125153.07219661144,143525.69204875137,84467.86814545013,175699.50827354292,87463.0913094391,64265.355678243126,80660.91902982224,116798.68302329577,103438.01718211379,76799.20814027883,74018.15939166062,68047.69552322573,80369.34052340276,77773.72184678577,109559.57884306656,74179.33782092785,4
124041.65405531575,140186.45318585078,98346.73683008396,171608.1555614657,87584.48363357587,65657.98111653104,78894.93005215288,112982.86026511912,98843.45964711424,77880.0267434152,76672.27258351714,67735.79928109638,77794.39721040693,77681.90088056336,106964.38484959422,70097.68576594422,4
124767.43754952402,142263.55609459354,85174.94322954932,172583.87626217323,86253.41489951788,63824.17694618428,80419.18491353809,117123.11859406455,99463.6758522601,78661.55548829502,76387.80193183446,66991.88852213485,78251.84801242924,76906.42945843094,109040.66074379215,70949.62250585825,4
124718.39782218909,142291.6745891183,92598.22578409026,175244.5608668996,88271.64331336538,65387.74852606637,79738.84251580745,114323.94258069308,103065.61476774393,76360.04106522097,74227.25996104002,68503.89462755855,80089.29551712221,78244.87426815918,108366.5321310201,73676.42357068343,4
124064.29637244897,140190.23063066372,93780.90128670947,170008.8211904551,86335.55756039114,64681.74632570104,79316.81922874681,114682.44221001175,96626.81479773698,79311.85714147773,78021.35682360611,66805.38556639977,76653.81004259706,76860.27310613074,107406.0553200311,68439.43219654945,4
125162.72815021613,143536.1750169009,84390.53110963477,175681.09043611176,87432.20119860188,64241.439311675946,80688.03169584653,116871.08032358652,103385.11060298809,76838.18958260889,74055.86678455673,68017.34185425543,80322.1112873687,77743.32347432655,109577.2143694418,74148.22419264606,4
124053.54518336598,140228.27329972666,98283.23552408643,171675.00962913153,87601.38155238409,65651.58851761681,78912.69968899485,112952.66305835999,98937.51578778218,77856.75857743724,76644.33290294802,67759.96151685256,77840.1735830514,77708.32064250954,107003.52275413547,70193.23947349066,4
124776.78057870634,142225.4240185528,85204.44753223033,172460.71815022448,86242.03786159014,63824.57927758447,80431.6348351997,117089.07688725911,99390.54094440234,78676.821729758,76426.11282183086,66977.91868185028,78205.15521826211,76902.22733047335,108984.98254835399,70893.20670285306,4
124783.84372995421,142368.38577608892,92342.32066182145,175355.7831473092,88289.97174381874,65383.76991555333,79808.37879280791,114425.19598307562,103163.4483532248,76337.62226553229,74185.68571635315,68530.96259009393,80156.19428827695,78273.81977722881,108403.74778553817,73765.45056884892,4
124109.51395148206,140206.83797679402,93851.64455791052,170096.73060139784,86372.86262188705,64716.749157518054,79342.34492091477,114664.82903538097,96660.20830395322,79285.90676616512,78006.06823039868,66839.91901158322,76693.21616807177,76896.32646993715,107389.78325006763,68463.57208056118,4
125206.73873504862,143563.9358835144,84195.82506368459,175698.14481713116,87425.07099212063,64227.26830569129,80730.20943763369,116882.83734117,103383.5012773873,76849.27604785873,74059.51011890294,68029.8588311504,80353.78370926187,77757.56153554458,109591.22891321528,74148.38065485725,4
124098.06985832095,140247.31698600258,98171.16387738752,171674.6743529647,87643.76045987135,65672.80032310491,78949.35654990155,112916.58734280913,99035.72935291879,77785.2106434358,76554.83651814896,67800.73109873904,77913.37554614253,77741.11065162548,106971.47035258656,70259.17711963381,4
124791.24215736892,142181.79341337603,85239.6738814919,172341.85157321114,86249.63745470493,63844.002943516134,80440.26260855945,117035.34329358856,99342.37293510116,78688.75756129713,76448.41986279725,66991.73205992366,78208.28446248586,76914.74430736832,108946.33638219076,70841.73063537249,4
124801.90393947411,142370.01745343418,92103.46992057204,175250.66289313592,88295.85025261049,65372.10230494766,79840.69941529029,114406.5993316888,103215.19264163885,76295.04219234493,74115.36712829676,68540.66324718753,80200.56250102073,78272.74689349496,108375.56223578003,73793.09967674014,4
124087.63159366032,140133.30073753605,93950.59573061416,169897.88948272343,86394.20853784187,64743.25832644205,79322.78714451638,114542.00619959905,96665.19274296674,79256.00013208391,77981.16838707548,66857.68864842519,76706.18017985584,76905.93772005293,107325.18670859179,68441.3544465726,4
125198.71445878917,143532.19640638787,84086.79325423161,175541.61555071065,87410.36354426904,64224.89902077902,80746.34739713042,116913.23571362923,103346.77736124724,76874.35470513758,74076.5868516668,68015.01727283208,80340.0150346774,77742.67527373735,109565.03266871365,74101.6878606901,4
124113.98430037312,140292.42280631338,98131.95891761291,171782.83444438392,87681.28903881181,65697.18607630565,78973.96582054684,112973.5172359368,99145.31995598317,77763.84237573652,76517.01736653059,67835.75628230051,77984.23057606585,77771.7548932737,107001.08641398983,70340.09043456202,4
124758.27333429735,142141.98495650114,85317.5920626631,172254.27743843527,86237.76867839917,63843.82412956049,80420.21309378304,116984.26955750819,99271.85318134466,78721.34640471297,76498.10779072139,66978.63393767286,78166.37494163215,76909.89397882152,108909.8583352397,70773.71427699499,4
124790.59395677972,142395.4090351354,91862.2275426659,175207.61343331498,88293.21274676475,65343.31325808922,79859.78780505512,114419.98802661753,103281.95730232685,76280.33474449335,74089.32734600632,68540.30561927625,80224.68003328801,78281.39701859916,108373.41646831232,73841.26768604132,4
124098.27102402104,140151.2268365892,94072.12216521766,169970.0185620807,86432.58648307163,64782.619748427845,79334.18653418857,114579.57948202844,96711.23733654468,79252.20033552652,78003.00604140831,66886.09771562788,76727.05670917711,76950.57415373018,107304.93602811528,68472.98216497686,4
125204.19063618072,143580.72204360034,83954.60503752292,175618.7961243148,87398.11478830753,64207.732881037344,80759.73609205915,116974.27832773667,103343.7375240013,76911.34684221112,74130.70042499309,68017.61007518889,80339.21037187701,77760.24374487922,109595.14046849495,74102.78309616841,4
124148.09306241192,140398.01244712024,98073.03971922872,172036.7502613962,87729.97113823547,65721.63888473975,79004.02891683923,113078.32456568773,99266.37700395311,77722.55870372757,76486.19431092672,67869.70858212812,78042.23335292737,77815.58666415056,107027.37206546927,70438.66162760992,4
124754.4511859955,142185.52615470006,85419.60542435711,172380.3859806521,86246.12823082546,63863.91834782581,80399.56008190634,117006.73306068577,99235.19632043796,78752.54943997257,76573.25435558014,66984.40068774232,78141.87742970913,76929.42940347546,108920.05073071131,70745.72989293694,4
124778.83693919623,142464.4312220134,91653.19402851988,175263.69396015335,88293.05628455358,65323.59901947964,79850.601238084,114424.05604410841,103340.42946582193,76251.07631100135,74063.86870907173,68541.06557858773,80237.64404507208,78288.21430065803,108386.24636962968,73888.85454998667,4
124023.5714940514,140083.47869914517,94175.32016936781,169748.60218150643,86436.67685230695,64780.67514666023,79258.14589955163,114376.8491598188,96704.88944111938,79210.78255305083,77990.28789881324,66884.19781734918,76698.93821465233,76959.04546487874,107237.43375986026,68453.5584990452,4
125129.7369754001,143455.28405371716,83835.06790817594,175146.2355430407,87352.74074706326,64174.384078310024,80719.63706250633,116858.92097460282,103247.04387748765,76887.02814424374,74115.1436108522,67959.65200181628,80247.83644054372,77710.6899274218,109465.47799890972,73999.83096120728,4
124073.77351209802,140280.91165791888,97995.52386945771,171647.1146520513,87727.19952192302,65705.34446303183,78960.17479421792,112900.73995599031,99336.74029549841,77657.582182596,76409.84075186739,67873.50837868552,78063.73573109337,77820.70521363082,106964.58601529432,70475.09497107207,4
124724.65631063656,142054.74609789206,85558.00742602437,172078.59272701654,86235.77937314265,63889.712260927234,80394.75445684844,117004.78845891816,99152.69603165341,78766.11694885694,76601.7304780162,66962.29481247602,78096.07870532021,76916.97948181385,108831.42606394603,70656.94876396046,4
124771.66202922608,142456.4740009873,91466.46755534025,175252.94277107035,88279.01938903563,65303.95183610343,79868.97437202625,114458.07539916938,103416.22423126987,76253.60205812479,74040.26526692692,68556.57768923971,80301.10064758071,78303.12291420971,108444.09268428001,73954.30045775181,4
124030.00879645454,140050.2640068846,94339.85136030334,169803.4757141442,86460.39205317403,64829.6031152729,79270.9087456356,114415.78589865995,96707.41518824283,79189.10136092918,77972.56296546018,66893.67495699823,76711.0081566582,76968.7684737168,107192.1491255938,68447.2106036199,4
125169.0983973859,143530.00593543125,83789.023314598,175451.47096532237,87346.5716655936,64191.21494188487,80766.17339446228,117042.58525879208,103248.80966529962,76950.75296768582,74180.6565738507,67974.35944966787,80286.68377240704,77731.94643639881,109560.91994773388,74018.33820561627,4
124073.90762256476,140347.67631860691,97957.92823528389,171886.9712218012,87745.37149016518,65718.33082656036,78962.36526517455,112896.18020012144,99421.14048256165,77621.01472866711,76367.88652752478,67898.96701562012,78119.45863002045,77844.55452496464,106999.67825408916,70549.07924521915,4
124669.93924020998,141988.45082383763,85686.75347408695,171983.4413508703,86205.87273906145,63893.020319106625,80350.38624410465,116899.06470764456,99048.44749551386,78779.95267867479,76642.1424319914,66938.06552148647,78033.8738005011,76896.72880133735,108773.04330742876,70561.3503529251,4
124779.41808455208,142491.4321293154,91350.7078708062,175345.00960648176,88279.2876099691,65313.40662400802,79904.24542477673,114581.65819426277,103443.80628392773,76236.83824978331,74011.00683343492,68547.2793635463,80309.05786860679,78285.82266400132,108446.41726570336,73967.73385616945,4
123990.64737446874,140028.31459382948,94562.29592112255,169872.4531975333,86468.32692245567,64856.73813304164,79231.45791667199,114351.85990951776,96709.04686558805,79191.38123886361,77994.57943374866,66910.10348917288,76712.28220609215,76973.4176365635,107211.95277118121,68434.53716451373,4
125137.1354028148,143508.41415028743,83809.00577414106,175428.29220632222,87305.86913894047,64177.58037776714,80750.6612838103,117068.24506142677,103163.89538811392,76991.2766803833,74223.1695918047,67940.25068762907,80233.91130374806,77688.18172075531,109564.07154370208,73934.8991435646,4
124090.60437567288,140416.76556071825,98037.88042520052,172154.09691978656,87765.06337703031,65739.74379774855,78974.41285543595,113006.66487296401,99499.72921606651,77619.49481004415,76350.69803603865,67917.8318879404,78165.1455956871,77846.49912673225,107075.16009511473,70608.4678302369,4
124658.89747844906,142010.80256829294,85929.35930840485,172181.00842011077,86184.99620974019,63901.961016888745,80323.45239203601,116930.02187371516,98972.29510215463,78847.76787135219,76727.79431674413,66926.6437800698,77998.69215472844,76880.05439997368,108836.47755819293,70500.10657311756,4
124765.80587217878,142539.91306303896,91240.17849447472,175450.73335775535,88243.99420547417,65267.429085663454,79891.39317171492,114577.9925081721,103458.51373177931,76248.3493981778,74002.64728100864,68525.88874410257,80308.87905465116,78259.29114333286,108506.31994084358,73981.18960633155,4
123997.91169141671,140036.4506288112,94788.7190924548,169967.53751844616,86479.43573944995,64879.62631936387,79224.66298635758,114371.86472080526,96694.22765901418,79196.5444918328,78002.82722745267,66903.46502106966,76698.02179312966,76969.5731365172,107210.11992813587,68420.54497248471,4
125113.80018160347,143491.58328671256,83774.15940453522,175361.6840078454,87254.9965685602,64132.653371411965,80735.39504234733,117038.24902036776,103081.99859642966,77037.81301233925,74271.91874646173,67906.58896047938,80187.19615783646,77658.47625237421,109588.43494515837,73876.47168355843,4
124096.6393466758,140430.66834576946,98018.61322148005,172175.19696655238,87779.52495569289,65735.3181523464,78987.93566083141,113017.41606204702,99553.84278939282,77582.99441134864,76298.01497435749,67924.91739093274,78189.7995698213,77848.8237081556,107075.11539162582,70653.79716799226,4
124658.8751267046,141986.55092555893,86098.53966218706,172187.7809986807,86178.51420384816,63914.969732161735,80323.09476412473,116958.11801649547,98889.7948133701,78894.1700928414,76794.93895708787,66923.98392247963,77968.13732005803,76880.92611800744,108836.92459308203,70440.98620903328,4
124797.63475628315,142621.98866867885,91086.10791994429,175613.72227832346,88251.83966777798,65257.080227980645,79936.11901236999,114699.45188754224,103503.12781371211,76256.17250873716,74000.68032749658,68541.49026173238,80351.77205226089,78268.85768995974,108570.71531661932,74034.56557209083,4
124013.64731951324,140082.53992587805,94963.97912072887,170144.02689266528,86515.80202767874,64916.03731108157,79231.0555852718,114408.36511950078,96711.99729585616,79194.37637262064,78018.78637299375,66934.8468702849,76720.61940677399,76998.40688686454,107229.38713185635,68441.51090878379,4
125144.84675465188,143603.3420089891,83749.10309900083,175652.30138925332,87249.94507431329,64128.339484732096,80762.44065313824,117180.62963254807,103068.60990150094,77107.79632422881,74352.54148871201,67919.88824843029,80208.49737030237,77678.8833950619,109696.95266448888,73883.26661387284,4
124106.13883806931,140530.0218498733,97991.6346659225,172355.57554430672,87809.54334849637,65743.32007686139,78992.85304461159,113020.29943708176,99628.67642982918,77545.62229461936,76262.09572101782,67941.14475740728,78223.99773883793,77867.80033919816,107096.70717676965,70712.26933148735,4
124627.5156292338,141968.5130677835,86252.61023671749,172081.85608170702,86166.7348345202,63917.584886263,80292.8528538767,116889.67697497332,98798.35382680343,78918.28762510869,76849.81248972565,66902.12391640233,77908.52521759573,76870.91253649147,108794.09865070567,70350.5063474782,4
124808.6094628107,142701.31500975075,90952.51154333491,175681.58217448977,88252.04083347808,65243.15509118499,79958.98484694777,114782.53332168263,103562.47169524095,76270.0529420439,74001.28382459686,68544.06071234474,80384.71852358802,78281.68759127708,108629.92508768143,74079.2914127459,4
123992.68138321416,140084.43982415675,95148.73864039643,170130.16881110298,86531.49295228637,64936.623267724906,79201.70774480197,114344.32737163632,96718.8816331484,79188.25199463988,78041.76396629382,66944.90515528979,76714.45032530431,77014.43308763899,107214.03148341554,68437.73346397084,4
125084.49704462255,143519.21004285934,83685.1547581142,175296.01458263572,87199.00544869965,64086.385260389485,80730.09767891142,117056.62215431001,102955.24185362362,77120.76033601289,74376.07787562345,67865.93113731517,80123.06900299419,77632.03413868358,109624.80123338714,73779.4651126224,4
124107.05525959197,140526.84790216063,97967.85240982204,172266.6603048635,87835.80664823134,65758.16163517971,79011.6508616985,113037.95731520145,99715.0882738934,77518.21905591716,76230.60211308028,67960.21079542766,78264.90143119115,77887.49222606329,107092.14742090076,70782.18558814355,4
124578.61001236559,141868.10903169026,86359.69744440287,171833.52820080856,86136.64938648336,63910.09705187048,80256.3971586701,116761.73558971116,98720.54740435451,78951.27879992471,76906.36240319758,66890.52336103003,77863.28528681818,76867.96210622336,108756.54772002074,70289.26256767065,4
124783.64256425411,142645.94973873493,90717.63941259855,175425.18531384293,88226.20221688774,65208.845163446094,79971.01008546473,114729.06794894552,103573.89343665761,76242.33677891931,73951.59589667272,68521.44074695597,80381.58927936427,78264.63321025769,108581.82413361361,74093.79769489738,4
123964.65229566721,139984.05813980795,95217.13497842968,169901.62222404746,86547.98853969439,64956.94100343478,79193.54935807579,114234.42384414958,96731.82329318802,79157.29482856928,78018.22757938238,66952.52710014905,76726.29674986562,77029.47581165741,107135.64391561078,68450.02692342126,4
125097.34929768436,143466.14700152242,83566.98108517898,175168.341418307,87188.14250089438,64090.49798136926,80773.75063583264,117128.17008831145,102912.55002171398,77139.93813275555,74389.15364612981,67850.44137840765,80115.26824417929,77623.78634497957,109585.17159046789,73745.17753662796,4
124113.17963757273,140534.0675156197,97825.47179764173,172332.70970972892,87857.84546826428,65757.4687311016,79025.84421942761,113002.06041360622,99841.35327832143,77480.60106999887,76183.84226367978,68003.81904885996,78364.12082482825,77929.26763645025,107126.54675561748,70892.64790924167,4
124560.7509685458,141776.4668794235,86419.84598873211,171669.779320929,86134.97300564921,63926.79380497859,80247.21059169897,116698.36839418035,98632.61564166733,78933.06212819363,76914.11845852358,66868.0822095969,77823.7674026212,76850.86302171505,108647.67237277895,70201.59902591695,4
124791.13039864665,142659.2713784303,90474.608895136,175446.28536060874,88226.38103084339,65193.33305279411,79994.09943748706,114746.09997822047,103640.18871071204,76226.46704035604,73915.92251252205,68531.25316277184,80442.11780334923,78277.28429761938,108606.67927344791,74145.60903854479,4
123957.0079990635,139952.13984872578,95296.77424392394,169890.44635181982,86575.32472316323,64989.596902083984,79184.56395680475,114173.98472714242,96758.26540687865,79118.24633100585,77989.75145694631,66966.72045787817,76752.4706426228,77048.05011129977,107085.777173731,68454.72078975687,4
125113.28609148099,143500.05459786113,83482.26797369338,175295.63460298,87177.39131181137,64098.410498906436,80797.44348495525,117223.9696650469,102892.56756217094,77181.73589488697,74427.50923961512,67845.54634637194,80127.7181658409,77634.09049917347,109613.11127103702,73733.66638823347,4
124127.5518092575,140612.9915252914,97727.43704646076,172545.3865582212,87887.43917792311,65776.08773423287,79044.88790570354,113036.23623087839,99936.61641318994,77442.93838059169,76124.52073389539,68019.19704904522,78420.22370341107,77953.85455535109,107142.08121801392,70974.03061080344,4
124585.96373629139,141846.1372668907,86553.17414440801,171932.09939385648,86154.84370646998,63976.12410499145,80268.6459146316,116798.86183725142,98601.63612385228,78978.4361694379,76970.06487489521,66873.71484919963,77819.87819908599,76873.84061501511,108662.78215203073,70185.6622321203,4
124832.70464333352,142819.10870303022,90289.64820976833,175814.70916446557,88240.44027810577,65200.01622438624,80039.9428653649,114896.39310793795,103712.00486564694,76240.10160447379,73907.2500356734,68544.39598851156,80490.71049579508,78299.34546939677,108683.54692262971,74221.58261794837,4
123956.65037115221,140035.3553933329,95410.63403017927,170121.38457553205,86605.96896481144,65020.88934432142,79167.01783740734,114148.30257276328,96796.55394513058,79107.94217681196,77987.24806156731,66983.86424587539,76774.26359346672,77080.99658262689,107096.7295285141,68492.98697626436,4
125087.268660935,143527.2790226077,83393.4868447169,175257.88250659496,87145.83064864048,64075.321146884104,80775.15879573331,117178.19329240243,102829.64740152925,77205.71931668751,74447.64816136935,67809.49298256553,80084.51224380879,77618.35487107692,109591.1618579819,73685.63248939902,4
124130.03285289204,140672.58127600924,97650.99408042361,172587.34078256378,87913.59071893583,65785.34135643738,79051.6604842735,113045.5345565718,100022.40240840941,77397.65374632523,76056.45967202898,68022.9074386248,78461.30620971993,77972.40650324899,107127.26201144005,71044.63977153775,4
124535.96288394487,141790.23555400796,86681.65197153711,171754.20185973667,86141.65617724136,63975.855884057986,80221.4837338309,116692.19931271068,98526.3554485268,78992.47306495585,76999.30095664275,66851.00547683304,77775.08530319754,76868.36443762356,108607.4839362483,70122.2056296117,4
124817.19253268154,142834.28553751536,90117.24920478454,175744.05530024235,88229.08559192249,65176.0328025857,80042.0439293437,114911.43583195638,103745.66659279664,76233.68665381511,73875.15293063557,68528.30273250374,80509.37420241526,78294.78571352789,108689.53719014373,74251.1763276072,4
123912.23745491952,139973.798689103,95547.94079636822,169956.45105319633,86614.03794455981,65030.098263037005,79124.66128166454,114026.10558582612,96797.76093933117,79073.14051069504,77962.03529382173,66978.85745511741,76764.89821253995,77078.60494597018,107030.05427480392,68481.90051101452,4
125070.30368689343,143487.40351049943,83384.21087076794,175125.336661975,87120.97550880618,64065.754600257234,80773.1694904768,117207.04939449423,102760.53580767344,77236.40826182465,74480.79579839658,67780.65923221818,80049.26354280276,77591.53277773056,109563.04336345714,73624.29930261365,4
124110.296262538,140670.5472672638,97611.43149273771,172574.08619810178,87925.57125396386,65775.64069934377,79034.74021372083,112983.50846570832,100108.25545886224,77369.5576035449,76019.98162507793,68043.26987782358,78515.79976270196,77982.08480859814,107150.26195648455,71114.2878072605,4
124495.17095031393,141695.28534356182,86855.57089514386,171565.01669466696,86124.24416831067,63983.76840159517,80187.48673051439,116618.99734961956,98425.83965371129,79001.79374239371,77034.97434079341,66817.67902585019,77713.61800594545,76837.65314074197,108523.41902535189,70025.1767069312,4
124826.5132101194,142858.40306978262,89983.45166247507,175796.51484447895,88225.39755408735,65165.79570362517,80074.99040067082,115016.33256868513,103774.25447395498,76241.12978471874,73862.45713978495,68514.73522361937,80531.52478117046,78284.10157967826,108715.0628823117,74276.00911569704,4
123922.63101609124,140008.19802381968,95739.58465332803,170183.50007337335,86652.72881421195,65067.40332453291,79132.43968873497,114077.31343237322,96836.09418107203,79078.28141191977,77980.11785508608,67001.14214433935,76802.18092229139,77105.67290850556,107066.93465315517,68515.98692130887,4
125055.08214891938,143517.4219033029,83378.71234163194,175248.27125647917,87096.07566548296,64043.872242435486,80774.95763003321,117233.53621167377,102697.50388830947,77292.46643691855,74549.50506085219,67761.23556628652,80025.36952798004,77578.94874560222,109608.1268320235,73569.2693077647,4
124120.53336149853,140740.55293089783,97578.14974524376,172751.15671767673,87950.91813217619,65781.20628371314,79061.159975667,113032.43643432099,100176.98707306232,77333.43718450514,75972.10418845466,68043.87337492387,78545.72874852762,77986.44339876693,107160.49905544509,71152.71045597916,4
124438.71044381983,141649.2854534728,87018.91744362324,171487.63495536268,86097.75735113113,63968.56921536556,80144.16904975999,116475.32033626085,98342.713516082,79033.37675730906,77090.5407775093,66800.35642389732,77668.28866819009,76828.80184993766,108509.38212983396,69941.04474080143,4
124805.23434939794,142850.40114526762,89825.89421580962,175680.218718078,88201.03415263107,65129.04943574065,80088.6026130441,114990.56100732816,103767.75011631848,76227.67403455664,73834.27159002681,68482.8169325372,80514.00101351751,78253.88202117468,108684.73156508584,74249.43289153969,4
123854.18997456909,139906.8775662038,95866.00611996725,169914.4074218759,86645.5539042418,65057.0544668501,79080.80715904322,113864.56952864761,96830.95327984731,79042.0045306688,77957.14026178601,66992.40261225733,76784.05365753814,77101.15785612559,107000.92995177866,68484.42625813797,4
125014.02199435497,143430.22774818275,83356.94174253246,175009.7110879077,87050.3439963274,64017.07250083357,80764.27349618358,117195.13591469955,102614.78008208038,77328.20687630259,74587.54772991511,67720.5330396334,79972.64176280997,77552.79720458951,109564.98796522475,73493.2957283611,4
124073.8405673314,140676.82810745575,97485.16648830968,172568.11828233223,87943.38559429474,65754.83122525588,79039.50113528981,112908.4513078274,100235.86156795759,77285.98443102652,75906.97120511188,68034.93267714175,78563.43133013623,77983.98470687684,107127.19495620669,71195.1117152109,4
124438.50927811973,141594.50132781285,87202.91700397934,171459.40470211563,86095.85745285243,63995.54777092311,80148.08060503968,116509.6973192331,98281.46973627446,79062.76930126778,77142.35212115671,66787.30300513543,77638.4267375978,76830.72409996082,108483.81173417708,69891.17799892164,4
124867.55101293934,142965.02089083445,89674.97523724739,176048.86603937938,88212.70176323674,65131.57518286409,80145.4654509384,115164.94931756846,103845.55653876741,76272.89161358972,73850.90128790156,68503.24642696934,80584.78898820747,78283.67689653361,108817.14329923908,74338.57164842745,4
123902.55914957037,140005.49346274062,95991.66762729498,170340.63283689416,86685.83174775026,65091.40909807791,79090.95485102593,113884.14965679047,96897.4720713463,79045.46905105938,77968.11496831357,67035.98851394517,76849.387806581,77145.83899329173,107089.95694994414,68558.25407007386,4
125042.65457900222,143478.2616470172,83272.18392755794,175164.02753162713,87030.60740597337,64003.03560531564,80778.2209847237,117180.13789417004,102539.56646198827,77355.23013534906,74607.66429992489,67695.8790654992,79947.22782936429,77531.6971578237,109574.82273278508,73441.75260564717,4
124158.33016137245,140808.1893096196,97368.44567876407,172921.05232728153,87995.5769175979,65781.89918779125,79101.54957789775,112983.24024477486,100350.90599666905,77257.91063999064,75853.12585271905,68077.64686079584,78662.71777900669,78021.84856198414,107197.31237856299,71304.83642874198,4
124442.6219990995,141602.0115139498,87253.58840865952,171488.1266937407,86097.8691098534,64003.125012293465,80131.98734903186,116358.77834067088,98234.32990721821,79075.48744386286,77175.1197785282,66801.94339775365,77644.34994987845,76848.9407716919,108480.61543471998,69862.54541427438,4
124883.3760480137,142990.63598998022,89383.53084129463,175957.84973595737,88205.1692253553,65111.27979889868,80174.16509081902,115097.40234582454,103867.93063496717,76247.14240397721,73801.1686564885,68497.85965655562,80608.3253751189,78286.09088493478,108848.5475001988,74360.31989578246,4
123907.85651300628,139988.46143346565,96011.00188624882,170235.64669318756,86720.05226851134,65125.76372930572,79095.31344119471,113764.7019344213,96936.96760379882,78994.37296323455,77931.86043880707,67054.49575835417,76889.24096694481,77184.14988328813,107103.54681057297,68588.09364892168,4
125047.05787265992,143470.34912948002,83159.28526631418,175042.09876562344,87018.47040873414,64005.918980350376,80794.33659247597,117142.34109429612,102504.67538889353,77381.04640019493,74639.53788751816,67684.45732408254,79940.47760253878,77549.86912606587,109623.75070139774,73417.00922453514,4
124165.08038819795,140846.4331443826,97192.58215338971,172914.52561790057,88018.6215661313,65792.80683908545,79116.61465366062,112896.0460896547,100473.4159080286,77217.43163078208,75799.43696253741,68106.10063148745,78741.15005030038,78078.7784551118,107348.34311584749,71406.89449392492,4
124472.66274364744,141615.422560623,87367.04586351465,171525.76703140343,86124.80296192205,64065.10639966803,80158.29535225575,116372.3234978108,98207.01607549383,79086.2162812014,77212.98363363548,66803.35155765433,77636.99622595265,76888.48100763334,108547.89418553046,69833.13051857121,4
124919.04943216438,143087.5755056829,89122.30600384546,176102.77844700558,88209.48311203517,65110.94452273185,80214.5323413053,115089.62393875408,103947.14521731678,76262.45334892909,73790.52922612778,68516.9703980649,80667.06575954745,78333.11895526874,109006.99901664245,74431.24198093916,4
123973.0118480935,140089.1113387479,96056.80061063774,170473.7374751255,86781.34075180779,65200.01622438624,79142.20740106194,113767.11592282247,97031.6048898226,78970.83657632311,77910.76039204127,67106.2400467682,76955.64799972154,77258.84941325778,107249.39194314384,68660.98268759045,4
125102.42314367571,143573.45772665236,83022.26907280316,175215.9059305079,87025.71237393765,64032.71872195229,80841.00703489865,117131.9028296355,102510.57624942974,77432.36600546433,74690.52221662071,67710.38534765069,79966.56208831813,77605.18969359275,109783.58802599765,73425.01114905014,4
124285.15395941187,141061.1887051092,97000.60302026308,173367.03668439828,88100.92068921575,65861.91843294125,79210.26846292836,113002.23922756186,100657.9072067627,77197.22565379449,75749.61492414653,68181.49306553521,78872.0642175751,78175.6509155811,107488.73442277127,71560.40627484398,4
124549.1951166624,141767.50382989692,87412.2857942922,171878.075227508,86177.35191313647,64132.07222605613,80187.66554447003,116349.01062834391,98243.47177070043,79113.70892688143,77266.7842825394,66865.60116596236,77693.85906384696,76976.81510172071,108708.3573589751,69868.2898125994,4
124994.71008714559,143276.93948470824,88821.16095079911,176400.07900000561,88244.08361245198,65137.31958118911,80268.4447489315,115099.12343014759,104045.82816908696,76278.34543923681,73773.18427243046,68556.10830260615,80742.63700755085,78401.09061015733,109080.96093904508,74510.59067375549,4
124004.84073219786,140186.7437585287,96063.70729967444,170594.70511611764,86846.47373515055,65265.48448389584,79140.39690976107,113631.39613048985,97124.16346361203,78924.38965134497,77870.77312121072,67162.47703581775,77016.26593068433,77341.7073299536,107230.4153121013,68716.86204872871,4
125121.7350508851,143631.5499104917,82931.85626648144,175179.98667716823,87036.62002523185,64069.50969332572,80845.1868111118,117080.5832243661,102486.95045554049,77463.39022676829,74717.92545532293,67713.1346122187,79957.80020449165,77642.13712717738,109733.94480156241,73374.1162269254,4
124282.96348845524,141124.93588029576,96851.606291724,173337.01829159478,88134.53771287652,65889.9475204882,79200.12077094565,112872.21913006535,100784.99922573558,77168.77188310289,75683.5655192811,68216.47354560776,78938.24773290727,78238.03463435586,107444.27680304967,71622.4547174519,4
124520.51782852625,141722.48741656393,87559.40497629702,171648.6122189298,86188.86306153097,64178.98853766782,80151.63453240806,116192.9283968125,98204.35621790365,79121.1744095295,77289.67246886164,66862.65073569426,77656.68811281778,77010.25331142584,108608.24389555979,69773.85369227573,4
125024.39320378224,143361.04909909357,88673.75119611635,176454.01375937628,88266.6812260963,65159.693677388874,80297.81494114577,115137.74724456636,104139.34786788796,76329.19565787264,73786.8635400371,68572.24626210288,80795.34242097645,78452.92430554918,109075.70827909808,74536.58575255702,4
123997.0176216385,140219.846692067,96223.6116795077,170654.78660521348,86891.53485197245,65311.93140887397,79108.74683961234,113506.18165805122,97204.7415023734,78921.9309594549,77873.05299914516,67186.39340238493,77053.86156485815,77401.27472892699,107205.1578408668,68731.05540645783,4
125106.49116116657,143664.31756786318,82959.61713309493,175212.57552058407,87030.71916469565,64070.940204970866,80819.86228464392,117000.20635130482,102458.04964995976,77552.46192842268,74795.46365683839,67687.25129213945,79936.81191644812,77666.50052863367,109734.16831900696,73312.2018947842,4
124290.85365424797,141235.46525662724,96850.53340799015,173569.0741025298,88193.90394614983,65921.93286680375,79222.87484680115,112859.34452525909,100907.8220615175,77181.42297046458,75663.24778357122,68219.02164447567,78990.77433237724,78287.0296582019,107434.93377386735,71682.8714827146,4
124443.4266618999,141748.61660583218,87831.53746504038,171777.15710129228,86207.90674780688,64210.392738627525,80137.86585782359,116066.64104064001,98178.20467689093,79147.59417147568,77368.3059058554,66844.88109885229,77631.83297298348,77040.74109086288,108615.35175029657,69714.42040376907,4
124900.34102205528,143397.90712570038,88590.53565150924,176506.24978616834,88261.2274004492,65129.87645028549,80316.72451695497,114982.11204792405,104157.51983613013,76441.20024933819,73811.69632812696,68523.63121791258,80785.99939179413,78455.91943930619,108966.3188417338,74505.27095857513,4
123844.42226224212,140184.4862323387,96469.07853711589,170617.012157084,86927.34234658985,65347.94006919147,79148.35413078715,113332.86623154477,97212.18463327702,78870.29842976313,77848.8237081556,67156.21854737027,77033.96851229292,77419.69256635816,107035.70926615111,68679.9146151441,4
124974.12413050224,143680.29906514872,83167.62246699602,175351.9833507518,87029.19924607269,64089.44744937986,80925.20605626178,117055.43751185389,102400.91859113201,77648.06033945804,74907.64706225957,67647.75575968693,79907.106448067,77678.4810636617,109649.94694589937,73223.37606231881,4
124162.19701316323,141327.86736820548,96902.81413827112,173936.08974648593,88234.36060361392,65930.5606401635,79332.33133939879,112852.6390019225,101010.05894065606,77249.55108756437,75687.94646119434,68231.94095277083,79065.60797281361,78340.07034779435,107309.92046712882,71732.80527982775,4
124270.75943598265,141716.54185253882,88160.7116056337,171852.59423882893,86198.9436982803,64213.03024447325,80181.69762870045,115905.35085265052,98090.2505624593,79169.67769499752,77426.80042109494,66815.98029327158,77587.15183581732,77060.5894399392,108445.00910580267,69603.71221348194,4
124804.07205868627,143435.72627731875,88586.02059912928,176660.11919499867,88252.37610964492,65113.38086287748,80436.97690212452,115023.7980513332,104131.94944047325,76484.51793009257,73881.72434350543,68477.16194119,80763.22296419418,78452.25375321553,108805.56509561124,74451.35855094893,4
123784.29606965734,140286.32078007708,96721.29562154957,171079.29093590868,86981.0312367715,65391.436563901494,79264.5608502103,113375.3568977543,97276.26708463038,78901.74733421176,77859.75371119425,67183.66648956138,77097.13454212363,77490.86052070386,107001.77931806796,68711.43057482608,4
124858.61031515722,143706.54001313925,83259.24226751832,175505.24926248184,86981.85825131634,64043.29109707965,80987.54507154765,116876.44474225579,102314.97613370135,77724.72682293975,75031.6545404976,67610.22718074646,79864.61578185747,77692.07092429053,109576.29794791913,73141.4122154012,4
124075.94163131018,141338.17152239938,96792.10594798398,173950.39486293733,88231.18665590129,65895.62486357985,79426.1416108777,112643.76194998765,101034.75761827918,77205.83107540979,75694.7190397643,68196.60284478699,79067.68668504796,78355.02366483494,107182.2473028001,71736.09098626269,4
124194.49528390114,141644.41277318154,88353.38364283844,171746.95989453315,86185.44324462929,64219.28873292074,80270.50110942138,115714.35519627991,98002.45291023886,79181.43471258102,77378.23008039357,66777.66940327518,77549.82442257696,77086.98685014092,108336.33492426097,69518.59677059612,4
124768.01869487987,143444.28699544515,88392.00745725722,176659.11336649818,88225.79988548755,65074.198254847324,80566.50526124302,114895.9237213044,104141.51598710012,76487.7589330386,73966.52686196886,68451.72565599986,80797.33172623298,78481.53453845198,108767.3659643371,74473.17385353732,4
123745.49344128293,140247.98753833622,96738.9311479248,171016.7060514338,87003.11476029335,65397.06920350423,79363.04263628038,113127.56545872278,97303.6703233326,78866.67744716138,77763.48474782523,67186.32634715157,77142.37447290117,77546.71753009767,106922.1847560626,68740.71136006253,4
124833.97869276747,143643.64220424203,83223.41242115646,175353.9950077528,86961.71932956211,64035.400931286924,81104.64586074899,116738.51212722209,102225.09976924656,77736.95322715679,75027.56417126229,67574.33027915124,79850.06479621706,77707.76184889815,109487.36035673147,73074.6922582021,4
124123.30497781099,141451.24899759877,96660.05184174202,174260.1900410879,88295.20205202128,65932.79581460904,79601.71456357415,112689.56067437658,101165.58237857609,77191.10127581374,75667.00287663972,68235.6066388615,79190.91185223006,78431.57838959438,107211.72925373666,71857.01392376589,4
124234.46020298723,141758.49607688142,88545.11690677606,172200.36503080907,86243.98246335775,64276.10686732613,80399.04599178386,115733.33182732247,98008.44317775288,79240.71153887648,77358.82876620637,66814.05804324843,77613.7727634636,77169.77771160337,108389.3309103645,69535.94172429344,4
124829.50834387641,143679.0697192037,88258.14285971438,177284.9398595023,88276.18071748981,65085.664699752895,80712.21628334717,114977.73110601082,104219.61298222697,76540.19612553074,74053.51985138892,68485.23092093837,80897.51224488167,78557.53046960002,108899.21890487897,74548.7898050296,4
123785.39130513565,140455.56818909268,96887.88317297497,171610.12251497776,87098.57906086196,65456.591898988714,79457.2552391595,113106.5995224237,97390.77507147493,78874.14292980944,77716.27786353564,67235.58959193106,77215.62113948121,77639.9243044763,106966.77648625094,68791.67333742062,4
124860.1749372691,143826.83710179772,83328.82324800768,175857.62451381976,86989.70371362015,64051.695352994844,81177.53489941775,116737.5510022105,102186.99004495026,77822.49335318725,75074.48048287397,67572.7433052949,79860.92774402234,77766.74810251572,109581.23768344376,73020.60103662027,4
124137.40892856229,141642.69168885847,96607.12291087185,174638.35920552723,88363.1513551654,65947.41385548281,79664.59002072693,112574.18096949828,101250.98839413981,77190.45307522453,75655.44702475631,68253.35392395902,79232.21787598346,78500.73468693909,107259.5172833821,71892.48614221647,4
124194.1153042454,141794.25886800993,88799.36799995518,172218.02290892875,86273.93380092786,64300.06793738222,80398.10721851674,115485.51803654648,97942.863159521,79286.64437373214,77346.08827186683,66806.14552571124,77547.38808243134,77235.00010192396,108362.9782036517,69432.3413887431,4
124820.27707341636,143761.52530449932,88198.24018457416,177305.0564295121,88288.80945310705,65081.97666191777,80762.88768802735,114891.63218636897,104204.16792680835,76587.31360284252,74064.1816334941,68454.16199614549,80835.9331889073,78615.86852262837,108911.08768118474,74497.5372549936,4
123776.1153311867,140540.169541856,97078.94588457893,171701.80937073345,87163.53323024909,65512.471260126986,79489.57586164188,112993.92437862449,97431.9916882505,78899.10982836602,77701.12338079493,67249.64883919345,77157.41719691959,77759.19321288982,106981.46158235808,68788.94642459707,4
124831.29648343283,143897.3121520653,83466.39823513011,175910.84401736787,86983.3781699393,64053.8187687181,81196.84680662713,116637.14696611727,102124.33810524203,77932.82156381865,75161.07114089384,67545.25065961489,79729.25361743613,77880.56318528214,109646.57183248662,72951.33298055327,4
124168.18728067724,141840.95166217705,96606.0053236491,174938.72194751765,88428.30669025263,65986.81998095752,79748.38671068987,112632.7872434601,101360.35547975964,77233.77075597891,75675.29537383263,68256.52787167167,79157.60775299165,78663.61184878492,107334.9320691743,71967.47624486402,4
124146.81901297797,141868.35490087926,89021.43258111866,172288.9673458299,86292.57515580358,64314.86479221163,80394.3744771927,115313.99074959646,97908.28501084865,79369.70345612806,77412.2270837101,66780.77629575448,77370.51872855649,77405.3203946734,108395.41058485635,69394.09755398006,4
124799.44524758402,143864.700956905,88065.82845042092,177290.6395543384,88294.77736887663,65063.00003087521,80817.78357240958,114811.70234819679,104211.36518852296,76626.3844521504,74118.87635217623,68393.3428994826,80662.8412798454,78758.69616969778,108924.34226564673,74497.24668231567,4
123751.3048948413,140625.95553707547,97102.34816102365,171698.9706991876,87223.19003620029,65540.81327209632,79520.22010329009,112825.4816324093,97525.73490449607,78926.1777909014,77727.096107852,67249.67119093791,77041.79162285228,77969.94781135891,106988.41297488369,68853.6547247952,4
124809.14590467763,143904.39765505763,83483.74318882743,175761.3331987063,86984.98749554009,64051.67300125039,81229.18978085397,116548.83522377435,102062.98256671222,77986.89043365604,75216.9057985432,67486.39851646406,79531.3736237733,78032.80091676723,109594.00052952774,72870.71023830299,4
124161.79468176303,141910.62204964424,96424.57621390537,174898.22058656462,88473.6807314969,65990.84329495947,79792.06201935554,112625.41116778985,101488.4086237441,77226.08175588629,75669.86389992999,68265.37916247596,79093.94998478294,78849.77952835316,107303.95255135925,72042.53340274494,4
124137.09600413991,141830.35693530523,89184.89088832033,172142.89869581445,86322.77236256271,64357.19899620998,80408.09844828826,115379.41430561715,97879.92064713486,79371.06691253984,77415.80336282295,66765.0630194024,77225.38885180818,77557.96045755869,108179.76095435154,69305.69640465932,4
124812.8562942572,143905.13526262465,87949.68878623114,177334.42662172636,88304.96976434825,65056.62978370545,80853.81458447153,115040.51715618577,104264.1600089264,76674.28424051813,74113.13195385122,68383.86575983356,80588.00763940903,78902.03790688967,108785.426173857,74483.075676331,4
123750.50023204091,140612.49978691337,97263.75010773541,171635.7152623791,87287.33954278703,65595.5303425229,79536.24630406455,113043.56760305972,97583.11183251285,78881.1166740795,77674.39069442639,67258.88010965349,76947.62372346208,78110.96496712744,106643.65966840503,68819.70242496759,4
124781.11681713068,143813.22488942443,83562.15310837665,175563.11792887663,86964.28978017447,64046.35328607003,81228.36276630912,116766.8094357025,101991.16641177732,78042.34511164966,75228.55105740442,67443.05848396521,79371.91627882914,78135.66364475056,109205.70602485014,72731.90590523553,4
124203.74890610564,141967.88721893873,96418.78711209144,174989.01337254207,88554.59404642512,66048.10846425396,79874.71877035128,113026.53557378479,101599.5862006648,77243.51611656143,75613.850428325,68265.7144386428,79030.87336193006,78989.41087596546,106951.66670699915,72055.31860057337,4
124175.22808018066,141883.55408710887,89510.42169456741,172435.43832724553,86383.65851445896,64431.02680814586,80455.0371116444,115731.67779823278,97905.11106313599,79441.2066866406,77486.65839274626,66780.88805447675,77137.03240597635,77728.05723286358,107850.11742712467,69254.91324125687,4
124889.09809459426,144056.34481386482,87908.49452120002,177812.75395306994,88353.71891900527,65076.858112437505,80957.81725142208,115429.01282656347,104317.08893979657,76779.58330864708,74148.78298625744,68372.2428527168,80506.37906865825,79042.2056963689,108519.12749041647,74450.33037070399,4
123799.89758728715,140766.39154748817,97465.60871191129,172006.97773778174,87399.63470693049,65671.92860507114,79608.30832818846,113284.7429257325,97702.20192697072,78911.06801164962,77702.12920929542,67299.40382235096,76895.2982896922,78299.54663509686,106299.19693460429,68830.0959861393,4
124819.5618175938,143894.4064252861,83727.1089824568,175925.23854079706,86977.07497800291,64057.05977166412,81279.05652273375,117007.20244731933,101948.83220777896,78141.16217388657,75312.39245085626,67409.44146030444,79231.03323352734,78266.35429458074,108896.64845426661,72599.38241236,4
124305.91873001085,142163.62144513387,96447.57615894987,175463.00446546133,88661.12246049911,66104.54661900361,79994.16649272043,113342.76805433846,101714.42946367616,77265.3314191498,75611.48114341273,68274.43161898036,78972.37884669052,79137.82645914871,106680.00360488935,72049.77536794846,4
124202.49720841614,141937.35473601278,89842.92624508456,172643.62247510225,86438.42028837446,64474.165674944605,80480.94278346811,115830.78543314761,97897.46676653228,79497.17545475668,77552.81955633397,66794.6120255723,77014.92482601701,77880.27261260423,107480.26311162271,69141.67930384628,4
124907.82885644781,144085.37972991227,87890.23314598002,177844.15815402963,88367.93462847885,65051.84651039202,80997.31278387461,115552.1262350233,104292.23379996227,76845.09627164558,74173.48166388055,68315.55882877813,80366.01011347891,79124.39306073106,108203.90083836328,74325.96526455466,4
123898.02174544595,140834.20674016557,97758.41656427582,172176.15809156396,87510.56641466217,65762.3190596484,79707.32655612548,113564.58676631293,97766.48554402418,78909.7269069823,77697.07771504852,67317.30756965966,76840.04477739868,78425.6104738248,105913.6963979836,68789.21464553055,4
124860.39845471365,143921.65320177714,83925.9053976423,176093.4577695677,86990.4860246761,64055.49514955225,81316.71921214095,117172.62770803306,101903.39111130132,78249.81400368382,75415.85867593989,67397.3044630652,79154.16558434554,78360.3433800153,108613.00481712876,72496.29616693214,4
124369.48709124174,142232.33070758948,96449.07372582838,175531.75843140585,88734.16796137905,66122.22684886777,80069.06718839017,113492.25652125556,101788.10081340084,77307.82208535935,75626.61327440897,68263.12163628599,78959.1913174619,79209.88848327262,106338.53600484562,72038.68890269863,4
124239.04231060056,141905.749369353,90168.09942342037,172573.4827010015,86486.14126278655,64523.20540227955,80521.10886825429,115953.94354509635,97857.59125442401,79507.30079499492,77573.11494029939,66781.08922017684,76958.95605790091,77942.70103486789,107044.15822555522,69035.24029675011,4
125014.40197401072,144225.65927811377,87882.65590460968,178202.18839671474,88422.31642273862,65077.01457464869,81116.15700914348,115911.8105067981,104362.77590546322,76969.79665396175,74284.14515067877,68312.49663978776,80413.61932916872,79190.8447969967,108019.81187102936,74336.98467457113,4
123998.60459549482,140993.4182159207,97980.43644195038,172593.8898436892,87634.21626498894,65848.59679324589,79797.33703104699,113778.49296075023,97897.33265606556,78909.50338953774,77706.4430959753,67370.52707320775,76929.3623482421,78513.16225685625,105630.25392654586,68842.0988729118,4
124920.30112985386,143987.54614443137,84111.71544929927,176290.84602485254,87021.4431907467,64079.25505390824,81370.45280581151,117344.44556766101,101859.11230553535,78302.45236187606,75477.6612493588,67375.73502966584,79148.5776482317,78372.07804585434,108291.3632144169,72394.95335757177,4
124497.56258697064,142416.37497143447,96461.21072306762,175943.81284043944,88842.75273594294,66187.27042523271,80194.41577129552,113760.00806808569,101934.37062911638,77335.73941418403,75668.65690572941,68292.38006977798,79083.82464454469,79247.17119302407,106125.23330750864,72104.53714186397,4
124314.9935382597,141987.53440231495,90507.28714552966,172838.01559663005,86557.9797694659,64594.77568802544,80568.85219441084,116050.54778463219,97891.54355425162,79464.94423925213,77580.28985026955,66820.8753253073,77046.77606186582,77971.82535789316,106747.12589348864,69002.87497077882,4
125094.51062613854,144304.9185639523,87859.65595956516,178336.27651170213,88460.53790575718,65088.83864746555,81190.90124260202,116058.9967440363,104384.72531851832,77063.5398702073,74340.02451181704,68288.73673543177,80487.76006552698,79153.6291424786,107741.82322523871,74287.3414501359,4
124129.295245325,141103.79113004103,98214.83918605318,172862.55781204198,87751.67468210157,65950.43134098427,79904.02190733218,113967.07462871965,98028.22447159582,78851.99235105424,77689.65693588936,67424.61829478959,77081.19774832699,78538.12915541281,105360.87070237049,68883.24843445403,4
124996.27470925746,144036.78703746642,84283.26508799376,176434.52303821125,87044.59959800239,64101.003301263256,81425.86278031621,117458.1265399607,101858.0394218015,78352.36380724476,75552.40548281735,67378.57370121166,79231.45791667199,78360.43278699313,108049.18206324364,72332.03319693008,4
124636.3669200381,142556.85568533608,96419.97175454757,176238.2523701492,88940.51926619044,66236.80189094566,80324.81584844779,113971.96966075536,102095.03496826113,77410.30483368694,75693.48969381925,68326.24296262777,79254.54726869432,79256.11189080619,105878.76062139997,72171.8829479078,4
124419.06326044361,142018.13394047428,90789.03088438879,172932.07173729799,86630.86880813466,64661.02625859097,80646.36804418183,116144.38040785557,97928.75920876971,79400.45945649856,77566.27530649607,66856.63811643579,77144.6096473467,77976.31805852868,106427.54065126667,68968.25211861756,4
125246.23426750116,144422.7346089762,87781.89424060515,178586.3031251792,88513.73505756081,65107.345891874545,81317.09919179669,116277.3956391091,104489.04090989125,77160.92642079908,74440.58501012147,68309.9261891754,80636.71209057714,79156.26664832434,107520.33978943108,74321.98665404161,4
124319.64270110641,141221.6295268094,98281.31327406327,173133.95269321834,87878.00674176298,66051.97531604473,80045.15082182299,114169.29086080681,98172.79555473276,78784.4006758214,77592.80682716452,67482.24109199537,77237.65995951415,78562.87253652484,105057.28930917852,68940.60301072634,4
125157.05080712448,144151.49619001106,84427.0762118192,176743.98294019498,87095.22629919366,64149.39482800899,81514.0404121924,117656.25240281253,101922.4571493217,78415.68629928665,75609.20126547829,67424.95357095642,79372.56447941835,78387.67956348414,107854.99010741593,72350.54044133908,4
124862.34305648126,142765.53157157084,96316.81845388633,176745.99459719594,89056.50246816904,66318.67633088546,80481.72509452404,114280.2225685385,102273.51364773675,77412.20473196564,75715.10383070754,68379.73068710932,79444.02300644196,79279.33535329526,105695.38690988862,72287.4638184862,4
124627.5156292338,142212.10237885744,91064.80670747838,173508.210302378,86741.39818446615,64785.70428916268,80750.39306287683,116415.35060588726,98029.05148614067,79398.31368903085,77534.6475880918,66943.49699538911,77318.32740525334,78033.60557956762,106318.64295228041,69024.53381115601,4
125418.00742364019,144626.7389806198,87760.43656592806,179038.05423236542,88567.28983727573,65156.542081420674,81427.13682975016,116532.07141543287,104566.71322187343,77203.5735492198,74520.87247620494,68334.64721854296,80769.19087996375,79153.07034886723,107395.88527630393,74354.21786954616,4
124452.54617363766,141383.90319155494,98409.16525234762,173484.8974329111,87982.09881569134,66143.28219214466,80129.32749144167,114254.20513799253,98319.33359138174,78754.47168999573,77537.06157649298,67560.18162491103,77412.18238022117,78595.08140028494,104938.91447054321,69030.43467169222,4
125305.39933507435,144273.33554903694,84652.1806302286,176975.18938484066,87151.57504696549,64240.41113143101,81628.34723333684,117924.36157755395,101914.32111433997,78462.80377659843,75618.23137023824,67434.98950421685,79457.36699788178,78370.75929293149,107695.33159677168,72305.07699311698,4
125039.92766617867,143026.01880145297,96281.50269764695,177218.95750987023,89165.6013328554,66404.84230576066,80645.31751219243,114535.34537975138,102486.05638576226,77469.82752917141,75765.99875283227,68452.46326356688,79659.47147124667,79318.9202927256,105657.3442408257,72437.73459645922,4
124744.1917352905,142330.56662447055,91354.0159289856,173660.13510944071,86830.98397624302,64887.89646481234,80843.80100295556,116508.91500817717,98087.9036292915,79383.80740687936,77436.05404329945,66982.99252784163,77414.66342385572,78051.57638210969,106115.39853994829,69022.90213381079,4
125550.9332479159,144805.37412230662,87726.17134167807,179274.84861312492,88626.52196008229,65197.22225632933,81546.33868293032,116719.04375780151,104686.78679308735,77321.21078028808,74620.60595996451,68350.42755012841,80914.4995706677,79157.1383663581,107316.64834220987,74425.43052738077,4
124639.20559158393,141613.45560711095,98553.26694885099,173879.65159173627,88141.33264319094,66284.03112697972,80283.33101073874,114466.23378589557,98529.23882356154,78728.45425944976,77500.22590163063,67637.54101247084,77597.34423128894,78643.67409273078,104822.90891682016,69146.64139111536,4
125383.13870228991,144368.64338739438,84872.25590613556,177069.9831330756,87189.9753439397,64288.221512820906,81673.60951585884,117937.70556899377,101960.05278349553,78494.65501244724,75641.2536670272,67457.11773122761,79542.19186808966,78368.79233941941,107589.98782515382,72285.02747834056,4
125160.76119670406,143182.61512310687,96250.63493855417,177366.83665118655,89268.86639223891,66481.93347238701,80757.4115106358,114615.94577025721,102667.485495506,77484.73614272311,75792.6867357119,68485.00740349382,79802.70144971627,79312.68415602257,105555.42028610948,72526.4710219468,4
124813.59390182424,142375.5606860591,91670.96366536185,173639.6832632641,86915.47357028408,64988.568721839045,80888.14686395488,116444.81020507935,98179.14345015807,79332.3760428877,77385.33793513036,67038.96129595772,77512.72052678115,78069.14485325156,105991.771041366,69022.9915407886,4
125646.9563420959,144887.36032096867,87802.07786584829,179305.8728344289,88673.5276786718,65256.76730355827,81646.89918123474,116820.63243635088,104772.93041621809,77347.07174862287,74666.628201798,68354.56262285264,81001.44785659884,79127.52230495481,107246.15094019783,74435.62292285239,4
124746.87394462514,141717.57003278375,98768.91657935579,173985.2188807987,88261.02623474911,66405.49050634987,80390.30645970184,114488.38436465077,98713.66306706227,78699.46404689123,77460.93153487821,67711.2794174289,77740.50715452518,78682.7225902942,104753.10441888624,69241.05515969457,4
125459.49226134924,144415.62675423943,85116.44871430978,177081.56133670348,87232.46601014925,64363.5915951242,81749.78426096252,117960.34788612698,102004.48805147268,78520.51598078203,75683.74433323674,67483.71630712942,79603.54740661949,78384.99735414951,107522.86553655453,72267.07902754296,4
125287.33912555447,143330.56131965655,96271.55617136434,177568.5611448957,89358.11690784895,66566.73599085046,80895.63469834742,114736.75694903814,102856.26832917552,77469.00051462658,75837.16670717797,68532.21428778343,79931.84982917903,79346.83762155028,105544.33382085965,72636.55336338918,4
124936.72966202852,142489.10754789205,92012.29715493885,173855.37759725782,87014.46944647664,65116.08542395657,81004.15241767793,116531.75849101049,98281.51443976337,79348.93868552908,77372.9103652132,67110.19630553678,77604.1615133478,78142.39151983161,105948.4533606116,69072.81357917948,4
125753.39534919207,145007.8809270717,87808.51516825143,179420.42552476234,88714.52077800284,65307.59517044964,81766.9504007042,116908.40773682688,104859.4987224935,77359.61107726229,74737.8408596326,68380.35653595407,81064.61388642954,79162.77100596082,107223.17334689778,74481.75692340815,4
124913.79677221738,141934.33725051134,98986.57786686157,174443.04966247675,88397.03659975965,66540.11506320418,80546.05341506642,114702.80464921053,98927.61396498847,78707.10834349494,77493.94506143869,67805.33555809683,77896.00824070076,78792.6484695254,104777.31135813134,69403.64174886249,4
125604.86800728655,144604.36488442004,85354.67360671445,177500.9024144295,87307.63492675245,64466.58843357426,81884.85585270595,118155.97035359984,102049.25859561666,78563.58779234742,75725.74326106826,67540.51208979035,79666.69108470573,78454.31011370542,107537.7294466173,72294.28110054506,4
125429.27270284567,143578.79979357717,96301.61926765673,178018.94879567015,89446.49570542523,66638.90977369664,81024.60426385455,114890.93928229086,103039.44087498676,77469.96163963815,75848.78961429473,68605.7962305303,80067.50256627829,79421.87242768674,105597.44156568547,72783.06904829372,4
125108.81574258993,142707.75231215387,92386.5100606096,174321.41146915097,87141.11443056041,65269.88777755354,81153.26090493929,116759.36630479888,98364.64057739265,79383.96386909054,77436.7245956331,67185.94636749582,77693.09910453547,78221.58375043675,105923.97820043305,69128.11179496191,4
125873.44656866153,145244.49649387557,87836.18662788709,179819.6947359675,88766.46623211697,65357.86424372962,81877.70329448025,117007.89535139744,104977.98531985108,77406.9744237631,74770.31794432616,68460.06285668169,81186.34148673314,79228.52983814834,107321.69983645677,74579.41169493338,4
125009.70810767509,142058.6353014273,99163.62603469206,174481.20409026195,88491.49507182778,66629.29852358086,80639.84133480089,114672.1157040734,99033.33771626207,78681.8732240049,77494.14622713879,67852.63184936426,77965.07513106766,78822.93508326235,104656.07549620575,69464.86317692556,4
125707.5742730587,144674.72817596534,85522.46815234044,177411.45073311936,87362.48610764577,64555.77189395093,81999.58735699503,118198.12574364255,102066.40238361388,78602.23395851064,75785.64593620849,67586.8025525573,79712.55686432801,78490.09525657837,107470.16012312891,72287.62028069739,4
125560.16451837594,143729.76347562834,96303.25094500196,178114.88248287232,89529.7783052657,66714.70453914459,81160.88284979855,114997.35593764257,103224.87094698798,77488.6924014917,75842.30760840268,68685.8601791692,80215.1358384056,79486.58072788487,105607.05281580125,72920.57698018277,4
125199.2509006561,142746.97962367293,92638.90595899892,174204.15421773843,87227.8839025359,65374.27042415982,81253.41907184351,116725.25754276008,98412.71917971602,79413.64698572719,77507.4902185786,67247.39131300346,77755.37106458796,78267.60599227024,105815.25931540244,69144.49562364764,4
126014.1955034966,145372.05789948202,87829.63756676168,179892.18144323607,88830.07929683678,65440.945677870004,82035.55131382363,117206.66941483848,105075.03659427603,77443.8324503699,74795.53071207175,68524.05590105723,81288.10897923815,79276.80960617181,107309.18285956178,74650.15496613443,4
125127.32298699893,142187.69427391223,99331.06295240676,174621.34952799673,88593.79900619973,66727.75795790649,80752.7623477891,114714.31579760503,99195.52197402978,78715.69141336577,77530.8477915344,67945.65980978725,78105.77936241381,78899.98154639978,104650.26404264738,69597.83370469019,4
125823.6468820151,144776.98740684838,85680.60674436174,177453.87434409553,87431.6871084794,64658.18758704515,82126.61232073455,118316.03119564429,102082.07095647705,78655.63227601437,75866.62630637006,67648.9180503986,79769.53146094459,78540.543143814,107420.69571264932,72305.70284196173,4
125672.28086856376,143887.70090194952,96277.85936330073,178253.44094675078,89592.72081765185,66782.13975216624,81281.00112450137,115111.99803495384,103385.3564721771,77506.37263135584,75851.58358235164,68758.25747945995,80342.40667133412,79549.00915014853,105605.10821403364,73063.02464759644,4
125320.08443118149,142882.230029372,92919.50975889084,174381.0012198688,87321.29184261464,65500.66953905458,81360.17100336206,116834.93755280228,98483.46245091707,79484.30084995042,77614.15274311934,67325.01892149674,77845.0686150871,78345.32300774133,105799.07665241678,69214.81421170404,4
126152.8210226084,145564.64052970894,87807.84461591777,180109.55215806392,88880.14720441666,65519.377949163674,82173.86390851307,117419.30155984183,105158.69917377224,77476.30953506345,74851.25361099883,68587.37839309912,81379.88524197164,79337.6287028347,107324.71732195823,74731.42590897392,4
125264.42858748778,142396.43721538034,99463.54174179336,174957.92209600474,88690.96203934694,66826.68677886567,80862.53176480911,114835.90928744189,99373.3077494273,78773.60478324948,77595.95842313272,68043.35928480141,78257.21243109852,78998.97742259233,104682.74112734094,69751.12196816468,4
125892.31144098181,144845.96489023746,85754.32279757534,177327.58698792304,87465.28178039573,64712.502326071546,82190.47125464336,118259.30246821672,102074.80663952907,78700.64868934735,75948.0760631652,67693.62153930921,79801.1368276044,78586.61008913637,107331.89223192839,72292.29179528855,4
125774.7859686358,143993.69287415658,96173.58847541672,178186.69863780722,89650.79064974673,66833.526412669,81396.15731193511,115186.7869719013,103524.49608141137,77495.62144227284,75849.14724220602,68819.7918319454,80449.82915518632,79607.794238066,105536.04132366674,73173.4646169501,4
125412.26302531517,142923.6925153366,93119.62492699921,174250.4670322498,87410.67646869141,65608.11437465124,81454.33890275228,116865.89471887288,98525.05904734839,79537.9226848987,77676.5364618941,67390.1072013506,77905.79830477218,78408.98077595005,105695.18574418852,69249.95115398779,4
126232.90732299177,145644.45860915884,87736.34138540523,180003.15785445666,88919.35216419127,65572.79861841186,82272.92683993898,117502.5841596823,105226.5367181941,77501.76817199805,74901.2321116009,68647.5492891728,81456.43996673108,79392.65869768366,107287.68048139579,74801.92331098596,4
125366.26313522615,142505.91605972245,99620.07100821388,175050.43596630526,88787.18629922705,66939.8536610429,80968.45668178282,114976.74762925478,99489.24624791698,78801.63387079643,77623.09344090146,68114.99662578067,78348.31814149836,79062.5681355677,104637.12121690766,69863.97592591953,4
126060.24009707452,145078.6912535061,86031.03739393204,177804.43910413256,87566.669293245,64872.31729892699,82341.6361023946,118668.3617434933,102105.76380559968,78813.99438548021,76085.29342237633,67774.51250249297,79875.5010814072,78658.62740977138,107403.86484907447,72360.7775402996,4
125899.17342652958,144293.11684287988,96240.24137738245,178777.946982139,89723.76909539332,66914.32796887493,81500.07057190784,115419.28981772541,103670.16240002662,77545.24231496362,75915.73308893837,68909.42232721118,80565.20886006461,79674.51419526509,105695.65513082208,73336.40883402931,4
125512.46589570832,143126.60165150187,93481.7678906641,174610.75480112492,87493.06499875367,65719.47076552759,81526.84796176529,116987.95759534331,98537.19604458762,79628.06727028695,77786.41763763639,67451.9768300029,77931.3463486846,78454.22070672759,105738.54812843182,69287.99382305073,4
126365.34140888946,145901.50367039486,87809.14101709618,180377.9295537388,88970.89528690522,65643.29602042389,82399.50476878938,117764.16662504277,105271.64253850491,77576.73592290115,74997.14344705861,68707.02728116838,81507.42429583363,79431.77425048045,107405.74239560872,74876.10875083313,4
125491.20938673132,142743.939786427,99828.92570840428,175395.41279022847,88886.80802426435,67031.94284819876,81081.19888081538,115126.54902059425,99603.37425510577,78853.9593045663,77691.57918591252,68192.80304822959,78419.35198537732,79119.5203804398,104724.74005517246,69981.99313664355,4
126161.47114771261,145221.04951394195,86203.77167508265,177835.485677181,87620.02290725982,64938.165538092326,82438.93324600856,118746.54814559796,102075.36543314045,78898.52868301018,76201.45543831056,67819.81948850388,79871.27660170515,78692.6244130879,107454.02216363218,72354.11672045193,4
126008.09347726029,144480.96090328228,96173.72258588346,178849.87489579618,89791.51723283736,66955.20930948369,81614.82442794138,115504.20409491111,103810.97839009504,77582.45796948171,75967.36561863014,68983.76422926954,80660.40493969977,79737.50141114014,105800.21659138401,73472.93328916232,4
125622.39177493952,143240.55084473503,93731.3251175076,174578.83651004275,87597.29118314877,65828.50257498056,81630.38124208228,117071.48606437279,98567.59441704684,79692.35088734042,77878.0821416476,67510.69486268699,77958.3025524977,78508.11076260934,105750.19338729304,69313.20659079631,4
126439.23627605871,145994.84455524024,87730.48522835794,180194.287621294,89011.44135134714,65676.6001196623,82481.73683664047,117796.24137833613,105304.54430634312,77623.20519962373,75063.97516297999,68749.78616831139,81539.20847644907,79461.01033222799,107474.56341678661,74901.433277301,4
125562.17617537692,142814.16896750557,99910.26370647714,175246.59487564504,88974.06923461787,67104.56366593405,81148.23176243684,115108.15353490753,99721.36911408533,78875.68520017687,77726.38085202943,68266.18382527636,78496.39844851475,79172.29284909878,104775.92554997512,70066.66154464026,4
126225.73241302163,145240.16025545125,86336.51868540271,177530.69728978843,87677.26572480985,65015.21200122977,82511.73287769948,118777.4829599241,102051.091438662,78966.05330300967,76297.83616040184,67867.13813151576,79876.70807560779,78716.16079999934,107474.16108538641,72321.14789738035,4
126140.21463873562,144616.4795299148,96123.02882945882,178902.75912317744,89876.85619316771,67037.84370873496,81744.5986562489,115733.04125464456,103953.1354848308,77614.04098439706,76010.21391275096,69065.79513142051,80761.43482463775,79785.04357159657,105922.07830215435,73590.03407836368,4
125674.04665637574,143267.2611793591,93913.93886970746,174387.43852227196,87665.15107931508,65897.36829964737,81671.62021060231,116992.67381342337,98601.16673721871,79744.58691413247,77960.78359613224,67587.89778803561,77992.94775640342,78555.20588817667,105812.71121653453,69348.9693819248,4
126572.4303212679,146110.02309441843,87665.77692815983,180136.95539676613,89069.28766599747,65748.57273680839,82623.98333835404,118035.71796843028,105353.60638542252,77673.54132813709,75149.58234424381,68810.82878241883,81585.20836653809,79503.3668879708,107539.53993791819,74966.70037111049,4
125692.84447346265,142968.95479785858,99942.0925905815,175389.40017097,89070.40525322023,67190.77434429817,81264.0361504598,115255.29506865682,99878.79245028406,78920.76866874321,77785.68003006936,68370.32060269364,78614.08038307195,79265.34316126624,104884.24210360553,70248.78355846209,4
126355.88662098488,145359.94325398724,86397.5389477657,177530.51847583277,87745.75146982091,65102.80848775012,82637.4614402606,118963.44947379227,102045.838778715,79033.73438522033,76412.74647864659,67928.7395392346,79900.02094507468,78778.41040830736,107469.869550451,72378.8824533084,4
126275.06271303448,144814.3818753221,95919.7397136378,179092.81600628092,89940.4245543986,67081.65312786736,81874.84227118996,115927.2108587278,104120.05831242303,77646.85334525745,76073.04466641482,69161.21472850021,80893.15365471288,79880.64198263193,105978.09177375934,73809.08117402568,4
125831.33588210773,143437.13443721944,94046.90939747207,174586.95019328,87776.28395274688,66022.09103370798,81812.92793904876,117233.49150818486,98661.76231643705,79802.85791192745,78049.94470476445,67673.28145185488,78070.50830966333,78643.1600026083,105778.53539926236,69473.28978458521,4
126753.81472752271,146365.3023678425,87526.16793229198,180496.66202028538,89143.02607095553,65831.47535699312,82792.20256712468,118385.61217613367,105452.75872382626,77731.40999453187,75251.52865070447,68909.9140655892,81701.72801038361,79594.09261871489,107570.1394760775,75135.85837314825,4
125879.95092629803,143261.24856010062,99964.82431469254,175935.56504673543,89193.07162679096,67299.73909851779,81413.92694877708,115554.85314784685,100067.37411825349,78962.47702389682,77866.97332465331,68498.2172844669,78777.60574550698,79378.01830506543,104930.0631797389,70483.47687524282,4
126485.30322138111,145566.24985530972,86435.93924473993,177778.19815614203,87810.9738601415,65177.35155550857,82733.30572048495,119112.37914709798,102068.52579933713,79106.64577563356,76534.63054116137,68019.28645602304,79964.9751144618,78856.82032785659,107468.2155213613,72469.78699800813,4
126415.14109553589,145031.7302384055,95770.18419148734,179257.77188036108,90013.4477035341,67143.00866639717,81996.72633370476,116118.38532905404,104251.66538377588,77641.10894693244,76099.93381499455,69244.98906671871,80992.4177518389,79944.88089619648,105928.29208711292,73970.99721085993,4
125924.475601253,143552.8270665201,94222.41529493516,174568.24178317093,87861.80172703287,66116.92948543186,81875.825747946,117283.15708436455,98721.44147413272,79847.80727002709,78146.83951697822,67762.21904304255,78134.18842961651,78721.72638436871,105719.41503517807,69570.02813458779,4
126848.83199320221,146477.35166279695,87435.97864341481,180373.19098391428,89185.6955511207,65889.05345071,82880.49195772315,118539.83921287527,105483.2465032633,77775.353524131,75315.85697124685,68957.99266791256,81735.56855148895,79634.90690409028,107507.93457125839,75203.98649024803,4
125961.28892437088,143371.17443933184,100041.87077782999,175903.8255696089,89278.20942142123,67384.27339604776,81477.62942047471,115637.8451750094,100201.23871579632,78983.08533228461,77916.97417699984,68580.71757325144,78867.83973787306,79447.19695415461,104927.49272912655,70632.1159758706,4
126563.37786476349,145627.11365546152,86604.3372874662,177640.0420236638,87875.79391906189,65279.4096206915,82807.80408475448,119261.1970616814,102039.24501410068,79183.04403818179,76629.9383795188,68061.64301176585,79961.84587023806,78888.98448812777,107424.67432316237,72478.95121323482,4
126482.7551225132,145145.05358279392,95699.68678947531,179246.21602847768,90062.35332040231,67188.58387334154,82069.19068922887,116231.14987983106,104385.73114701881,77683.7337236087,76149.73350164098,69319.04039609914,81084.05990410566,80002.32487944662,106011.01589334202,74127.16884936916,4
126017.57061690935,143640.31179431817,94487.305818475,174601.72469636498,87961.17758288117,66235.59489674508,81965.41153972287,117462.21690919601,98760.44526820723,79929.86052392251,78251.11040486222,67828.78253803046,78168.74422654441,78775.14705361689,105737.54229993133,69640.70435055546,4
126909.4052206761,146590.76441416316,87398.49476796328,180389.5301091111,89221.74891492713,65925.7550151056,82958.43249063879,118674.53082496296,105533.06854165418,77860.60307748355,75404.66045196778,69023.30446521098,81783.93772649023,79686.58413727095,107593.69821473339,75303.36234609633,4
125994.28009918692,143421.73408528973,100136.84334002058,175775.57125992433,89343.23064604172,67433.22371640489,81527.85379026578,115634.71593078565,100296.90418206505,79012.12024833205,77960.4483199654,68637.71452161248,78914.15255238445,79495.47672217808,104938.26626995401,70756.27991631984,4
126630.5895603406,145693.90066789396,86781.0278273854,177587.98481082736,87938.98230063704,65362.11107517613,82887.66686769329,119424.45420318296,102041.05550540156,79303.98932742946,76772.7213230993,68119.89165781638,79980.24135592478,78948.70834931235,107472.35059408554,72536.03756857367,4
126553.69955941434,145287.9482850967,95649.90945457334,179370.51407939364,90123.44063799866,67231.99096107375,82152.11566115805,116397.89389346766,104517.53938407176,77742.8987911819,76212.43014483812,69388.62137658852,81167.72248360187,80066.63084824453,106116.56083065998,74293.10820020536,4
126067.68322797815,143712.64203937555,94781.16420282892,174647.65753122064,88044.68370016619,66326.05240655571,82011.18791236734,117548.58404977132,98780.45007949474,80006.34819344858,78359.98575210402,67881.53265494498,78183.56343311828,78824.56676060757,105772.05339337033,69701.12111581817,4
126963.40703528012,146694.83413634708,87391.25280275974,180429.3832694749,89258.78575548956,65961.98719286766,83019.65391870188,118801.01934683554,105564.15981819152,77951.77584311675,75510.00422358564,69069.03613436653,81817.59945363992,79726.88433252387,107691.59885544764,75379.6935534112,4
126053.91455339368,143518.33832482557,100278.91102777852,175875.70707508412,89430.40244941741,67498.49081021438,81581.54268044743,115702.08408857395,100409.60167760869,79059.79651925522,78028.88936148756,68709.97771143648,78988.2485852538,79553.12187112831,105012.27289584553,70885.89768241617,4
126670.88975559351,145712.00558090277,86983.28876296149,177480.76349267527,87989.40783612822,65420.98557007141,82929.33051935799,119470.85642467218,101987.67953964228,79393.4857122285,76890.6938303344,68154.17923381082,79964.05869293913,78970.76952108974,107488.82382974909,72526.02398705769,4
126636.40101389898,145390.49808865765,95643.65096612585,179468.16885091888,90187.47838586311,67277.1861883624,82234.95122610942,116537.79346201343,104628.73931273691,77796.34181217453,76273.83038685685,69457.37534253304,81251.54152530928,80112.47427612238,106208.8735352604,74425.18465819176,4
126134.89492355526,143766.86737142413,95103.92339276355,174737.57859916432,88127.98865175112,66408.70915755144,82059.870011791,117603.01054752,98814.4694345557,80093.16236891299,78485.15552105373,67960.83664427241,78233.45252674252,78882.50248223574,105846.7305715955,69766.47761660548,4
127059.25131550447,146800.49083238732,87468.25456240828,180584.95141088383,89307.26668921312,66015.89960049387,83113.35243145854,119006.20836093526,105584.25403645684,78052.0234169988,75623.57343716305,69127.50829786161,81855.55271572503,79760.61311490693,107790.99706304038,75438.76921400658,4
126156.1737842767,143666.21746614188,100493.84540246075,176217.28643385012,89520.83760748358,67580.76758155436,81663.5288791095,115869.02926791064,100540.11351348323,79125.60005493165,78121.44793527698,68807.05133760588,79087.89266203555,79619.41714518276,105145.15401663232,71041.35406510283,4
126765.28117242828,145829.48634975986,87291.94400214482,177732.04180384183,88049.46697347963,65504.82696352327,83010.60146219749,119671.08335150282,101951.7155828137,79512.37464098628,77040.24935248487,68209.63391180443,79969.87014649752,79001.61492843807,107588.78083095323,72543.99478959976,4
126758.19566943595,145621.25749841423,95704.29124883309,179958.4767172905,90251.56083721649,67329.60102911008,82342.79839310628,116806.19320943275,104760.50284630095,77887.134598152,76364.86904202332,69541.57436389619,81355.79006144883,80170.45470123943,106407.64759870144,74594.99086081873,4
126199.80438945346,143887.1644600826,95465.41815583923,174980.76557883807,88199.2683648191,66483.18517007651,82101.15368379994,117657.70526620213,98833.13314117589,80187.41967528101,78600.1999497652,68024.44970899221,78252.87619267419,78923.47322982231,105937.88098548425,69828.61546619123,4
127097.22692933405,146884.37692932808,87531.93468236145,180576.23423054628,89316.11798001743,66022.94039999729,83154.70315870085,119048.0508265556,105565.97030949239,78138.90464769657,75709.51589459371,69155.82795808649,81851.14942206733,79765.17287077582,107874.72669776998,75468.3629236654,4
126199.55852026446,143732.71390589644,100676.8167825719,176196.6334219734,89573.5430209092,67619.8160791178,81705.4831034521,115886.93301521934,100621.51856678947,79169.83415720871,78168.96774398896,68852.73830327253,79130.04805207826,79643.62408442785,105193.12086023342,71143.1439093523,4
126798.76408562233,145816.99172460934,87563.85297344363,177531.97133922236,88071.25992432356,65552.81615886881,83050.58873302802,119704.18628504114,101870.80226788549,79607.70483108817,77144.14026071313,68220.94389449882,79926.4183552764,78997.50220745828,107599.68848224742,72512.18825723986,4
126795.34426872067,145661.80356285616,95713.47781580423,179839.945416444,90271.27507582607,67339.23463097031,82401.33761183472,116857.64692516887,104830.75437912397,77943.28218022373,76411.29361525699,69575.10198057914,81401.18645443756,80182.99402987886,106489.16441072994,74697.71947833532,4
126234.40488987027,143878.22376230048,95793.63117142096,174869.78916761748,88246.16232468633,66541.32205740477,82139.24105635179,117667.42827504019,98840.66567905733,80275.08321703473,78705.6778318498,68068.23677638016,78272.38926558367,78945.69086381089,105971.05097425592,69874.92828070263,4
127173.13345350427,146937.70819159845,87603.90729950754,180581.7327596823,89339.1402768064,66057.56325215855,83250.43568020292,119234.19615437939,105549.3629633621,78238.30285528932,75795.74892470229,69180.23606303168,81871.48950952166,79768.078597555,107960.26682380043,75506.09266830595,4
126302.1083238254,143855.17911376705,100857.53063649304,176474.01857066376,89660.35719637362,67692.81687650882,81803.62961335536,116051.2853921992,100747.31418458393,79248.02055931337,78255.71486422002,68941.69824620464,79237.96227430848,79700.55397755552,105314.84846053702,71307.69745203227,4
126878.33629588323,145898.91086803805,87796.57933671228,177720.41889672505,88120.52316910305,65610.70717700807,83122.00255656273,119811.51936191552,101841.83440707141,79742.8211263205,77290.00774502847,68286.34509877504,79960.50476557073,79035.63428349904,107708.34031204466,72551.124996081,4
126918.03299403585,145842.60682375514,95676.50803047515,180176.8756123633,90341.19133248227,67387.89437864952,82520.20418884805,117064.44526486937,104944.88238631278,78014.3607275916,76475.28665963253,69656.03764725181,81508.56423480086,80232.16786768055,106634.94248806745,74850.18072726497,4
126354.03142619508,144021.27492681443,96079.71114870443,175202.22666290126,88346.00756716818,66643.8271574768,82231.77727839677,117811.66408201029,98889.59364767,80374.79434904986,78832.12165023347,68161.62236471444,78346.77587113093,79015.8529896561,106055.4288095747,69975.15350284023,4
127304.76287660157,147136.37049631722,87598.0734942047,180941.08175529024,89392.82916698804,66109.37459580596,83363.64726586906,119446.02363658234,105590.64663537106,78359.87399338174,75917.16360058352,69258.26600292516,81955.59912390698,79829.12121166244,108129.44717758265,75613.76102134718,4
126414.62700541342,144032.27198508644,100913.74527379815,176742.48537331648,89751.41820328453,67761.97317385355,81893.81890223252,116136.73611125186,100875.59084601294,79297.06028664831,78322.18895223009,69029.87587808084,79347.68698783958,79773.73358890219,105401.75204297925,71472.29569820115,4
126952.49938398594,145978.5054300434,87921.749105662,177717.0437833123,88167.6629981593,65667.86058758028,83180.27355435771,119834.60871393785,101816.62163932582,79846.28735140411,77414.68577560017,68343.31969539162,79994.14414097597,79090.6195748591,107757.49179810188,72593.12392391253,4
127015.79952428336,145977.4101945651,95533.54627293901,180203.65300222076,90396.17662384232,67426.87582097958,82619.49063771853,117181.27783313727,105045.71110555067,78055.33147517819,76509.12720073786,69715.1580113361,81602.44156151314,80289.99183058641,106703.00354993387,75003.64780469511,4
126412.32477573452,144070.33700589385,96237.33565060326,175095.0276964936,88417.57785291408,66721.2983037589,82283.18629064396,117784.64082296382,98932.30783132408,80434.45115500106,78942.27104690923,68226.73299631274,78408.77961024996,79085.74689456784,106066.40351610226,70081.95013784769,4
127356.48481327115,147181.7445375615,87475.11654795606,180719.7994851827,89416.70083006631,66145.07033170108,83435.61988301514,119485.38505856814,105597.70978661893,78415.66394754218,75972.52887159931,69293.51470393119,81993.84295867002,79873.82470057305,108163.62299485481,75693.44499033035,4
126480.40818934538,144110.39133195774,100918.95323025623,176679.2522882524,89823.88255880863,67832.69409331013,81968.36196999098,116194.58242590219,101010.61773426745,79329.2244469195,78380.92933665864,69102.51904756058,79452.04728270142,79852.00939798467,105440.6887818204,71658.77630219178,4
126992.73252400548,145990.53066856036,88019.8732638208,177546.52232486277,88206.04094338906,65734.73700699056,83226.9439967804,119831.032434825,101798.27085712801,79927.93827389936,77540.63785560583,68388.24670174679,80019.0886877881,79144.06259585173,107784.20213272597,72656.0440845542,4
127065.01806557395,146020.19143345254,95356.72162255307,180032.72921237102,90422.30581311058,67461.07398999619,82690.88210950878,117227.88122032658,105130.44656878074,78065.14389099406,76496.25259593161,69755.74877926693,81671.64256234677,80327.65451999361,106772.27160600087,75147.14600409818,4
126449.20515408578,144059.89874123322,96393.32847515684,174944.8016220095,88476.00531292026,66799.88703726376,82323.01709926332,117746.79931960099,98980.96757900329,80515.94561528512,79079.89073752055,68291.75422093323,78474.51609069301,79148.89057265408,106111.21876373516,70195.20642700272,4
127378.00954318162,147158.87870298373,87360.58620936707,180466.24129608172,89412.99044048673,66166.68446858936,83481.03862774833,119459.92642163354,105586.5786178802,78468.3693609678,76022.46266871247,69328.67399795938,82029.33752886504,79896.08703805054,108247.91142319578,75760.85785160755,4
126489.08066619404,144065.91136049168,100881.29054084905,176392.36764816853,89851.7104806555,67869.12743677228,81997.48629301623,116096.54767472121,101090.92755209537,79341.58496160328,78392.46283679758,69146.57433588199,79525.29394928145,79882.31836346607,105487.02394807625,71794.80901894678,4
127014.01138472694,145899.693179094,88099.8478054819,177189.85553858944,88230.60551054544,65804.40739445775,83280.16350032849,119809.30653921445,101733.1602255297,80004.96238529234,77654.76586279462,68413.70533868138,80026.6882809029,79160.24525883739,107776.62489135563,72672.62907894005,4
127104.26772883747,146043.48195117497,95187.04953039283,179950.25127533096,90443.18234243183,67492.54524618927,82762.8323749104,117278.03853488428,105242.36175326846,78102.91833912353,76522.18061949976,69825.2850562674,81790.26327017108,80380.18111946358,106929.31496254385,75331.03380573199,4
126470.19344212931,144035.66945024364,96531.17168321273,174826.35972814081,88531.5941013806,66879.99568939158,82365.08308232822,117714.50104886307,99008.59433515005,80595.56252903493,79189.5930993072,68343.31969539162,78531.96007394315,79193.54935807579,106150.49077874313,70295.92338751834,4
127396.6732498018,147144.90886269914,87228.12977172493,180278.91132580178,89424.63569934794,66202.44725971785,83542.93060814508,119482.74755272242,105578.15201022054,78527.60148377437,76086.36630611018,69362.76040825373,82063.82627055958,79918.63994820595,108314.16199376131,75832.18226816444,4
126513.82404730607,144090.43122415917,100854.91548239178,176360.98579895328,89911.47904532899,67928.1807456232,82052.24806693174,116105.1083928476,101216.67846640092,79384.92499410213,78443.53657287796,69214.85891519296,79630.88359008833,79939.04709089364,105591.25013247135,71970.44902687658,4
127073.39996974469,145933.26549926586,88244.15066768536,177247.90301893986,88298.35364798948,65905.54903811801,83365.61421938112,119961.1642910438,101716.35171369932,80123.22546520537,77805.39426867894,68465.51668232879,80063.38984529852,79205.7981140373,107856.97941267246,72727.83788774465,4
127129.34638611632,146125.80342600387,95030.72142967241,180065.89920114272,90480.08507252754,67519.72496744692,82822.13155295033,117335.77309081235,105344.71039112931,78159.6023630622,76571.19799509025,69891.11094368827,81888.56624228552,80429.44436424309,107080.05512715044,75487.04898203004,4
126486.55491907061,144042.88906370272,96722.18969132777,174837.08856547935,88606.58420402816,66965.62522239986,82403.72924849144,117731.06369150445,99027.25804177023,80662.77422461203,79293.93104242456,68395.82394311714,78567.40994064928,79230.2509224714,106194.25549438663,70364.25267031821,4
127470.45635824876,147242.83185515786,87243.77599284363,180488.41422658137,89482.23614480927,66280.72306880035,83644.742804139,119741.22312560357,105594.22291448391,78631.42533676927,76197.1862551196,69416.33753971309,82113.89417813947,79959.02955043668,108452.09460879501,75911.17333306948,4
126588.25535634224,144272.86616240337,100947.13878001437,176870.4044068342,90004.70817145208,68008.31174949548,82123.05839336615,116295.83582828473,101383.1766108485,79480.4116464152,78543.3371118709,69323.98013162377,79775.8793563699,80029.392841982,105830.43614988758,72182.47767477961,4
127087.97330712955,146005.7075030455,88438.49908572425,177407.8297505176,88345.62758751246,65968.6256609709,83385.35080973516,119994.64720423784,101669.07777417634,80236.14647819358,77954.12277628455,68510.93542706197,80060.72998770833,79238.07403303076,107962.85962615725,72750.27903917778,4
127191.32777349089,146288.99351227208,94988.07430125169,180368.9665042122,90535.29388133215,67569.39054362662,82896.69697245324,117536.8940874212,105443.32628766612,78233.85485814272,76635.52631563263,69953.7628833965,81963.42223446634,80475.4442543321,107247.08971346494,75631.26243725567,4
126530.47609692528,144151.1162103553,97001.98882841931,175079.20266141926,88686.17876603351,67055.16631068783,82438.86619077518,117820.9624077037,99063.82549569911,80761.32306591548,79416.12802936173,68457.3582956026,78606.27962425705,79283.44807427503,106321.95101045979,70453.9278690729,4
127503.29107085361,147352.17658903322,87276.58835370402,180631.89007424,89507.09128464357,66312.86487732707,83688.73103722704,119836.41920523874,105596.05575752923,78737.30555025405,76321.30549207992,69461.59982223509,82140.67156799693,79996.46872239932,108605.1817065694,75982.96713625993,4
126622.11824919203,144356.3722796884,101026.82274899754,176945.34980599282,90067.11424197129,68055.04924715153,82169.7958910222,116343.3109335078,101471.46600144697,79517.47083872209,78594.54495841802,69376.14910318246,79832.5410285641,80072.73287448083,105913.15995611668,72311.44724028674,4
127128.25115063801,146047.99700355495,88649.00781500433,177434.49538165278,88390.59929735653,66025.84612677648,83432.28947309131,120062.03771377061,101637.71827670555,80345.44650858003,78097.82214138772,68556.46593051743,80077.11381639408,79279.76003643991,108061.11789478277,72789.81927511923,4
127230.0856983764,146360.9884811626,94872.42637543993,180360.42813783028,90562.20538165634,67573.45856111748,82955.99615049317,117559.69286676562,105526.96651541788,78279.85474823174,76681.5485574661,70006.71416601112,82040.5581045816,80518.80663857539,107376.43925862781,75765.88699411,4
126558.08050132758,144137.5710532154,97189.69877835498,174941.35945336337,88750.08240343122,67113.86199162746,82478.3170197388,117772.88380538033,99091.42990010142,80813.13440956287,79504.90915833821,68513.26000848532,78653.79943296903,79331.88430450969,106357.02089751017,70524.2464571293,4
127541.46785038327,147351.30487099945,87225.87224553493,180460.78747043462,89531.56644482214,66342.14566256353,83760.52484041749,119889.59400529791,105588.34440569216,78811.96037673479,76400.09539128488,69503.44228785543,82176.7919870367,80027.44824021438,108671.65579457949,76029.30230251579,4
126678.17642428595,144394.41494875134,101053.42132489936,176972.48482376157,90134.92943464869,68110.88390480088,82242.28259829075,116395.79282948886,101589.0808807708,79551.28902808297,78629.01134836809,69455.18487157642,79940.90228568343,80129.88628505306,106022.83996615888,72459.3040298586,4
127149.53001135946,146015.74343630593,88800.35147671122,177279.06135071057,88431.01125133173,66089.45919149628,83473.48373812244,120055.82392881202,101589.37145344871,80435.05465210136,78207.09982002972,68605.34919564119,80087.26150837679,79306.93975769756,108111.29756108494,72798.9834903459,4
127326.91345535679,146464.70057543524,94808.29922059766,180559.93980883836,90624.96908008684,67643.62068696269,83076.62851531846,117810.68060525425,105631.48327249089,78328.82742033333,76722.34049109704,70086.08521057191,82139.46457379634,80569.65685721122,107514.48363238378,75907.99938535683,4
126645.43111865892,144262.07026983146,97433.46690338456,175329.29633012967,88837.79064867385,67214.10956550951,82551.00489270745,117932.43055730232,99171.62795920706,80917.2041317468,79630.23538949912,68621.35304467118,78751.67772193882,79411.85884617077,106546.16135909097,70659.74273201737,4
127604.25390055824,147465.3658229549,87196.01031494264,180641.9260075004,89555.16988696693,66377.46141880291,83831.69279476319,120004.99606192065,105582.55530387824,78899.66862197741,76484.36146788139,69558.04759955974,82201.91534780448,80056.9525428954,108793.00341522734,76089.29438463383,4
126717.29197708273,144465.73936530823,101015.4457110698,176990.85795770385,90180.81756601544,68144.59033543948,82292.99870645985,116355.49263423594,101701.62191410326,79567.71756025763,78651.1172236344,69533.52773589228,80017.79228660969,80181.98820137838,106098.61237986236,72603.60689206206,4
127224.76598319603,146050.50039893395,88917.00523102346,177222.39967851638,88482.80024323467,66168.87493954599,83562.44368105456,120171.42715113488,101573.63582535218,80518.6054728753,78309.96254801305,68663.64254518063,80105.94756674142,79355.19717397657,108138.20906140913,72834.25454309638,4
127409.41374414132,146577.68864365682,94603.31137219803,180625.16219915895,90670.7007492424,67674.8684257112,83183.51455730374,117926.4849932772,105759.82698915327,78377.82244417936,76760.40551190442,70173.70404883672,82249.39045302755,80642.30002669097,107635.29481116473,76077.5597187948,4
126730.43480282246,144331.60654683193,97562.3247101694,175399.81608388617,88924.80598983837,67306.31051138765,82636.96970188257,118016.13784028744,99246.72982057689,80961.77351019067,79693.28966060754,68711.49763005944,78824.87968502995,79491.1628354982,106584.85222874311,70773.06607640578,4
127686.77654108722,147562.86413226894,87106.67039235478,180705.33790652012,89599.649858433,66428.91513453903,83920.76449641759,120143.93450545485,105614.00420832685,78987.42157070895,76575.4224747923,69625.59457130368,82260.63338048857,80117.659880836,108894.54739028781,76178.12021709922,4
126806.07310605921,144600.96741926283,101009.23192611121,177200.9196520948,90276.01364565059,68227.42590039085,82374.04613185479,116484.61866195426,101849.70222111967,79599.74761006208,78683.23668041667,69630.08727193919,80126.48881989585,80268.08712102022,106205.14079393636,72783.47137969392,4
127274.25274542008,146110.04544616287,89096.89207039977,177283.93403100182,88543.12760151955,66251.50933879726,83595.45720761505,120249.41238753944,101546.83608375027,80613.48862808807,78416.24509289803,68721.57826680878,80112.8095522892,79409.86954091425,108207.14184130929,72863.96001147748,4
127463.72848316771,146702.4784329508,94523.94032763725,180770.04620671825,90717.75117132082,67714.58747560829,83236.10821200708,118047.47498601378,105856.36417345575,78440.98847401005,76802.29268101367,70235.50662225565,82316.7809625603,80697.68764945123,107777.51896113384,76204.67408951213,4
126750.70783504342,144360.10502101245,97818.43099813831,175395.23397627284,88992.21885111557,67382.23938730232,82648.4584985326,118013.56738967508,99269.6850621325,81037.74708959427,79764.70348414224,68764.85124407426,78836.23437121324,79537.5203534985,106635.166005512,70819.89298103965,4
127771.42259733948,147679.115555181,87209.5331203381,180910.66103108658,89651.03651893575,66498.58552200622,84008.3833346824,120410.83668599567,105625.71652242143,79118.20162751694,76677.88287137543,69676.10951377267,82291.79171225926,80164.7773581478,109048.17092992914,76227.96460723455,4
126845.52393502284,144722.49385386633,101098.6612556769,177421.88899777998,90335.93867253527,68264.52979618666,82410.21125438348,116532.0043601995,101977.95653080422,79663.56184048198,78732.79049787408,69712.07347060126,80211.93953894849,80331.8119444623,106362.4076679239,72923.05802381731,4
127270.00591397357,146106.4468153056,89315.91681431733,177181.94302105226,88559.153802294,66276.7444582873,83599.70403906156,120191.9684042893,101491.3590540122,80728.24248412163,78518.0349371475,68755.10588349175,80087.97676419935,79431.52838129144,108255.82394073295,72842.5470402893,4
127483.0403903771,146738.57650024613,94436.96968996164,180635.3322428861,90739.1194390201,67717.49320238749,83289.2606603218,118074.72176250479,105917.80911896339,78489.40235250024,76814.89906488647,70273.19166340728,82348.47573619793,80720.06174565098,107849.8045027023,76281.89936660521,4
126751.668960055,144327.20325317423,98031.19725360838,175199.4550465888,89040.9680057726,67431.8155565042,82669.78206274296,117952.30125812307,99304.37496952713,81092.95589839887,79823.98031043772,68823.05518663587,78853.9593045663,79581.4862348421,106648.95703184094,70871.81608340933,4
127735.48099225534,147592.9942837947,87158.34762553545,180501.26647964318,89630.58467275914,66479.85476015268,84015.82646558601,120282.60472805558,105593.32884470568,79192.76704701985,76728.19664814432,69699.24356928392,82273.39622657254,80176.75789317583,109078.9492820441,76228.85867701277,4
126885.6006128312,144708.43460660393,101132.61355550452,177275.1944989198,90398.21063258775,68316.98934042327,82483.3685139857,116597.78554413148,102083.52381986665,79680.88444243485,78735.27154150863,69768.2657561619,80268.10947276467,80375.50960487242,106391.35317699352,73032.1345367592,4
127304.33819345692,146081.18934407108,89512.99214517977,177128.87997971536,88598.44816904643,66335.7083601604,83646.79916462889,120241.79044268018,101474.59524567072,80833.78742143959,78629.36897627938,68807.5430759839,80102.63950856203,79477.57297486937,108332.55747944802,72863.31181088828,4
127530.73901304473,146787.63857932552,94325.18861594066,180674.40309219397,90770.76950916881,67735.50870841846,83357.29937044375,118145.80030987268,106001.13642229277,78536.8327542344,76834.30037907367,70328.91456233436,82412.49113231793,80759.35611240342,107973.67787047362,76384.24800446606,4
126758.68740781397,144295.7096452367,98201.40578763555,175114.65252812536,89087.9737243621,67474.90971981404,82678.81216750291,117851.60664935192,99349.5478450713,81138.41934662097,79882.96656405527,68885.93064378866,78891.86786316251,79629.22956099863,106695.31454984123,70931.71875854954,4
127762.25838211279,147559.39961187835,87119.52264541658,180313.1094948184,89638.94422518543,66501.4465452965,84069.7388732122,120324.156620998,105553.7662570198,79257.98943734044,76771.29081145416,69714.48745900244,82257.45943277591,80182.14466358956,109099.78110787644,76222.53313333192,4
126914.8590463232,144722.0021154883,101088.35710148301,177207.51341670912,90449.66434832387,68351.52278560672,82531.24595060897,116575.32204095389,102217.0754929871,79699.68225952175,78746.38035850291,69843.6358384652,80354.07428193979,80434.83113465681,106467.5279220972,73176.07977105139,4
127294.48107415214,145988.51901155937,89611.09395159411,176820.15768529865,88614.69788726544,66371.53820652225,83662.35597876979,120140.73820599774,101431.56813759425,80892.23723319022,78704.58259637149,68841.98711418953,80085.67453452045,79504.50682693801,108313.33497921647,72853.00765669438,4
127556.01883602368,146774.2945878857,94095.23386898445,180493.26455512817,90788.56149775523,67744.0917782893,83423.57229275374,118164.6428304485,106096.06428099445,78565.62180109284,76844.06809140064,70379.65302224792,82483.8155488748,80802.8749588579,108029.1996037006,76500.52177912257,4
126804.30731824724,144271.32389203596,98302.12274815116,175049.11721338241,89154.98425423911,67552.71614226296,82743.45341246766,117886.29655674656,99422.99567735144,81157.99947476381,79935.78373620317,68954.528147522,78954.45274763736,79698.38585834335,106692.69939573997,71026.49015504005,4
127791.13683594906,147544.5357018156,86980.51714664903,180216.41584830475,89647.16966714498,66518.41151933807,84124.99238550573,120339.17699327196,105567.55728334872,79320.14963867064,76842.77169022223,69758.45334034602,82300.26302340782,80232.77136478083,109160.0637626724,76279.28421250395,4
126984.84235821276,144796.09814835765,100984.13091708791,177372.75986346722,90519.73706719125,68407.2456845338,82614.70736440508,116672.61918456784,102390.59208519365,79706.4101346028,78769.33560005852,69933.24398198652,80487.98358297153,80528.01555729099,106545.15553059049,73359.60994477391,4
127343.90078114282,146001.48302334346,89694.37655143459,176885.6035930638,88660.54131514327,66437.40879743204,83715.24020615104,120201.40084044944,101428.41654162605,80944.92029487136,78793.34137360351,68894.35725144831,80115.33529941265,79567.71756025763,108324.73436888866,72887.49639838892,4
127597.68248768838,146850.5587399672,93873.61632271008,180605.5820710161,90816.25530913536,67757.5475284514,83479.27283993637,118217.19178166293,106201.69862529024,78592.26508048357,76857.30032411819,70441.12031950001,82571.25557318397,80866.7338927667,108114.98559892007,76631.16772546383,4
126826.50260049137,144279.61638922888,98411.89216517117,175051.39709131685,89217.88206313635,67619.07847155076,82768.39795927977,117867.20816698173,99472.79536399787,81165.73317834536,79970.74186453127,69012.84384880589,78992.65187891149,79753.1252805144,106677.00847113234,71088.53859764799,4
127859.98020887139,147641.31875530706,86967.15080346476,180434.1888945328,89688.67685659848,66576.90603457762,84202.06120038763,120547.09292019522,105596.48044067388,79405.60035772329,76923.97557782836,69814.5785706733,82350.71091064345,80289.43303697504,109262.1441795998,76339.90214346674,4
127034.91026579266,144922.87724290817,100961.55565518804,177662.55023033026,90589.65332384745,68457.55946130269,82667.30101910842,116760.34978155492,102527.18359556004,79727.84545753544,78786.65820201137,70010.20103814614,80581.41387479471,80592.5673952779,106653.0250493318,73504.29278663312,4
127341.44208925273,146019.2079566965,89841.98747181744,176909.22938695305,88687.25164976736,66476.65846069556,83715.44137185114,120149.96947645779,101401.21446862393,81015.68591781687,78883.53066248068,68936.28912404647,80113.41304938949,79604.4414763977,108367.94029092077,72892.81611356928,4
127641.93894170987,146925.79471180376,93738.38826875547,180644.04942322368,90851.54871363028,67783.92258690865,83549.52437275939,118321.35091082465,106266.45162897726,78618.08134532945,76858.95435320787,70468.09887505756,82606.21370151207,80889.08563722202,108165.07585824441,76703.69913622132,4
126867.80862424478,144335.98748874516,98592.18133594768,175173.48231953173,89292.80511055054,67693.7332980315,82804.98776495311,117903.59680695497,99560.12362958475,81212.49302774585,80030.95746409387,69078.8038466935,79052.7110162629,79816.40306906737,106737.8946230286,71181.36539237088,4
127888.90336619657,147669.2584358762,86955.39378588126,180410.60780413245,89708.68166788599,66604.62219770219,84242.74137529629,120613.7681739054,105574.06164098521,79477.2153469581,76986.22518613639,69828.66016968014,82339.26681748233,80303.6040429597,109303.29374114201,76342.1149661678,4
127070.78481564342,145003.723502603,100934.24182346366,177790.78218827036,90651.03121412173,68496.74206933285,82701.56624335841,116790.45758133622,102672.40287928616,79755.78513810458,78803.89139698642,70074.14937903278,80668.69743689269,80652.55947739596,106753.63025112514,73650.62965758202,4
127382.41283683931,146043.5266546639,90054.5078580985,176939.8736286013,88745.20972313997,66552.49792963242,83748.99134027855,120237.0295211112,101366.70337518495,81084.70810469486,78969.27195421123,68959.35612432435,80096.49277883682,79629.78835461002,108377.84211371448,72884.09893323171,4
127718.09133506911,147078.74769911144,93658.14550616092,180966.13806082465,90906.84692941271,67824.58041007286,83615.35026018028,118521.44372718857,106386.94988333582,78697.6759073348,76919.32641498165,70529.81204149868,82694.70425781063,80948.47422223976,108337.85484288393,76841.67645474392,4
126900.88920603863,144426.95908867827,98809.86497519791,175417.36220328358,89362.60960848446,67759.40272324118,82813.61553831286,117915.80085942756,99634.93491827666,81269.46762436243,80107.71335455339,69145.52380389259,79107.18221750048,79880.3067064651,106842.67960103508,71273.05224812654,4
127924.08501196922,147743.0191925787,87002.17598702622,180510.8553780145,89725.78075239429,66635.19938411706,84274.81612858965,120693.45214288858,105542.94801270343,79559.76033923154,77061.70702716196,69847.10035885577,82331.98014878991,80321.15016235712,109384.5646839815,76345.08774818036,4
127110.19094111813,145085.10620416477,100963.32144300002,177881.41851203665,90705.88239501505,68538.94216286448,82741.79938337796,116823.44875615225,102770.30352000041,79764.63642890888,78795.62125153796,70118.56229526548,80723.10158289691,80689.81983540294,106818.718530979,73752.7547779983,4
127431.56432289653,146096.70145472308,90322.2147014397,177069.37963597532,88791.03079927336,66622.481241522,83786.00582909654,120321.76498434127,101351.54889244425,81181.37939946406,79073.05110371723,69006.51830512504,80113.0107179893,79682.1584918688,108469.9089491259,72903.70141311901,4
127794.04256272824,147206.53262216243,93600.45565372177,181190.8177960894,90942.20738914101,67857.79510233345,83697.29175535342,118701.93406366516,106442.4269130739,78746.38035850291,76942.79574665973,70564.52430063776,82742.20171477816,80979.364333077,108454.7991698741,76925.78606912924,4
126967.36329404872,144534.38157253046,99048.6263094695,175694.8144072073,89435.5657023866,67833.83403227736,82858.4084342013,118008.38178496144,99698.99501788558,81316.71921214095,80164.71030291442,69208.33220581201,79167.97896241891,79939.58353276057,106946.25758484098,71361.16282476936,4
127980.34435276323,147849.32408920815,87051.72980448364,180723.44281952892,89742.99159562489,66658.44519835057,84315.87628315405,120796.65014703873,105533.31441084319,79658.19742181271,77159.6076678762,69880.60562379428,82360.03158808131,80357.2705813969,109526.96764790626,76381.2752224535,4
127182.78940710895,145222.4800255871,100996.58083874952,178141.03402388503,90772.4235382585,68584.89734946458,82796.42704682674,116936.21330692928,102886.10790802335,79786.36232451945,78815.603711081,70175.40278141532,80805.51246470361,80740.87121973887,106927.68328519861,73877.90219520357,4
127458.98991334319,146118.15912940016,90558.78556475468,177080.801377392,88822.25618627742,66670.20221593407,83795.34885827886,120328.17993499995,101301.23511567536,81245.88653396208,79162.01104664935,69025.78550884551,80100.1584649275,79704.89021597985,108509.62799902297,72882.73547681993,4
127841.98705458488,147300.18643143016,93532.19342615527,181292.0935502164,90967.2189911865,67869.28389898347,83741.92818903067,118794.78321013252,106511.22558250732,78798.10229517249,76979.36320058862,70596.84492312014,82800.38330559531,81010.54501659215,108587.05444181616,77014.36603240563,4
127009.4739806025,144570.21141889232,99310.96873414144,175731.20304718055,89502.3303630746,67907.03599536848,82885.87872813687,118044.8151284236,99726.82293973243,81344.52478224334,80211.91718720403,69243.93853472931,79186.86618648365,79973.35701863254,106976.36538462227,71402.7594212007,4
128043.53273433838,147912.57952601666,87184.16389038133,180811.91102408303,89772.65236051708,66708.17782976363,84375.33192340517,120968.31154445549,105494.42237549096,79755.94160031577,77250.73573002049,69897.5482460914,82354.4883554564,80377.23068919548,109625.18121304289,76380.09057999737,4
127294.65988810777,145431.84881589995,101128.23261359127,178666.0765011402,90859.68474861202,68657.0040770774,82880.84958563442,117188.54215008524,103042.83834014396,79862.82764230104,78877.24982228874,70259.579451034,80926.03307080663,80818.29766253206,107151.71481987415,74052.24580195497,4
127484.42619853333,146184.05207205442,90866.63614113763,177234.31315831104,88850.24057033546,66710.50241118699,83791.14673032126,120303.90594052148,101236.32564977714,81339.36152927417,79267.13130082266,69051.95940160268,80073.93986868142,79721.65402432132,108601.49366873429,72858.66264804157,4
127864.27174380682,147352.42245822222,93497.10118736043,181249.75934621805,90971.33171216628,67862.48896866906,83766.00101780905,118780.29927972547,106517.41701572145,78846.1138422625,76996.21641590791,70606.50087672484,82802.61848004085,81005.42646711189,108664.16796018695,77040.27170422932,4
126995.66060252913,144510.107578052,99550.31121376887,175469.55352658674,89531.0300029552,67934.37217883732,82870.09839655142,117883.18966426727,99726.04062867649,81376.59953553672,80243.50020211938,69269.88891004192,79178.59604103518,79987.34921066156,106978.62291081225,71412.54948527212,4
128045.969074484,147837.36590592455,87261.25505700769,180483.98858117923,89758.16843011003,66710.68122514263,84396.54372889326,120928.01134920257,105420.885136233,79834.37387160944,77311.24190226101,69894.44135361211,82318.65850909454,80367.46297686851,109656.22778609132,76339.14218415525,4
127280.26536467855,145334.03758216352,101133.64173574946,178260.2805805541,90875.5544871753,68657.27229801087,82894.12652184088,117046.42975883839,103083.33970109698,79858.4019968989,78850.13715626445,70272.14113141788,80932.87270460997,80816.15189506435,107138.30377320097,74096.99399435449,4
127519.71960302826,146093.5275070104,91132.35367922232,177003.8219694879,88885.44456785257,66770.51684504948,83834.73263200911,120342.79797587372,101187.6882538424,81424.70048960454,79355.19717397657,69074.75818094709,80061.8028714422,79743.24580946515,108617.16224159746,72839.26133385436,4
127934.99266326342,147405.21727862564,93443.32289020097,181336.46176296019,91006.53570968339,67884.52778870199,83844.72386178063,118914.14152552385,106589.90372299001,78927.45184033536,77049.54767817828,70651.18201389098,82871.19363202974,81049.57116241111,108815.7351393384,77141.2121821895,4
127048.09779502128,144554.94517742936,99785.2056962497,175628.6979471085,89602.55558521219,67998.76755461306,82907.09053362496,117907.9777488682,99788.73727187363,81439.98908281197,80316.76922044388,69332.20557358331,79237.71640511947,80050.0905573476,107072.7237549691,71495.98854732378,4
128092.95244132906,147883.14227856902,87353.25483718573,180589.95820164183,89778.93320070901,66738.75501617849,84435.43576424549,121005.39308850684,105379.78027817969,79940.52230602769,77409.14254297526,69913.57444686585,82317.38445966059,80393.39100043666,109755.35777275059,76328.94978868363,4
127328.2545600241,145428.47370248722,101185.4307276524,178461.89331554095,90937.04413617184,68695.87376068518,82933.24207463766,117092.31789020514,103193.24322858373,79897.36108748449,78881.85428164653,70324.91360007688,81004.08536244457,80866.71154102225,107256.52214962509,74201.48839968305,4
127551.57083887707,146127.63626904922,91443.86994169593,177113.65844174128,88930.93036781912,66839.18140401618,83855.92208575274,120390.04956365224,101139.98963117477,81513.90630172567,79470.57687885486,69099.83683822595,80043.25092354428,79774.69471391376,108683.41281216298,72804.32555727071,4
127950.79534659331,147476.78756437154,93417.50662535509,181440.75500258864,91022.62896569121,67889.78044864899,83865.53333586852,118942.84116540446,106625.68886586296,78999.96089934837,77106.0975916502,70675.56776709172,82892.94187938474,81068.0337033312,108954.40536193912,77178.94192683006,4
127055.71973988054,144565.49520081226,100073.09616483405,175658.15754630062,89657.83144925017,68054.33399132895,82908.31987957,117879.03223979859,99801.07543481296,81474.45547276206,80369.20641293602,69359.54175705215,79228.23926547042,80065.98264765533,107118.56718284693,71501.9788148378,4
128104.30712751237,147892.15003158452,87499.0999697566,180576.122471824,89785.50461357887,66757.37401930976,84454.72531971041,121044.64275177036,105314.11085297,80044.03323460023,77508.40664010128,69912.45685964309,82274.37970332858,80387.13251198918,109851.91730879752,76284.33570675083,4
127373.62860126837,145509.56583137106,101285.2089149009,178637.64508219305,90993.81756708832,68734.02818847039,82976.9397350478,117176.85218773512,103283.56662792762,79938.22007634879,78911.80561921664,70364.05150461811,81050.15230776696,80896.41700940336,107384.59764535399,74291.45417111566,4
127527.07332695405,146080.13881208168,91727.2453579003,177014.9754899711,88938.41820221164,66851.8771948668,83828.80941972845,120261.0352946562,101066.78766808363,81595.04313409844,79570.39976959226,69111.34798662043,79996.62518461052,79780.3273535165,108743.89663265905,72760.2702689493,4
127996.41525702659,147513.39972178935,93390.01397967506,181461.6762353988,91040.19743683308,67896.88830338577,83929.36991803288,119057.7514836492,106635.63539214557,79046.6089900266,77136.58537108725,70675.79128453629,82888.91856538279,81062.75869163976,109032.70352276607,77206.18870332107,4
127107.41932480567,144615.04901826967,100327.77194115781,175824.7003942371,89721.80214188126,68113.78963158008,82951.54815334656,117938.7337492387,99861.84982798694,81521.21532216255,80441.98369288251,69413.94590305637,79270.84169040225,80116.43053489095,107226.12377716586,71578.37707738603,4
128145.83666871033,147921.98961043236,87573.71009274841,180645.3458244021,89790.19847991448,66769.86864446028,84500.18876793252,121108.59109265699,105257.33742205352,80127.02526176277,77604.94382440374,69918.87181030176,82249.45750826091,80393.43570392558,109944.23001339794,76267.28132573144,4
127447.14348878188,145614.0825884441,101287.26527539079,178856.58041913278,91051.32860557182,68767.80167434237,83045.4031283144,117261.34178177617,103393.44780366991,79961.10826267103,78940.72877654182,70416.93573199937,81120.42619233445,80941.81340239209,107512.20375444935,74419.14968718884,4
127579.37640897947,146108.234954862,91952.01450014288,177092.2007670642,88975.499746263,66904.80612573697,83865.37687365734,120282.60472805558,101018.77612099363,81658.14210869577,79665.97582888315,69138.1700799668,79982.85651002605,79804.48958927269,108798.25607517434,72752.80478630123,4
128085.0846272808,147634.09914184798,93288.0229697255,181678.4881566153,91072.58511454883,67917.58601875139,84013.18895974028,119185.89403461148,106692.96761667343,79100.63315637507,77180.68536289757,70715.48798268891,82946.67547305531,81092.68767746541,109169.16092266572,77295.57332939784,4
127183.07997978688,144689.5473825392,100492.30313209334,175970.14319540779,89795.2946776503,68184.21997835874,83005.95229935079,117969.28858390912,99906.70977910874,81535.58749384731,80480.22752764553,69466.33839205961,79313.01943218941,80154.9649423319,107270.49198990966,71647.5110229863,4
128206.6110618843,147987.30140773076,87594.96660172542,180722.14641835052,89807.45402663399,66798.90356050772,84552.69301565803,121161.54237527162,105221.75344488067,80201.6800882435,77689.16519751135,69949.1584240387,82266.60129625813,80416.12272454772,110031.75944468493,76281.8546631163,4
127494.61859400495,145683.14947881098,101200.29463771518,178875.5794019198,91091.76291129147,68791.20395078706,83094.35344867152,117240.26408675482,103483.7712030138,79950.08885265456,78933.26329389373,70463.09208429958,81191.8623676136,80969.84248993904,107558.47186547183,74522.32533959454,4
127608.120752349,146081.9269516381,92108.7896357524,176916.09137250084,89004.22173788807,66959.63495488584,83893.92005132676,120233.69911118736,100968.30588201355,81691.781484101,79730.28179768108,69164.20986225724,79976.374504134,79822.79566798158,108768.5729585377,72729.5142685788,4
128140.60636050778,147682.5577238271,93127.04570615837,181614.7633331732,91093.3498851478,67941.59179229639,84083.70871349677,119255.54207033421,106748.10937024467,79134.0266625913,77206.9263108881,70751.76486393987,83004.65589817238,81122.41549759096,109229.9353158397,77364.6625715092,4
127237.99821591357,144737.17894997346,100617.27173534296,176026.38018445735,89863.26633253889,68259.92533682888,83054.38852958543,117995.88715981093,99990.43941383832,81559.39210169221,80533.5587899159,69534.35475043711,79386.78018889192,80217.37101285113,107308.1770310613,71731.7770995828,4
128254.8237746744,148022.25953605885,87593.35727612463,180709.2494617998,89826.18478848753,66839.09199703837,84603.92321394959,121231.54803890563,105189.11989797592,80271.66340013307,77766.54693681562,69972.00190687203,82273.75385448383,80440.50847774846,110066.31524161283,76267.77306410945,4
127554.07423425607,145768.80136356372,101132.61355550452,178975.62581010174,91153.65489168822,68840.15427114419,83153.11618484452,117298.26686361634,103606.10230041771,79959.45423358133,78946.60728533355,70523.39709084,81276.9331070105,81023.48667663177,107622.37550286956,74632.83236418157,4
127655.59585757207,146114.87342296523,92315.07388533044,176981.33611456587,89059.83287809287,67036.70376976774,83928.31938604348,120277.46382683085,100961.37684123241,81764.33524660293,79834.10565067598,69213.18253435881,79999.79913232317,79875.38932268493,108806.34740666716,72735.169259926,4
128201.73838159304,147782.04533839767,93006.16747214406,181747.77856442673,91131.23609199956,67968.52564436503,84145.15365900441,119368.28426936678,106810.24721983043,79189.28017488483,77242.46558457203,70788.08644867975,83059.64118953243,81161.84397481012,109319.02936923855,77431.6731013862,4
127258.11478592335,144762.10114504115,100757.21600737763,176034.5385711835,89928.19815018156,68314.68711074437,83066.16789891338,117938.06319690504,100047.59282441055,81567.28226748494,80561.25260129603,69581.40517251554,79426.90157018919,80267.10364426418,107322.99623763518,71784.10253335268,4
128251.0686816059,147989.8271548542,87604.48844486338,180501.1547209209,89827.52589315486,66850.89371811078,84611.34399310875,121165.47628229574,105136.3697810614,80333.28715959635,77827.29897824515,69980.62968023178,82252.1173658511,80454.29950407738,110075.77002951743,76230.9373892471,4
127629.53372353718,145856.08492566168,101110.2171075603,179105.46709364263,91227.79562804647,68901.91214107421,83234.45418291738,117446.5706880773,103732.05438042336,79978.63203032399,78952.8881255255,70579.74583861182,81364.41783480857,81081.2882877932,107694.70574792693,74748.97202837134,4
127715.43147747892,146181.16869701966,92535.99852752668,177168.28610519005,89118.30504158796,67109.97278809223,83976.26387790011,120375.49857801183,100962.65089066637,81841.85109637394,79935.11318386951,69263.4516076388,80027.87292335903,79932.74389895724,108881.49397152591,72754.50351887984,4
128230.39331798475,147858.6000631571,92844.54200798775,181821.919300785,91137.53928393594,67961.82012102845,84185.5209094907,119368.68660076697,106861.25390067743,79233.0001870394,77267.47718661751,70819.49064963945,83104.45643716533,81194.3657629926,109420.50628906564,77492.93923293821,4
127276.06323672096,144765.3644997316,100842.33145026345,175947.81380269694,89974.15333678167,68358.42947464342,83089.25725093571,117846.64456208285,100103.04750240417,81569.71860763057,80584.20784285163,69627.76269051584,79463.13374795124,80312.38827853063,107318.21296432173,71834.7068827995,4
128284.01515293303,147982.04874778376,87587.54582256626,180354.72844299418,89837.27125373737,66881.47090452563,84665.54697341287,121196.92518674437,105101.50105971111,80399.24715748396,77890.24149063129,69996.83469496187,82251.24564781734,80481.70274277958,110083.52608484341,76213.3912698497,4
127617.88846467597,145829.8663294156,100924.83173904798,178854.74757608742,91242.2348549646,68898.44762068363,83255.73304363883,117302.37958459611,103833.37483803926,79960.46006208182,78920.94748269886,70613.40756576152,81422.37590818119,81120.38148884554,107694.75045141584,74835.80855558021,4
127702.26629999475,146065.0290328299,92624.60084254753,176766.35703639474,89134.2418353846,67161.73942825073,83992.11126471893,120267.74081799279,100924.27294543659,81856.15621282533,79976.41920762292,69279.32134620206,80008.8292370831,79959.32012311461,108790.43296461499,72716.48320156136,4
128271.09584463786,147855.5378741667,92649.05365098163,181680.142185705,91152.98433935456,67996.5994354009,84261.58389587211,119461.15576757859,106927.75034043197,79258.92821060756,77270.36056165225,70852.61593492221,83159.128804103,81236.47644954639,109442.34394339847,77557.06638778048,4
127325.03590882254,144791.80661342223,100918.03680873357,176026.55899841298,90039.48748582453,68443.63432450705,83138.6769579264,117890.52103644861,100215.4991287588,81587.51059621699,80633.04640448648,69699.08710707273,79553.41244380623,80388.0712852563,107364.12344743294,71938.41897707213,4
128331.06557501145,148014.10114933268,87562.13188912057,180441.07323182502,89851.01757657737,66931.67292257225,84714.65375598118,121280.69952496285,105102.1045568114,80465.72124549405,77966.63975317952,70036.95607625916,82281.15228189854,80528.03790903544,110135.67270465764,76227.22699966753,4
127682.57441312962,145933.2431475214,100805.65223761229,179104.39420990876,91293.08507360042,68946.99560964055,83316.88741646855,117373.21226277498,103984.71849974614,79968.81961450812,78923.07089842211,70689.33644167619,81534.4475548801,81187.77199837829,107790.21475198446,74980.2008247615,4
127742.14181210301,146067.75594565345,92753.81627724365,176797.80594084336,89177.6489231168,67233.71204539681,84029.86336110394,120259.49302428878,100906.45860510571,81886.39812307336,80048.10125209109,69321.02970135567,80017.30054823167,79992.89244328647,108770.00347018284,72710.87291370308,4
128310.32315615693,147904.04115963474,92424.08334303896,181708.81947384114,91163.15438308172,68005.6518919053,84315.98804187632,119455.97016286495,107005.80263206991,79296.7697139704,77288.2419572165,70909.0317379274,83235.83999107362,81277.51425236634,109517.80343267959,77642.6288655554,4
127355.34487430393,144772.20413353492,100949.88804458237,175927.8760466428,90094.00339055102,68502.88879905806,83179.08891190159,117810.14416338733,100282.50965863583,81568.66807564117,80626.8326195279,69762.61076481472,79603.05566824146,80432.61831195574,107312.93795263028,71998.72398361254,4
128375.59024996642,147997.8737828581,87519.82003686667,180326.90052114733,89868.1613645746,66977.76221963909,84780.18907072414,121324.50894409526,105073.69548960871,80515.14095248473,78014.04780316923,70071.35541097587,82293.93747972697,80551.66370292469,110120.31705621685,76221.23673215351,4
127750.50136452931,146007.8532705132,100677.30852094991,179209.06742919298,91351.37842313986,69000.95272075567,83395.5879086957,117434.09841467124,104127.85907123794,79976.48626285628,78910.84449420506,70768.90865193709,81643.99345445556,81253.68729277699,107847.94930791251,75118.60282642876,4
127787.85112951412,146096.00855064494,92919.04037225728,176876.37232260374,89225.92869114026,67313.35131089107,84062.5863149865,120278.35789660906,100915.98044824367,81946.90429531387,80120.94558727094,69385.33567015358,80051.90104864849,80054.11387134956,108788.5777698252,72734.23048665887,4
128379.45710175719,148017.47626274542,92309.75417015007,181914.5896332967,91198.98422944358,68052.74701747263,84389.3688189231,119622.75887999045,107060.7208681966,79344.08835698228,77310.45959120507,70947.99082851301,83282.7115991964,81318.50735169738,109579.56130260961,77705.75019189718,4
127396.40502886834,144868.56250388175,101121.59414548805,176184.25055554518,90165.61837978582,68586.79724774328,83203.42996161342,117853.35008541943,100369.77086898933,81602.35215453531,80664.24943974608,69828.50370746896,79662.28779104803,80501.17111220016,107376.34985164998,72084.7111445321,4
128385.42501752675,148038.50925427786,87601.26979366182,180388.77014979962,89876.58797223425,67011.66981597779,84790.20265224013,121344.60316236058,105025.54983205198,80597.79770348045,78099.20794954395,70085.70523091618,82271.56338352722,80577.94935440413,110164.28293756043,76190.14545561618,4
127773.2554403848,146077.8365824028,100661.41643064219,179299.43553202576,91396.46189170622,69036.00025606158,83426.3886125551,117467.46956914301,104222.02697062814,79990.81373105213,78914.19725587335,70803.35269014272,81689.36749569983,81295.57446188622,107889.00946247691,75193.50352209849,4
127763.7559489913,146048.39933495515,93171.07864273533,176737.210361625,89246.00055766113,67357.69717189041,84046.80598340106,120192.05781126712,100860.79399118353,82001.42020004037,80193.8346259397,69396.71270808134,80014.61833889704,80081.94179319643,108758.26880434381,72678.39582900952,4
128389.31422106198,148032.02724838583,92256.3782043908,181858.44205122496,91205.53329056899,68061.8665292104,84426.74093565237,119671.21746196956,107078.51285678303,79396.16792156314,77339.06982410786,70955.7021803501,83291.94286965643,81338.62392170716,109631.35029451255,77711.38283149993,4
127431.92195080781,144914.02595210387,101360.84721813766,176326.49705725873,90236.31694749797,68659.64158292313,83242.56786615466,117933.52579278062,100438.03309655585,81642.36177711032,80704.48257976564,69874.52594930244,79703.88438747935,80556.02229309348,107415.68892189133,72125.9724647966,4
128406.21213987019,148086.67726357904,87762.24705722893,180538.14685799443,89890.69192298556,67047.25379315064,84816.33184150838,121432.89255295903,104983.03681409798,80706.13660885532,78201.64599438262,70106.26883581506,82260.9686566554,80608.37007860781,110256.03684854947,76149.95701908553,4
127807.25244370133,146186.26489475547,100705.04703581895,179560.2803898192,91444.22756960722,69069.05848611098,83467.49347060842,117556.13893939722,104318.40769271943,80027.51529544775,78932.41392760443,70844.50225168494,81740.82121143595,81335.91936062806,107998.26478937446,75268.60538346833,4
127800.94925176493,146123.05416143587,93518.2235858707,177018.57412082842,89298.6836193423,67431.45792859292,84073.33750406951,120296.70867880687,100833.36840073686,82091.72124763981,80303.33582202623,69430.7320631423,80005.96821379283,80120.29738668173,108838.57862217173,72658.52512818875,4
128447.94284676824,148183.3262066038,92263.77663180551,182213.4101049197,91235.41757290573,68089.24741616815,84486.66596253705,119855.14996709228,107104.86556349583,79478.22117545857,77400.20184519314,70981.74196264052,83311.07596291018,81363.94844817501,109776.34606079412,77749.4031488184,4
127474.54672748408,145037.29582277487,101585.01286327993,176648.85391579318,90303.79686400853,68718.94076096306,83265.03136933224,117967.94747924179,100515.14661492666,81687.19937648767,80773.97415327719,69935.79208085443,79750.06309152402,80613.35451762135,107530.80040583615,72202.10250641138,4
128408.76023873809,148108.71608361197,87852.12342168372,180494.6503632844,89885.19339384955,67054.74162754318,84821.56214971092,121391.0053838498,104906.30327538292,80773.97415327719,78286.29205063487,70103.76544043607,82207.52563566275,80608.28067163,110286.0775930974,76094.59174806974,4
127854.43697624648,146266.39589862776,100658.22013118508,179609.16365494297,91485.846517783,69096.39466957982,83521.7635061459,117602.18353297515,104415.97305726685,80032.70090016138,78931.45280259286,70879.8850631577,81787.55870909199,81368.01646566587,108050.9031475667,75356.71596011115,4
127780.13977767705,146050.45569544504,93674.17170693538,176706.99080312144,89306.03734326808,67453.25087943685,84060.19467832979,120112.37384228395,100789.42487113773,82114.29650953966,80363.05968321081,69448.56875521765,79972.84292851007,80135.72009035588,108789.11421169213,72612.45818286636,4
128427.46864884719,148094.12039448266,92041.1756087751,181743.10704983558,91210.8753574938,68056.4574070522,84505.77670404634,119692.16104652418,107122.12111021533,79479.74109408153,77398.43605738117,70989.76623889997,83320.08371592566,81366.67536099856,109739.26451674277,77751.21364011928,4
127413.63822384337,144812.90666018805,101553.60866232023,175883.44077866565,90307.44019835476,68719.03016794087,83253.67668314895,117637.3204752589,100530.59167034527,81618.73598322106,80719.21237936168,69946.6550286597,79744.00576877664,80615.65674730024,107353.01463043864,72183.036468391,4
128405.1616078808,147897.5591537427,87783.70473190604,179839.67719551054,89875.7609576894,67078.79210457708,84879.47551959462,121330.76743254274,104845.32771650884,80784.41241793781,78296.14916993966,70104.81597242547,82191.11945523256,80607.78893325197,110153.5988037108,76025.94954084749,4
127887.11522664015,146179.87229584125,100454.19340779704,179348.1399831939,91521.54225367813,69125.98837923865,83599.77109429492,117587.81136129038,104555.15736999005,80012.89725457398,78893.9242236524,70947.499090135,81907.74403902818,81421.86181805871,108053.33948771234,75471.46981614469,4
127804.14555122204,145931.36560098716,93771.80412671616,176502.24882391084,89343.99060535319,67521.87073491463,84110.3072893986,120082.86953960295,100789.73779556011,82130.85915218106,80398.9789365505,69498.83782849764,80015.62416739753,80177.22727980939,108728.3621702626,72612.23466542181,4
128510.37126903192,148131.2689937674,91861.10995544314,181908.7334762494,91240.08908749689,68105.36302392042,84613.44505708755,119894.82431350044,107200.08399487544,79518.81194338942,77419.08906925787,71046.29380062745,83415.0339263718,81412.65289934313,109799.45776456092,77831.07642305808,4
127493.36689631545,144918.13867308362,101622.40733175365,176330.90035091643,90384.7325306812,68806.38078527222,83318.45203858042,117770.93920361272,100668.99367201254,81641.37830035428,80763.26766768309,70047.19317521968,79879.74791285371,80697.82175991795,107449.82003567458,72315.78347871108,4
128440.09738446443,147957.84180853865,87794.63473494467,180084.0041141515,89888.92613517358,67122.93679987632,84908.8904152978,121385.88683436954,104815.91282080565,80846.59497101247,78374.8049586779,70145.02676070057,82215.32639447766,80633.40403239775,110196.55885655391,76012.89612208559,4
127945.2521139684,146310.02650380452,100336.71263893993,179683.97494363488,91571.58780951356,69173.10585655045,83660.16550781316,117708.82370577141,104677.68963309404,80020.11686803304,78896.00293588673,71010.01691937649,82001.50960701819,81465.53712672439,108122.22756412359,75579.5405005861,4
127805.8666355451,145956.3101477993,93923.0136779563,176613.4934560649,89378.65816100338,67576.00665998539,84106.70865854129,120037.40609138085,100781.24413266708,82173.01454222377,80477.50061482198,69546.13411976506,80029.79517338218,80211.89483545958,108735.78294942176,72609.32893864262,4
128502.45875149475,148144.27770904038,91672.59534270708,181826.99314677634,91234.99288976108,68099.64097733986,84625.4255921156,119864.76121720806,107204.50964027758,79536.17924883119,77418.73144134658,71053.75928327552,83416.46443801695,81412.83171329877,109795.56856102569,77835.92675160489,4
127494.2386143492,144894.37876872765,101681.90767549368,176216.28060534963,90435.78391501712,68857.38746611922,83330.54433233076,117718.99374949858,100734.26076582204,81622.89340768974,80757.43386238026,70078.99970757958,79901.92084335338,80726.94608294322,107401.54026765111,72357.26831642012,4
128433.12364019438,147915.55230802923,87816.96412765553,179929.12887682067,89891.76480671941,67147.23314609923,84921.60855789288,121381.97527908985,104779.05479419885,80905.91650079685,78438.55213386442,70153.29690614903,82192.48291164433,80649.07260526092,110187.19347562712,75977.20038619047,4
127960.8536315982,146341.6318704643,100209.64297171152,179691.14985360502,91604.4225221184,69190.45081024776,83693.49195879603,117739.42324393074,104794.56690485084,80016.62999589801,78875.59579319904,71041.33171335838,82059.15475596843,81497.96950792904,108155.01757323951,75667.78518769566,4
127856.80626115875,145993.79402325084,94141.09964860675,176776.08004523278,89436.75034484272,67661.54678601585,84153.35674921951,120182.0665814956,100789.9389612602,82218.94737707941,80552.60247619182,69574.99022185686,80037.23830428581,80252.86558304615,108744.23190882587,72608.27840665322,4
128555.52179283164,148286.16658284268,91564.68112047686,182192.10889245378,91256.4952679271,68120.31634096103,84685.2835637669,120023.83858249648,107288.90982734083,79610.52115088954,77485.51845377905,71099.53565591999,83484.3019824388,81467.05704534735,109944.4535308425,77919.27640667873,4
127552.50961214419,145029.4280087266,101808.88793574428,176595.16502561152,90508.38238100796,68927.1249088198,83381.9309928335,117822.70584377121,100831.87083385835,81638.78549799747,80798.80694136703,70137.53892630803,79963.34343711656,80786.93816506126,107453.99981188773,72437.46637552576,4
128485.58318443099,148030.8873094186,87892.53537565892,180234.1854851467,89911.9260802181,67186.61691982948,84967.36257879289,121498.80784735773,104764.05677366935,80991.65779252742,78545.88521073881,70189.57378739999,82208.41970544097,80693.44081800472,110270.83370337888,75978.83206353571,4
128022.58914978376,146503.10087240947,100127.38855211598,180035.88080833922,91648.03077555071,69220.9832931737,83751.9641222911,117829.09844268543,104917.23327842157,80033.14793505048,78884.24591830325,71102.64254839928,82142.34794883108,81556.64283712422,108252.78410348704,75782.3378780291,4
127884.61183126115,146040.06213427332,94355.63169188878,176856.7921944609,89468.44511848035,67722.07531000082,84173.18274655136,120161.97236323028,100766.35787085985,82257.8170606872,80621.75877353654,69617.70440551096,80035.53957170721,80291.75761839839,108739.29217330125,72592.94510995688,4
128652.68482597887,148443.67932601922,91505.94073604832,182486.14609076336,91287.98887586461,68170.85363517447,84782.26778295849,120264.20924236886,107338.32953433151,79678.3586953114,77539.58732361643,71147.9942378991,83542.48357325597,81509.34654585678,110054.982907174,77981.79423592023,4
127620.07893563258,145188.95240890412,101949.94979500172,176962.89592539024,90570.25200966025,68995.09656370837,83419.92895840752,117890.72220214871,100949.5304166711,81680.60561187335,80856.07211066152,70227.81762216301,80060.66293247497,80867.22563114473,107579.28133955972,72558.34460954006,4
128534.4440978103,148129.72672339997,87996.64980133175,180394.02280974662,89921.2244059115,67227.3641499715,84999.817311742,121578.38005761863,104713.05009282233,81067.96664809783,78636.32036880498,70214.80890689003,82195.03101051223,80714.18323685923,110320.81220398095,75951.89821146707,4
128081.64245863468,146647.04610670163,100068.93874036537,180238.4993718266,91688.66624697045,69253.9968197342,83800.55681473695,117907.26249304564,105025.48277681861,80053.57742948264,78900.29447082216,71154.5432990245,82210.11843801958,81596.8089219104,108345.05210459854,75884.73121937887,4
127892.18907263149,146069.0746985763,94575.32698813999,176834.82042966134,89495.73659846028,67766.46587448906,84161.35867373452,120091.2961472626,100756.59015853288,82313.56231135874,80704.61669023236,69656.32821992972,80039.65229268698,80328.72740372746,108757.73236247688,72590.26290062224,4
128629.64017744544,148419.69590421868,91382.08972002145,182185.53747958393,91266.10651804287,68148.74775990818,84777.14923347822,120158.865470751,107322.30333355705,79702.31976536749,77544.63881786334,71138.29358080549,83521.22706427898,81500.42819981911,110044.1199593687,77961.92353509946,4
127631.50067704925,145155.38008873226,102082.67445357735,176740.98780643794,90618.19650151688,69049.12073005685,83440.73843249542,117865.50943440312,101005.65564699838,81674.66004784824,80846.08088089,70251.91280268584,80082.85821471909,80893.82420704653,107537.34946696156,72588.72063025483,4
128535.1370018884,148085.98435950093,88115.27050915605,180197.8862521513,89925.67240305811,67257.22608056379,85014.32359389348,121582.91746174305,104664.07742072076,81142.37560538955,78709.0305935181,70222.54261047156,82182.08935047261,80733.18221964625,110343.70039030319,75907.55235046773,4
128127.12825860122,146700.1762032719,100060.69094666136,180289.41664569578,91736.81190452719,69294.67699464285,83854.75979504107,118018.64123566644,105121.61762972089,80077.40438907199,78897.74637195426,71191.98247098715,82276.25724986283,81637.24322763005,108414.11899496544,75956.65913303604,4
127942.65931161158,146119.76845500094,94883.40108196749,177033.4380308912,89552.84530554358,67845.27812543848,84196.36150555153,120207.81579110812,100764.4803243256,82393.26863208636,80794.18013026478,69704.205656553,80068.95542966788,80381.92455553109,108830.37553195663,72590.37465934452,4
128718.73423084429,148580.829629997,91396.05956030602,182608.70070561182,91301.73519870463,68186.5445597821,84852.63107450379,120401.0689736687,107364.1457991774,79789.73743793218,77612.40930705181,71177.14091266882,83574.04423642687,81539.744918316,110209.76873752699,78005.01769840928,4
127697.3936197035,145297.26896253455,102288.01992988825,177141.68752928826,90691.77844426375,69113.7619750216,83479.63046784764,117952.52477556764,101083.0150345582,81711.3392604994,80888.54919535508,70313.38009993793,80143.92318057099,80946.88724838344,107646.00129675881,72659.28508750023,4
128595.19613923981,148182.38743333667,88287.87067983994,180441.36380450297,89950.5275428924,67306.15404917646,85055.4731554357,121704.51095157993,104605.29233280329,81235.04593790126,78808.83113251104,70243.68736072628,82167.22544040983,80753.94699024523,110419.27163830659,75867.63213487055,4
128198.85500655831,146863.27688256226,100036.57341439408,180629.20786490536,91782.25300100482,69326.9082101474,83913.41077249178,118133.6856643779,105225.10620654897,80114.88826452354,78922.377994344,71243.77146289009,82354.84598336769,81685.72416135362,108552.83392105508,76062.09231163173,4
127971.02367532537,146170.32810095884,95138.41213445809,177121.86153195638,89590.17271878394,67898.69879468666,84204.20696785534,120188.66034610991,100727.64464946325,82441.79426929883,80867.42679684483,69731.36302606619,80058.47246151835,80410.80300936736,108852.90609036757,72571.91211842443,4
128754.25115278378,148641.5369679376,91328.57964379546,182599.76000782967,91309.08892263043,68195.6417197754,84892.05955172295,120444.76663407883,107356.30033687358,79837.12313617744,77654.3858831389,71184.69580229471,83574.8265474828,81550.42905216564,110261.87065385231,78010.47152405638,4
127746.34394006061,145350.9131492273,102441.17408289602,177188.6708961333,90754.65390141653,69175.49749320716,83514.83446536475,117979.25746193618,101154.13828541497,81727.61133046285,80913.15846600039,70360.13994933844,80188.29139331476,80997.98333620827,107679.2159890194,72720.32770160768,4
128621.19121804133,148203.06279695785,88417.33198372507,180412.91003381135,89959.95997905255,67329.57867736563,85070.96291434324,121722.25823667744,104555.02325952331,81324.78819188931,78910.10688663804,70263.66982026934,82156.6977687714,80780.74673184715,110477.65439482384,75836.60791356658,4
128227.10761154981,146898.14560391256,99980.15761138889,180558.64340765995,91816.09354211016,69338.70993121981,83941.03752863855,118119.06762350413,105288.69691952431,80118.97863375886,78912.25265410575,71266.48083525668,82383.32210580375,81702.75619062856,108582.47233420282,76111.02028024438,4
127992.32488779127,146138.8344930213,95412.39981799125,176991.68497224868,89635.14442862803,67961.12721695032,84214.93580519389,120168.74494180024,100694.9663990696,82490.87870012269,80930.43636446433,69758.09571243473,80043.89912413349,80435.14405907919,108836.432854704,72535.03174007317,4
128762.36483602105,148639.838235359,91268.58756167741,182458.02759623856,91303.70215221669,68190.97020518425,84912.44434266619,120435.26714268532,107360.94949972029,79902.32317475358,77703.24679651819,71202.04075599203,83584.30368713185,81558.22981098054,110323.76263424905,78010.98561417886,4
127754.94936167591,145343.87234972385,102573.74227926043,177104.807150937,90797.32338158172,69218.21167686125,83527.17262830409,117936.11859513744,101223.62985892652,81746.20798184967,80927.46358245178,70406.02808070517,80226.2893588888,81027.93467377838,107695.39865200504,72765.74644634085,4
128642.98416888526,148174.38550882167,88553.54351443572,180302.33595399093,89965.77143261093,67371.82347438615,85107.41860954984,121788.3970485207,104484.10117436662,81398.59365208074,78984.4934921853,70266.2402708817,82119.86209390905,80776.7681213341,110472.40173487685,75773.79951164717,4
128284.9315744557,146987.30671254479,99919.96436357075,180743.87231396107,91852.10220242766,69372.1257891805,84009.25505271615,118243.36567442009,105407.58584828209,80166.78901514877,78940.21468641933,71323.8801150179,82468.52695566737,81746.65501673878,108701.54007691624,76224.23186591052,4
128003.63487048565,146139.08036221034,95608.02228546409,176998.5693095409,89658.43494635046,68001.2485982476,84222.73656400878,120110.02690911615,100693.75940486902,82548.59090430629,81003.79478976665,69802.46392517853,80056.43845277291,80472.00208568598,108861.01977360486,72543.10071982154,4
128815.76315352478,148684.87700043645,91167.31180755042,182483.93326806228,91308.88775693033,68207.10816468098,84980.95243942172,120540.09682418071,107365.93393873381,79949.99944567675,77729.06306136407,71220.50329691211,83603.70500131906,81572.24435475402,110356.70910557618,78026.81064925321,4
127809.6664321025,145396.64481838286,102645.24550977297,177215.0236028461,90852.55454213078,69269.82185480856,83578.31341961783,117964.61706931796,101317.68599959445,81756.06510115447,80937.94655060132,70472.21159603735,80304.92279588256,81080.6847906929,107737.35287634765,72856.80745325178,4
128698.99764049026,148200.0229597119,88619.30234662323,180344.53604752256,89982.84816537479,67408.68150099296,85160.28048518664,121845.08107245936,104449.32185999416,81470.11923433772,79057.82956574316,70303.97001552225,82138.05641389567,80809.64753742785,110512.90309582987,75761.0813690521,4
128376.86429940037,147116.90212689663,99786.74796661711,180996.20115711703,91902.52773791883,69406.50277215276,84088.29082111012,118356.84548101969,105547.48541682785,80193.65581198405,78946.69669231138,71398.11025835399,82585.87361405774,81809.68693610275,108814.01405501534,76354.96721922961,4
128022.3209288503,146100.09891988029,95736.43305735983,176832.3393860268,89685.74877807483,68045.92973541377,84226.87163673302,119979.0233348636,100659.06949747438,82556.65988405465,81032.87440930301,69829.62129469172,80047.52010673525,80491.93984174012,108790.87999950409,72506.13093449247,4
128858.43263368997,148693.92945694082,90988.85547981925,182355.4330891887,91313.38045756584,68217.34526364152,85027.82404754449,120549.73042604094,107391.28081694614,79994.05473399816,77751.81713721956,71248.10770131442,83648.29673150739,81597.97121262208,110386.01224255709,78053.5209838773,4
127860.36018852713,145392.55444914752,102661.24935880296,177108.11520911637,90917.12873186216,69333.54667825064,83620.82643757183,117940.70070275078,101397.16880287752,81745.02333939355,80924.93783532832,70520.51371580527,80363.26084891091,81123.46602958036,107700.00311136284,72913.960863824,4
128726.55734140365,148159.7674679479,88640.15652420004,180157.5637051539,89995.5439562254,67451.5744986027,85184.86740408748,121818.750717491,104412.32972292064,81536.86154328127,79128.01404333282,70329.4957076902,82143.75610873176,80834.61443598443,110498.7320898452,75729.45365064785,4
128408.26850036008,147114.3763797732,99606.57055456287,180851.89829491358,91931.450895244,69431.04498756469,84132.9049030429,118333.68907376398,105632.15382482456,80186.19032933598,78916.83476171909,71433.1577936599,82648.34673981032,81835.10086954843,108810.25896194685,76425.48697298611,4
128092.21483376205,146115.76749274344,95915.5375856802,176896.84652052482,89757.3861190541,68146.84786162947,84290.17177703045,120089.95504259528,100679.3648814398,82599.3517159643,81093.11236061006,69882.77374300644,80092.53652006824,80540.84545860832,108788.60012156966,72528.43797545886,4
128937.44605033948,148803.78828093866,90858.50010615589,182601.45874040827,91344.60584456992,68258.31601122809,85104.51288277065,120700.738811581,107450.66940196388,80062.22755458685,77805.43897216785,71301.66248102933,83719.79996201993,81640.8195067429,110497.39098517787,78125.87358067914,4
127911.07629669624,145475.56882805453,102675.17449559862,177290.57249910504,90981.81468031582,69393.29289117968,83659.87493513525,117934.01753115864,101504.16660358508,81744.799821949,80938.7512134017,70591.12287653958,80440.70964344856,81175.27737322777,107737.3305246032,73010.34158591529,4
128770.9479058919,148192.84804974176,88668.09620476917,180183.20115604415,90019.81795070386,67496.03211832429,85224.18412258437,121848.92557250567,104375.69521375839,81589.2540322845,79191.2918318858,70361.21283307229,82144.62782676553,80860.27423861912,110489.52317112961,75703.77149626869,4
128488.55596644354,147241.6472127017,99436.78670368037,181057.7802130914,91986.95027672652,69469.2441188388,84209.39257256896,118444.71018847349,105764.3643932777,80194.8851579291,78906.03886914717,71496.7261548908,82747.54378170297,81889.34855334146,108875.70486971199,76539.07853830798,4
128158.42070083866,146193.46215647008,96050.3186047457,177064.70812138417,89825.76010534288,68221.90501951039,84334.31647232968,120138.19010712983,100720.64855344874,82639.87542866176,81162.42512016596,69948.5102234495,80144.75019511583,80604.4808750726,108807.88967703459,72566.30183056615,4
129012.72672566495,148925.42647426444,90688.6044965511,182765.16291679896,91377.88759206387,68283.50642722922,85173.17744173735,120821.86291478432,107502.30193165565,80110.59672958813,77843.52634471969,71344.42136817233,83776.88631735877,81690.48508292259,110551.45985501527,78179.22719469396,4
127990.78261742386,145613.25557389922,102679.28721657839,177547.17052545198,91067.51126855747,69461.42100827945,83714.32378462837,118019.8035263781,101639.6405267287,81754.88045869833,80957.59373397753,70667.14115943208,80545.7628423885,81262.49388009237,107786.37025193815,73130.77278504048,4
128805.5484063087,148255.43293421663,88670.35373095915,180210.17971160173,90049.7022330406,67532.688979231,85248.01108217372,121862.00134301203,104359.08786762808,81643.50171607753,79265.6560856886,70391.18652238685,82158.99999845028,80907.86110256448,110494.66407235434,75696.79775199865,4
128553.80070850858,147361.87724612682,99259.44796317196,181173.69635983664,92047.59055943377,69507.73382279085,84271.91040181046,118539.99567508647,105888.5953889603,80196.29331782977,78897.54520625416,71543.66481824695,82832.65922458879,81952.06754828306,108908.69604452803,76650.36787395095,4
128171.11649168927,146215.03158986947,96165.944178813,177010.2816236355,89880.05249262482,68277.76202890421,84333.42240255147,120069.79376909659,100746.57657701691,82668.2174406311,81219.10914410462,69996.16414262821,80177.38374202058,80669.88207934881,108789.47183960341,72586.23958662029,4
129044.13092662465,148964.0055851943,90547.76615473822,182666.8152411956,91401.1781097863,68308.71919497481,85213.83526490156,120882.83847365838,107518.90927778593,80134.62485487758,77851.81884191261,71359.06176079056,83797.025239113,81718.62592919182,110544.77668342313,78180.56829936127,4
128026.03131842987,145677.9415223529,102729.28806892491,177617.39970653056,91138.03102231397,69525.99519801083,83740.16240121871,118031.73935791723,101766.77724919049,81762.61416227988,80971.7647399622,70738.35381726669,80638.99196851159,81334.91353212757,107834.47120600597,73225.3877193198,4
128825.46381061838,148271.36972801326,88775.11635722118,180150.00881552804,90077.1054717428,67588.14365722462,85269.44640510636,121898.7252591521,104321.15695728743,81705.79602787447,79334.81238303332,70414.85701976503,82149.43345182341,80933.38679473243,110485.0304704941,75646.14869906292,4
128594.43617992834,147464.4494014322,99171.73971792933,181314.06531501596,92088.60601050926,69540.85910807361,84316.2562628098,118624.86524878327,106019.91188763523,80231.11733569115,78905.90475868044,71604.3498044431,82918.13229538588,82004.52709251965,109003.53449625189,76745.116918697,4
128187.43326514165,146238.09859014733,96389.72984429954,177008.538187568,89928.55577809284,68349.89110826148,84347.57105679167,120082.42250471385,100751.60571951936,82708.89761553975,81279.01181924484,70032.61983783482,80175.64030595307,80700.21339657468,108791.05881345973,72569.6769439789,4
129089.32615391328,149072.41154580255,90490.34452323253,182843.9528160039,91416.66786869382,68337.41883485542,85272.15096618545,121038.04898715604,107571.45822900036,80225.0376611993,77921.19865670189,71399.22784557675,83836.3419576099,81755.68512149873,110653.22734752028,78230.74796566344,4
128061.25766769143,145771.43886940944,102796.09743310184,177790.93865048155,91193.10572065183,69570.34105901016,83775.74637839156,118055.70042797332,101874.42325048725,81787.42459862526,81009.44978111384,70792.73561152644,80693.82079766045,81384.89203272964,107901.88406728317,73321.9025518778,4
128881.58904094566,148335.4521793666,88882.51648932893,180250.72577604363,90107.39208547975,67643.2630590514,85323.11294354356,122006.90770231577,104291.27267495068,81781.61314506688,79432.6459685142,70437.0299502647,82136.15651561697,80966.89205967094,110517.06052029855,75636.13511754693,4
128648.72856721027,147588.590990137,99013.95875381933,181505.75387546467,92115.0928276888,69554.33720998016,84367.64292331254,118665.54542369193,106152.45773225519,80263.7508825959,78914.21960761781,71661.54791850423,83007.62868018493,82065.39089267146,109119.13771857474,76876.74634179429,4
128241.43507974567,146277.68352957768,96537.40781991575,177057.26499048056,89977.79667112789,68417.23691430532,84383.49031013135,120078.77917036763,100766.71549877114,82733.10455478485,81335.4499739945,70076.3398499894,80196.36037306314,80745.72154828567,108777.91598772001,72588.34065059909,4
129143.21620979503,149125.42988365053,90319.59954733844,182807.8994521975,91420.53472048459,68346.00190472626,85326.19748427838,121045.31330410401,107598.1909153689,80260.0404930163,77938.00716853228,71433.24720063772,83882.05127502099,81790.10680795989,110689.28071132669,78269.48353880449,4
128125.36247078926,145817.14818682053,102755.7972378489,177761.6131617562,91250.41559343525,69622.86765848013,83829.12234415083,118012.4498024523,101994.65328391234,81766.25749662609,80984.79580697964,70861.91426061562,80790.87207208539,81447.74513813797,107903.60515160623,73428.25215199616,4
128901.23622432188,148281.2044955736,88851.35815755822,179948.9101706636,90107.01210582402,67664.20664360603,85344.92824613194,121889.56104392542,104254.99579369972,81806.82591281246,79466.24064043054,70467.27186051272,82148.96406518985,80994.20589139532,110460.39884810435,75616.37617544844,4
128712.14046622998,147599.5433449201,98784.45104175223,181329.82329485696,92149.29099670541,69583.50623649433,84448.62329347411,118694.69209846164,106259.74610564068,80232.30197814727,78858.60846741301,71708.9783202384,83095.98512601676,82107.45687573634,109089.81222984937,76978.22326162139,4
128278.15899588574,146239.43969481465,96642.23750141115,176887.5034913425,90023.97537517255,68482.6157668371,84415.69917389145,120014.0261666806,100809.0497027695,82748.79547939247,81366.07186389827,70141.15990890979,80260.1969552275,80812.73207816269,108750.53510076227,72636.06162501116,4
129192.63591678572,149130.0566947528,90171.16161241074,182675.28655234416,91436.27034858112,68372.10874225006,85387.03893268573,121094.48714190569,107629.08102620614,80288.06958056326,77954.07807279564,71465.27725044219,83926.37478427587,81828.73062237867,110679.91533039992,78299.05489671885,4
128186.02510524096,145852.39688782656,102814.35880832182,177811.39049665816,91322.34350709242,69699.46708672847,83884.91229831128,118079.54973930714,102109.07186377906,81768.8950024718,80972.2117748513,70928.34364513679,80877.50743359416,81516.74497327149,107911.80824182133,73514.50753384919,4
128958.188469194,148332.47939735407,89002.90298496521,180119.25281515752,90145.88178943179,67734.52523166242,85388.69296177542,122012.78621110752,104248.1561598964,81904.86066399344,79571.31619111494,70523.37473909554,82186.29147843021,81052.58864791259,110525.19655528029,75613.47044866925,4
128752.77593764973,147689.28559890814,98708.61157281537,181496.61201198245,92189.68059893616,69613.72579499791,84493.90792774057,118749.0291892325,106352.55054861911,80263.68382736252,78869.47141521829,71760.61084993015,83163.71091171633,82150.86396346855,109155.88398645926,77051.38052122362,4
128325.20941796416,146297.86715482082,96925.38940017097,177089.22798505164,90094.09279752885,68571.2851370913,84445.44934576146,120094.17952229733,100825.12060703285,82823.33854715092,81456.73053940899,70201.06258405001,80292.58463294324,80873.21589865875,108789.58359832568,72650.63496239603,4
129223.16839971166,149209.65125675814,90169.52993506551,182838.52134210127,91452.56477028904,68394.88516985002,85413.88337777655,121182.73182901525,107628.11990119457,80373.60970659372,78033.31500688971,71498.46959095831,83943.60797925091,81861.58768672797,110765.61191864156,78307.14622821167,4
128226.772335383,145962.16630484659,102993.99977850913,178105.87472985682,91398.92058359631,69766.3658578832,83904.38066773185,118163.94992637038,102198.76941427821,81813.28556696005,81018.18931319586,70989.67683192216,80935.57726568905,81573.56310767688,107997.1919056406,73584.40143876093,4
128948.6889778005,148356.9769092771,89246.33583382796,180166.01266455802,90167.85355423136,67772.56790072536,85364.17309810795,122012.20506575168,104167.60047287948,81993.64179296992,79668.9039074068,70529.5438205652,82137.31880632864,81062.62458117302,110559.88646267491,75529.13731683938,4
128789.20928111188,147819.7527312938,98780.20421030572,181782.06614042117,92244.19650366265,69650.0920832267,84512.25870993838,118896.95303403772,106436.48134904879,80330.78376421735,78904.78717145768,71796.86537943667,83215.52225536374,82186.11266447457,109295.60474104939,77104.62237651616,4
128282.94226919918,146294.782614086,97288.67230280308,177086.1434443168,90130.21321656862,68607.31614915325,84383.44560664245,119987.80757043452,100785.22274318013,82889.74557992764,81525.93154024263,70213.11017431143,80257.64885635959,80882.40246562987,108828.00624704437,72581.00927841774,4
129209.243262916,149215.35095159424,90266.33534030145,182762.01132083076,91453.25767436715,68395.91335009495,85409.92711900796,121226.04950976963,107572.37465052304,80452.84664068779,78075.02336204331,71476.56488139211,83898.32334498446,81839.3700527394,110811.0083116303,78228.64690168464,4
128227.17466678318,145978.2595608544,103189.48813551523,178120.4033637528,91441.16538061683,69791.71273609552,83898.72567638465,118144.14628078298,102266.87517963353,81859.46427100472,81036.65185411595,71018.68939622515,80972.56940276259,81600.87693940126,108080.65331943672,73622.22059037931,4
128966.12333847563,148335.09455145535,89462.65601666643,180107.22757664058,90176.63778980229,67792.7068224796,85377.83001397015,122046.04560685702,104096.5666290005,82091.63184066198,79763.80941436403,70532.4495473444,82109.20031180386,81073.06284583364,110605.03698647465,75465.45719688621,4
128806.71069702039,147823.5972313401,98650.89936863177,181683.7855200512,92245.8728844968,69622.39827184657,84537.04679453932,118849.96966719266,106505.70470162686,80358.72344478649,78906.44120054737,71815.93141745705,83260.0022268298,82208.66557462998,109355.79798886753,77167.78840634685,4
128324.87414179734,146243.8653402168,97427.02960098143,176929.07773602937,90166.69126351968,68643.41421644858,84420.34833673816,119966.88633762435,100785.51331585806,82914.73483022867,81558.72154935855,70237.6300379789,80268.4000454426,80915.57245440155,108790.54472333727,72581.72453424032,4
129293.08465636786,149256.81343755883,90083.31925670139,182792.47674852333,91470.71438678676,68400.27194026374,85491.9803729034,121341.02688324773,107621.77200576926,80515.11860074027,78126.90176092408,71515.27810278871,83965.53504056156,81889.39325683037,110886.80307707824,78288.12489368021,4
128273.42042606122,145983.04283416783,103048.8733111469,178050.46475535212,91492.30617193058,69802.95566355654,83936.6118832364,118044.92688714588,102389.65331192652,81835.10086954843,81016.53528410617,71081.76601907803,81069.68773242089,81666.2781436775,108080.2062845476,73729.33014980915,4
128969.00671351037,148225.66041060214,89356.66404445935,179707.8689584576,90175.90018223527,67793.24326434651,85385.07197917366,121877.20052924163,104056.1099715364,82103.45591347884,79787.85989139795,70549.92861150845,82115.21293106234,81098.65559323497,110512.4337091963,75426.96749293417,4
128875.30820075372,147809.1803561664,98352.03419351987,181484.60912520994,92288.89999257326,69648.7956820483,84622.56456882531,118904.32910970798,106612.09900523414,80316.97038614398,78847.47729867426,71857.75153133292,83351.19734420745,82248.47403150488,109311.2509621681,77248.58996255278,4
128386.98963963863,146221.4688922726,97475.1082033048,176872.03608417942,90236.18283703123,68722.0700051868,84470.90798269607,119978.33043078547,100851.71918293467,82918.80284771953,81587.15296830572,70313.89419006041,80359.2151831645,80989.53437680416,108781.80519125525,72637.78270933422,4
129305.60163326284,149213.62986727117,89842.43450670654,182577.0506354631,91467.9427704743,68397.76854488475,85516.8355127377,121258.79481539666,107639.38518040004,80529.33431021385,78139.15051688558,71549.00688517177,84016.27350047512,81918.65169032237,110878.53293162977,78305.06751597732,4
128320.35908941735,145973.0069009074,102984.54499060453,177975.1170247933,91554.48872500524,69865.13821663121,83986.54568034956,118057.17564310737,102500.42855744703,81801.1038662319,80982.53828078965,71143.61329598585,81157.86536429707,81715.65314717927,108051.17136850016,73813.86444733912,4
128977.90270780359,148147.0716770973,89389.20818438628,179488.0171999952,90191.41229288725,67838.43849163514,85403.78038928275,121839.06845320087,104004.83506975592,82135.32950107212,79832.96571170875,70573.9567367979,82107.05454433615,81112.98306143083,110457.11314166941,75376.5866609319,4
128914.62491925061,147828.46991163134,98150.42145853299,181488.31951478953,92317.77844640952,69671.7956270928,84678.22041251903,118958.39797954536,106728.26102116836,80329.37560431666,78830.95935952179,71912.93798839307,83437.58683652722,82287.79075000176,109357.22850051266,77344.14367009922,4
128407.03915441503,146187.04720581142,97605.75414964606,176830.93122612612,90285.33432308845,68785.77247688442,84493.81852076275,119955.50929969661,100882.51988679408,82942.16042067534,81626.35792808032,70365.39260928544,80386.86429105572,81027.66645284492,108752.41264729651,72656.60287816559,4
129349.83573553989,149235.4228181151,89712.21324350992,182602.57632763105,91482.0914247145,68421.70726319638,85577.52049893385,121362.70807536937,107660.9099103105,80581.5703370059,78170.64412482311,71581.43926637642,84040.05575657556,81939.68468185481,110904.19273426446,78325.94404529859,4
128360.3463602479,146014.44703512752,102948.98336517613,178084.55116564647,91610.56925184361,69906.3995368957,84026.5329511801,118072.95597469283,102623.58666939577,81799.27102318658,80969.79778645013,71206.37699441637,81229.23448434287,81765.20696463669,108072.53963619944,73909.44050663001,4
129049.42829006056,148213.00932324046,89470.74734815925,179705.3655630786,90237.99332833212,67901.89509414377,85462.18549754447,121995.82123706595,104009.43952911372,82209.8502170861,79919.55636972861,70622.46002226592,82130.59093124759,81159.78761432024,110494.3287961875,75388.92482387125,4
128966.54802162028,147954.64550908154,97953.41318290391,181752.91946565147,92355.12821139435,69676.91417657306,84716.50895077098,118998.60876782046,106859.75633379893,80355.97418021849,78840.79412708213,71977.24395719099,83529.966596361,82348.3863292201,109461.61114711895,77469.40284602676,4
128422.10423017791,146191.13757504674,97716.6635056333,176812.80396137285,90330.95423352174,68830.63242800623,84489.16935791605,119875.82533071344,100886.67731126277,82945.96021723273,81653.40353887124,70398.16026665691,80388.0712852563,81061.59640092807,108699.03668153724,72654.3453519756,4
129367.3371514484,149262.22255971702,89574.92882906542,182553.581303785,91487.47819512823,68424.74710044231,85600.09576083372,121377.46022670988,107667.14604701354,80618.76363977953,78202.51771241637,71600.84058056361,84055.16553582734,81958.95188557528,110911.76997563482,78335.488240181,4
128385.15679659329,146047.9746518105,102936.86871968136,178084.34999994637,91672.01419735125,69952.77940664046,84058.45124226228,118078.61096604003,102719.20743217558,81779.13210143235,80951.29054204114,71250.70050367124,81288.19838621598,81802.57908136596,108059.39681045972,73985.27997556687,4
129052.53518253985,148202.70516904656,89561.24956145878,179626.82153306264,90262.93787514424,67939.84835622887,85476.15533782904,121986.18763520572,103981.94688343369,82264.3661218126,79997.58630962209,70649.61739177912,82135.21774234984,81190.47655945737,110489.70198508525,75362.72857936962,4
129005.7529813949,148035.98350715442,97806.9869049772,181863.44884198296,92398.24472644863,69703.33393851924,84778.28917244544,119118.8164495011,106962.999041438,80365.69718905655,78830.95935952179,72013.31967274185,83599.86050127275,82382.5397947478,109502.33602551652,77549.39973943231,4
128464.9748760432,146264.7195177936,97914.27527836268,177029.28060642252,90407.50895828116,68912.19394352364,84529.78247759133,119982.10787559842,100942.51196891213,82984.22640374022,81705.21488251865,70452.65381963894,80437.5356957359,81117.72163125535,108731.1114348306,72694.8020094397,4
129442.52841979604,149420.22704127157,89534.71804079034,182928.55416876724,91531.53348344965,68473.04922021023,85673.3200756693,121617.54031390433,107707.73681494438,80701.75566694209,78278.29012611987,71640.3137612717,84107.22274866376,82007.99161291023,111015.12444199616,78380.63876398072,4
128441.4161373873,146222.9217556622,102971.17864742025,178516.90095864548,91746.71372732088,70006.08831716637,84093.9458124573,118160.82068214664,102871.82514331641,81808.27877620206,80975.38572256395,71326.40586214136,81393.92213748959,81887.40395157386,108173.01072752604,74121.31269232187,4
129049.7635662274,148241.82072184334,89683.24538269585,179666.62998993756,90280.52869803057,67969.95615601017,85465.85118363514,121949.41901557673,103925.82165310641,82320.24548295086,80071.61528725807,70658.69220002797,82107.00984084724,81218.52799874879,110478.3249471575,75311.65484328925,4
129009.37396399665,148091.59464735922,97659.82301948346,181833.81042883522,92418.71892436969,69707.8042874103,84797.89165233275,119115.37428085499,107030.30014399292,80361.1150814432,78812.0050802237,72027.71419617107,83631.55527491037,82408.33370784923,109517.31169430158,77594.32674578748,4
128426.75339302461,146205.5544502204,98115.12805403805,176801.8292548453,90437.7508685292,68952.4270835432,84498.46768360946,119838.11793781734,100938.33219269899,82986.84155784149,81728.55010372998,70474.15619780496,80431.65718694415,81148.58939034813,108685.62563486406,72670.19273879442,4
129413.8958351488,149353.41767709467,89492.49559551425,182617.9990313052,91518.5024164322,68472.04339170974,85682.05960775133,121594.6521275821,107663.97209930088,80727.84015272143,78305.71571656654,71626.56743843168,84079.7971582171,82004.59414775303,110994.13615395263,78327.06163252135,4
128455.14010848285,146224.55343300742,103062.26200607563,178505.85919688456,91798.48036747938,70053.42931192271,84126.26643493968,118214.97895896184,102970.26222589759,81804.90366278931,80969.2613445832,71369.05299056208,81458.25045803195,81932.62153060694,108223.65978046176,74197.82271359238,4
129039.14648761113,148192.3786631082,89875.47038501149,179574.89843069296,90287.6142010229,68005.24956050511,85472.51200348283,121961.82423374943,103856.03950691695,82377.17537607854,80143.1632212595,70665.19655766447,82076.41030268793,81228.20630409793,110493.16650547583,75255.41785423968,4
129040.48759227844,148144.6576886961,97592.65602739526,181949.48070639142,92439.23782577967,69722.84701142872,84848.94303666867,119218.10289837158,107109.71589204263,80391.6252126247,78819.6046733385,72059.31956283087,83688.01578140448,82436.69807156302,109612.21720125881,77669.76388332414,4
128449.10513747993,146219.30077306041,98347.47443765098,176908.78235206395,90477.62638063746,69006.36184291386,84520.57355887575,119856.22285082613,100956.81708536352,83028.348747295,81773.07477868495,70512.2435703568,80456.15469886718,81188.4649024564,108732.72076043139,72689.906977404,4
129437.63338776033,149375.7470698055,89443.54527515713,182651.30313054362,91505.49370115921,68470.6575835535,85723.32092801582,121641.07670081577,107640.68158157845,80786.98286855017,78349.32396999883,71630.903676856,84081.07120765105,82013.26662460169,111047.84739587872,78315.21520796003,4
128504.04572535107,146282.1315267243,103075.04720390406,178652.7101579559,91842.04391742276,70090.26498678506,84180.31295303261,118259.414226939,103072.58851201399,81810.7598198366,80952.72105368627,71416.43868880733,81532.9946914905,81973.1005398155,108277.05809796549,74283.56400532294,4
129058.92778145407,148181.26984611392,89972.6334181587,179545.75175592327,90292.73275050316,68030.3058660395,85498.17180611752,121933.99631190256,103808.63145692724,82436.74277505193,80208.89970170257,70684.37435440712,82075.4715294208,81247.56291479623,110504.90117131486,75217.9563305326,4
129099.36208717372,148205.476785359,97403.78378674791,182016.33477405726,92463.24359932466,69735.94513367953,84926.16831376175,119299.73146912236,107194.98779713963,80398.64366038366,78807.98176622174,72091.52842659097,83759.1166805168,82464.68245562106,109652.67385872292,77745.2010208608,4
128489.6288501774,146237.7633139805,98479.3944334262,176973.89298366226,90530.39884929644,69065.16928257576,84560.71729191748,119862.3919322958,100997.58666725,83049.56055278308,81808.0105552686,70566.82653031666,80509.1059814818,81240.76798448182,108740.47681575739,72731.34711162414,4
129477.73241731316,149427.15608205274,89323.89638708788,182712.636317329,91515.06024778608,68482.54871160373,85776.04869318589,121712.08819295028,107644.16845371347,80833.36273829493,78398.18488337814,71661.95024990443,84118.15275170241,82040.89338074844,111096.50714355793,78335.0412052919,4
128526.50922852865,146319.95067834266,103033.00357258364,178662.8802016831,91892.51415640285,70120.17162086625,84211.65009875895,118224.0537672107,103160.34146074552,81783.02130496757,80925.16135277288,71464.1149597305,81596.00425911,82016.68644150335,108272.72185954117,74364.0526371065,4
129083.69351431055,148175.54779953335,90089.5106899155,179483.70331331532,90319.35367814943,68080.84316025295,85535.27570191333,121986.58996660591,103751.70156379958,82478.83110986128,80270.79168209931,70704.78149709481,82068.07310200609,81275.32378140972,110478.07907796849,75181.500635326,4
129127.61469216523,148287.1500595987,97242.49359875842,182107.239318757,92487.60700078095,69745.44462507304,84972.14585210632,119359.05299890674,107286.65230115084,80416.45800071454,78815.6484145699,72137.3271509799,83839.38179485581,82512.98457538898,109734.52594691825,77843.3251790196,4
128474.92140232581,146208.79545316644,98638.1365225478,176848.7902699459,90563.43472760139,69106.22943714017,84554.704672659,119768.00051546104,100989.38357703491,83051.16987838387,81827.59068341144,70589.93823408344,80511.11763848277,81270.27228716282,108694.83455357964,72727.70377727793,4
129493.9150802988,149431.40291349925,89263.7254910142,182622.96111857428,91517.67540188735,68499.11135424512,85816.72886809455,121777.84702513779,107620.81088075768,80880.68138130681,78442.19546821064,71662.97843014938,84122.15371395991,82055.08673847756,111114.81322226682,78327.10633601026,4
128559.3886446224,146367.2022661212,103050.54969198105,178740.3513479652,91948.88525591913,70167.53496736706,84253.58197135711,118270.14306427755,103267.74159285327,81782.19429042272,80921.02628004865,71513.51231497673,81675.55411762645,82069.3695031845,108316.75479611813,74464.56843192202,4
129101.91018604163,148169.80340120834,90245.39175574682,179497.1143599885,90341.83953307147,68122.61857063993,85553.17944922202,122021.74926063411,103702.728891698,82542.44417458108,80345.73708125796,70728.25082877289,82067.73782583927,81305.45393293547,110498.4862206562,75155.90788792467,4
129168.47368102953,148363.9283018027,97112.85348091763,182263.67917819967,92514.89848076088,69752.23955538745,85023.42075388679,119454.42789249754,107363.5423020771,80441.31314054885,78816.56483609258,72174.96748864264,83911.04148757952,82546.15456416066,109825.87752650709,77929.26763645025,4
128513.12053359993,146235.55049127943,98841.85032151346,176967.67919870367,90623.71738239734,69166.73560938067,84582.53259450586,119807.80897233594,101001.20764985177,83066.14554716893,81858.30198029304,70633.70294972694,80542.27597025347,81306.52681666933,108705.18341126245,72752.31304792322,4
129543.33478728948,149506.21420219116,89232.54480749903,182805.10548414057,91534.2603962732,68511.85184858464,85862.84051690585,121906.771887156,107609.59030504111,80944.853239638,78500.9805561281,71692.88506423058,84157.49182194374,82081.75236961275,111202.9461506541,78349.48043221002,4
128597.0513340296,146453.63646192985,103068.20757010074,178944.75805100895,92001.4118553891,70192.85949383491,84283.53330892722,118308.36454729612,103358.78024801973,81777.5004240871,80915.84067533501,71565.3907138575,81748.73372897312,82110.51906472673,108380.43491607129,74560.92680226885,4
129123.70313688555,148193.6750642866,90411.04053390509,179554.64775021648,90367.36522523942,68157.21907105674,85568.24452498491,122064.28463033255,103633.19261469753,82588.15349199218,80415.98861408098,70740.87956439014,82051.59986634253,81316.47334295194,110509.14800276137,75116.36765198322,4
129217.6028153423,148471.30608216597,96995.86445043856,182440.32501462998,92546.81677184305,69761.02379095838,85069.68886490929,119570.76872238741,107430.9104598654,80455.48414653352,78819.38115589395,72202.1919133892,83968.19489815175,82575.01066625246,109912.55759150477,78009.17512287798,4
128556.01353120965,146323.14697779977,99063.78079221021,177213.41427724532,90688.87271748457,69229.49930781119,84600.92808019258,119876.54058653601,101041.84312127151,83107.5633296446,81923.30085316907,70684.88844452958,80594.08731390088,81365.960105176,108779.3241476207,72809.24294105089,4
129545.90523790184,149549.77775213454,89179.07943476194,182812.92859469994,91525.2526432577,68502.12883974658,85870.64127572076,121908.78354415698,107565.55736846416,80993.22241463928,78547.27101889504,71693.8685409866,84146.80768809411,82088.79316911616,111250.84593902182,78329.31915871134,4
128587.17186298037,146463.42652600128,103045.60995645642,178837.44732587904,92029.28448072488,70198.20156075974,84280.31465772566,118216.81180200719,103423.6673621735,81746.85618243887,80885.82228253155,71590.06703973617,81785.83762476893,82133.80958244915,108376.36689858043,74617.07438434058,4
129109.80035183435,148121.2107087625,90544.01106166972,179289.578412721,90368.41575722882,68179.36964981194,85565.22703948343,122000.67156561275,103557.46490448296,82625.86088488829,80471.33153335232,70744.56760222526,82018.4075258264,81326.82220063475,110467.28318539658,75055.50385183142,4
129255.3102082384,148507.47120469465,96857.17187609337,182419.1579126308,92565.72634765225,69772.2667184194,85127.66929002634,119658.90165077469,107506.10172821305,80472.493824064,78819.06823147157,72234.57959110494,84030.7350791377,82605.76666662296,109973.42139165658,78082.64530690257,4
128528.3867750629,146254.14714266625,99199.07590139817,177000.53626305299,90708.25167992731,69249.07943595403,84581.16913809409,119719.07254684837,101045.62056608446,83104.3670301875,81941.76339408915,70717.16436352306,80604.81615123941,81393.11747468919,108752.34559206315,72810.9863771184,4
129522.01122307913,149449.46312301912,89088.1748900622,182428.6574040243,91501.31392494607,68489.90243552953,85883.53823227147,121848.76911029448,107494.14354492945,81003.07953394408,78555.83173702142,71677.64117451206,84103.02062070616,82066.84375606105,111183.991871356,78264.36498932421,4
128601.92401432086,146450.64132817285,103026.14158703585,178757.80806038476,92068.73530968849,70228.30936054104,84314.33401278664,118223.07029045466,103537.70596238447,81736.5967317339,80875.51812833764,71644.78411016276,81867.68971296427,82180.05534172719,108418.92462002333,74716.91962682243,4
129091.00253474743,148041.10205663467,90659.07784212564,179083.8306050099,90371.09796656347,68204.62712104645,85566.88106857313,121946.66975100873,103496.15406944205,82657.60036201483,80527.4567636796,70758.06805587627,81993.55238599211,81336.67931993953,110435.00726640312,75001.5020372274,4
129241.58623714284,148464.80172452948,96662.15290572082,182208.96210777308,92562.86532436196,69758.52039557938,85154.55843860608,119632.01250219495,107545.79842636567,80452.35490230977,78787.03818166711,72244.81669006548,84048.95175086877,82606.07959104533,109951.8072547683,78108.46157174846,4
128506.32560328551,146175.26783648346,99323.21749010295,176813.80978987334,90740.7734681098,69287.74795386172,84582.48789101695,119639.63444705421,101066.72061285027,83095.87336729448,81957.20844950777,70751.36253253967,80620.46237235813,81420.09603024674,108704.08817578414,72815.94846438747,4
129532.18126680629,149426.19495704115,89021.2090636741,182351.5885891424,91504.77844533663,68503.80522058073,85924.10664845785,121922.75338444154,107471.68004175187,81044.2737989752,78591.39336244982,71688.3700118506,84106.28397539664,82080.29950622315,111187.12111557975,78240.29216054585,4
128643.83353517456,146507.1241864114,103015.32334271948,178959.241981416,92131.65547033018,70272.31994537353,84363.19492616593,118315.2265328439,103657.8689405762,81733.95922588816,80865.86217473295,71704.5750265807,81955.97910356273,82233.54306620873,108470.84772239301,74812.85331402461,4
129098.53507262887,148037.81635019975,90809.70624800996,179162.70991119265,90399.86466167745,68243.96619128778,85572.60311515369,121973.6930100552,103445.39325778405,82708.98702251757,80594.89197670126,70781.62679453216,81987.22684231125,81360.39452080661,110433.39794080233,74955.7927198163,4
129245.83306858935,148522.04454207953,96514.05024695996,182374.83440337592,92572.61068494448,69746.45045357352,85168.43887191283,119665.5401188779,107616.87697373355,80476.38302759922,78786.3005741001,72276.84673986993,84109.99436497621,82633.08049834735,110028.20551731653,78171.91817425707,4
128505.34212652947,146160.82860956533,99518.39292268669,176862.491889297,90784.24761107536,69337.1676608524,84580.25271657143,119636.79577550839,101060.97621452526,83095.53809112764,81973.1452433044,70773.71427699499,80621.91523574773,81435.74225136546,108678.16015221598,72804.50437122636,4
129547.33574954698,149463.36590807032,89020.82908401836,182490.3258669765,91502.31975344656,68516.67982538698,85948.38064293632,122043.38574926685,107451.74228569774,81108.87034045105,78652.45832830171,71700.171732923,84113.01185047768,82091.65419240645,111244.34158138534,78236.40295701062,4
128646.22517183128,146559.27080622566,103023.16880502329,179146.9966348406,92153.6495868742,70283.62992806792,84365.34069363364,118325.95537018245,103745.46542709654,81735.76971718905,80870.7348550242,71737.92382930801,82006.2034733538,82260.07458687718,108534.08080745707,74897.72288772141,4
129086.26396492291,148021.2984110473,90975.57854361279,179185.95572542617,90395.19314708629,68266.49674969874,85560.13084174762,121964.10411168386,103369.01734698027,82759.6360754533,80669.792672371,70781.09035266524,81946.52431565814,81361.62386675166,110429.68755122276,74901.70149823446,4
129289.8660051663,148603.8742785304,96391.85326002279,182551.90492295087,92577.10338557999,69750.85374723122,85215.28812829115,119780.38338188927,107674.6115296616,80498.1536266987,78781.98668742021,72298.66204245831,84152.70854863031,82648.52555376597,110097.98766350599,78235.53123897687,4
128543.58596129251,146205.1074153313,99682.00769209953,177030.12997271182,90825.19600691748,69384.53100735319,84593.23908009996,119638.56156332036,101097.20839228731,83127.23286476528,82022.40848808391,70824.49744039743,80661.09784377788,81476.15420534066,108714.43703346695,72848.82788048123,4
129559.0257118971,149477.29104486597,88908.2880506859,182451.29972115753,91481.91261075887,68495.75859257682,85957.07547152943,121998.5481498895,107414.77250036866,81159.83231780915,78688.4222851303,71712.75576505135,84118.37626914696,82096.61627967552,111266.44745665163,78223.39424173764,4
128668.33104709758,146556.4321346798,102911.00775134657,179006.9629558281,92187.28896227945,70295.65516658487,84393.66035385852,118255.2568024703,103807.80444238239,81688.6298881328,80798.6728309003,71759.82853887422,82050.75050005323,82272.41274981652,108470.8030189041,74947.12024296763,4
129106.69345935505,147971.07404125622,91034.31892804134,179007.8123221174,90411.68873449431,68298.95148264784,85579.66626640156,121928.18485834419,103324.71618946985,82796.22588112664,80710.36108855737,70804.98436748795,81959.89065884241,81385.07084668528,110388.96267282519,74879.17093982351,4
129295.02925813547,148595.26885691512,96126.9850882274,182394.7498076856,92578.95858036978,69730.08897663224,85241.05968964811,119719.47487824857,107736.95054494745,80495.38201038624,78751.92359112782,72323.38307182587,84218.08740116208,82668.7091790091,110106.10134674328,78309.67197533512,4
128525.21282735025,146109.12902464022,99751.72278305565,176753.10245193273,90850.69934734098,69420.11498452604,84587.49468177494,119510.46371584698,101093.05096781862,83097.862672551,81996.74868544922,70840.70245512754,80672.45252996119,81491.1298741257,108610.3896630275,72850.54896480429,4
129541.21137156623,149375.76942154998,88803.99481105743,182133.77083942544,91457.4374505803,68496.20562746593,85969.95007633568,121967.70274254117,107348.11959840293,81175.16561450549,78689.42811363078,71697.55657882174,84093.31996361256,82081.79707310165,111195.57007498386,78174.19805219151,4
128694.10260845454,146552.67704161134,102883.93978881119,179036.06492710888,92225.28692785346,70335.9553618378,84431.41245024353,118308.47630601839,103916.25510647954,81689.21103348864,80775.80699632251,71811.1034406547,82135.37420456103,82315.10458172615,108501.73783323025,75052.26284888541,4
129126.81002936483,147941.48033159738,91209.55660457094,179051.68879648315,90425.85974047896,68352.99800074077,85599.98400211144,122002.63851912481,103271.98842429978,82855.88268707784,80778.9138888018,70824.49744039743,81951.01701629366,81400.73941954845,110381.18426575474,74844.68219812897,4
129343.95722674814,148686.8886574374,96006.75505480231,182668.49162202975,92593.7107317103,69746.24928787342,85297.34138218658,119877.25584235857,107819.98727559892,80536.35275797281,78770.58729774802,72362.69979032276,84286.84136710661,82698.5711096014,110199.77750775547,78389.02066815147,4
128555.1418131759,146164.98603403402,99935.09649456698,177005.96773695562,90895.69340892952,69472.23925259581,84602.42564707108,119553.93785881257,101136.07807589509,83132.86550436802,82039.17229642539,70888.44578128407,80711.2551583356,81532.72647055704,108642.93380295442,72886.57997686625,4
129583.36676160894,149468.61856801732,88793.55654639681,182414.08406663945,91466.06522394005,68511.2707032288,86004.5058732636,122104.18249418528,107345.75031349067,81252.83792648769,78763.83707092251,71722.81405005623,84116.43166737935,82107.5239309697,111284.26179698251,78184.34574417422,4
128695.55547184414,146620.73810347775,102857.0729919759,179190.02374291705,92257.24992242455,70341.92327760736,84427.0315083303,118268.08670378766,104008.56781107996,81682.30434445196,80766.62042935139,71851.04600799632,82188.77252206476,82348.31927398674,108541.68040057187,75126.87297187722,4
129130.43101196659,147941.9273664865,91398.71941789621,179081.10369218633,90443.78583953212,68391.66651864845,85600.18516781153,122038.62482769786,103205.53668803415,82898.19453933174,80838.36952905293,70831.94057130105,81917.84702752197,81411.51296037591,110360.01716375556,74780.75620898679,4
129366.53248864801,148774.50749570222,95930.15562655397,182873.70298787393,92607.61351676148,69748.14918615212,85321.32480398713,119987.65110822333,107875.28549138135,80566.46055775411,78779.41623680785,72386.81732259004,84330.96371066138,82723.04626977995,110300.47211652662,78443.96125602261,4
128549.46447008426,146196.72551116056,100169.11925901404,177143.98975896713,90931.54560703583,69511.08658445915,84581.37030379419,119536.86112604871,101146.33752660008,83154.21142032283,82076.05267477664,70918.53122932091,80720.84405670692,81560.5990958928,108689.91716979948,72894.04545951432,4
129577.73412200621,149489.71861478314,88852.0734133808,182440.72734603018,91449.45787780975,68513.1258980186,86006.27166107556,122151.45643370826,107276.75047835713,81306.43740969151,78814.73199304724,71713.13574470708,84078.63486750542,82096.79509363117,111323.42205326821,78127.21468534645,4
128732.41349845094,146712.0896830666,102928.71033295518,179438.7092517268,92293.92913507571,70372.83574018905,84457.3851773006,118377.45378940747,104095.62785573339,81695.84950159187,80769.63791485285,71886.27235725788,82242.52846747977,82374.38140802163,108642.4420645764,75201.88542626923,4
129108.3251367003,147931.48910182586,91589.42450158889,179074.44287233864,90436.27565339515,68397.83560011812,85571.32906571974,121956.8844982248,103142.32595471454,82959.23715343919,80913.0020037892,70839.5178126714,81884.98996317267,81415.58097786678,110403.71482416568,74735.9409613539,4
129381.41875045524,148789.19259180935,95784.89163933894,182773.45541399188,92605.37834231596,69735.16282262359,85353.6454264695,120007.0300706661,107891.24463692245,80564.60536296433,78752.72825392822,72377.00490677416,84323.87820766905,82706.93066202768,110296.35939554685,78457.70757886262,4
128584.31083969008,146200.7041216736,100299.56403965522,177120.52042728907,90979.4230436591,69559.65692516053,84613.31094662083,119542.53846914036,101201.00989353776,83171.64578099798,82096.79509363117,70957.06563676186,80757.45621412472,81601.54749173492,108697.33794895864,72941.1629368261,4
129626.88560806343,149516.87598429632,88752.83166799923,182429.43971508025,91455.0905174125,68523.85473535713,86060.51934486859,122228.9499317348,107270.51434165411,81360.3498173177,78862.54237443715,71728.46904140343,84095.89041422492,82120.77851543171,111355.9885449396,78134.68016799452,4
128783.75545546478,146778.40730886548,102780.36180500529,179514.39225845246,92342.20890309918,70388.54901654113,84506.98369824693,118375.2409667064,104230.14065386543,81678.97393452811,80737.07142318146,71940.8329654733,82339.17741050452,82434.55230409531,108682.29522494022,75324.64120681777,4
129146.59132320779,147920.67085750948,91626.23782470678,178987.96397304107,90463.07539499705,68434.67127498046,85603.87320564667,121934.89038168079,103115.1909369458,82981.47713917222,80952.72105368627,70863.27771702739,81896.2775941226,81452.3719492402,110365.04630625801,74719.35596696805,4
129450.32917861095,148867.26723519174,95518.30238322049,182845.3609759046,92632.58041531807,69747.72450300747,85428.36730818359,120102.2485020457,107984.80903921236,80566.8628891543,78744.05577707956,72417.86389563845,84414.0227930573,82756.0821480849,110342.42634086923,78549.61795206285,4
128621.54884595262,146221.78181669497,100355.57751126021,177165.5144888776,91034.54244548589,69611.60237927466,84636.19913294306,119522.84658227523,101254.94465290841,83152.15505983295,82097.53270119819,71007.46882050858,80822.38803176738,81653.85057376034,108684.06101275218,72992.52724558441,4
129627.4444016748,149498.86047826536,88631.66286130702,182305.9910304536,91442.93116842881,68520.74784287786,86067.18016471626,122190.63904173841,107234.81860575899,81383.9532594625,78887.12929333799,71735.71100660694,84103.82528350655,82129.07101262463,111342.64455349978,78114.34008054019,4
128807.96239470989,146792.22068693885,102698.01797843195,179473.24269691025,92382.307932652,70424.40121464744,84535.54922766081,118392.42945819254,104318.45239620835,81639.0760706754,80691.47386449264,71971.92424201063,82400.1529693786,82454.80298457181,108657.99887871729,75391.76349541706,4
129094.98114526048,147808.62156255502,91722.81971249817,178662.0308353938,90453.41944139235,68451.77035948877,85557.94037079101,121766.33587674331,103049.36504952492,83002.8901103604,80991.03194368267,70868.44096999658,81866.68388446378,81448.16982128262,110297.78990719198,74650.7137597458,4
129399.7918843975,148768.74074563273,95313.15807260967,182454.563075848,92605.15482487141,69719.4048427826,85413.59280509864,119983.96307038821,108011.07233894734,80548.62386567878,78700.53693062508,72410.0407850791,84417.68847914797,82737.39608972026,110290.97262513312,78548.47801309562,4
128567.32351390405,146062.43623047307,100448.29254726083,176714.14336134715,91046.88060842521,69637.91038249855,84611.16517915312,119366.18320538798,101260.93492042243,83131.25617876723,82081.70766612384,71007.64763446423,80803.74667689165,81647.65914054622,108569.50832241874,72968.09678889475,4
129645.92929433934,149445.19393982817,88595.85536668962,182155.27321759146,91444.76401147414,68550.54271823677,86114.69997342826,122319.96623515681,107224.73796900964,81435.16110600962,78935.94550322837,71734.99575078438,84098.7961410041,82132.60258824857,111338.04009414198,78098.85032163266,4
128825.9555489964,146817.27699247326,102612.14257623465,179549.66331120292,92415.3661627014,70446.93177305839,84566.50639373141,118429.46629875497,104451.19940652841,81637.98083519707,80678.71101840866,72007.55292267239,82469.57748765677,82491.48219722298,108708.80439386421,75500.10240079193,4
129122.8761223407,147817.1375771925,91857.31015888574,178776.60587747168,90481.26971498367,68502.2182467244,85583.10843504769,121856.68162783165,103031.75187489414,83050.99106442822,81058.5342119377,70879.03569686839,81857.31850353701,81469.15810932615,110295.9347124022,74636.78862295016,4
129464.83546076245,148895.2963227387,95144.13418103865,182798.645829993,92634.63677580796,69735.22987785695,85478.7704919303,120175.04813373664,108101.39573829123,80570.12624384479,78712.1821894863,72429.50915449967,84471.57853502972,82760.66425569824,110372.71295460618,78634.77809843757,4
128597.96775555226,146151.26206293848,100566.42151670714,177031.64989133476,91099.56367010638,69678.25528124039,84614.42853384359,119378.36490611613,101337.60140390413,83152.35622553305,82111.52489322721,71050.33946637386,80853.97104668272,81692.56379515694,108627.44404404689,73036.67194088364,4
129628.85256157549,149456.5709777559,88518.92066227444,182135.3354615373,91427.01672637662,68529.01798832632,86097.15385403084,122251.8604698015,107180.23564579913,81471.46033900503,78968.73551234431,71720.10948897713,84068.66598947835,82121.82904742111,111329.65818997123,78057.09726299015,4
128851.30242720872,146876.66557749102,102558.74425873092,179671.81559465118,92456.58277947699,70464.85787211155,84589.215766098,118463.53035730486,104557.41489618002,81613.08099187387,80647.26211396005,72035.38084451924,82531.26830235342,82517.7231452135,108734.41949300999,75579.9428319863,4
129101.57490987479,147762.91224514393,91992.58291632927,178624.83753262015,90488.04229355363,68522.84890685666,85566.70225461748,121771.16385354566,102960.58392054844,83076.33794264054,81090.00546813077,70870.98906886448,81816.4148111838,81461.29029527787,110236.05438900643,74561.84322379151,4
129489.9141180413,148935.41770403596,94997.7749583453,182838.16371418998,92637.43074386487,69735.76631972389,85515.60616679266,120239.10823334554,108162.66186984324,80594.13201738978,78712.53981739758,72451.5479745326,84525.5579978893,82779.95381116317,110425.99951338764,78685.69537230676,4
128614.15041853792,146155.53124612942,100708.75742539852,177072.37476973233,91136.91343509119,69727.80909869779,84626.09614444926,119367.9266414555,101372.15720083204,83153.18324007788,82115.65996595145,71083.95649003464,80888.88447152192,81722.60453970487,108621.09614862158,73063.60579295228,4
129657.66396017838,149484.57771355842,88502.55918533316,182196.26631692247,91425.56386298704,68547.14525307957,86134.90595041585,122347.99532270376,107141.54477614698,81528.7925635329,79021.17270483646,71726.79266056928,84072.42108254685,82131.97673940382,111348.34424833588,78036.421899369,4
128852.04003477575,146905.14169992707,102467.41503088654,179695.39668505153,92477.95104717625,70465.97545933431,84597.35180107973,118409.55089444529,104643.69262977752,81595.57957596536,80613.62273855481,72066.20390012312,82588.91345130366,82548.56855256183,108746.6682489715,75660.0067806252,4
129098.71388658452,147729.85401509452,92137.73514482203,178552.41788058495,90499.53109020366,68555.39304678357,85563.66241737157,121754.26593473744,102908.95139085667,83113.866521581,81140.22983792184,70874.36418227723,81796.96879350768,81482.32328681032,110196.69296702063,74525.87926696292,4
129504.10747577042,148966.84425674012,94832.05912495365,182839.43776362395,92646.05851722462,69732.77118596688,85546.31746367425,120305.49291437781,108201.39744298428,80603.9220814612,78704.29202369358,72447.50230878619,84549.4073092231,82792.6943055027,110442.89743219584,78726.86728559343,4
128642.35832004051,146197.88780187225,100879.92708443727,177248.95355092926,91194.73739799707,69786.92946278208,84640.53537136738,119438.06641555626,101432.28339341682,83162.81684193813,82138.4363935514,71119.02637708501,80934.59378893302,81771.24193563961,108650.51104432477,73117.98758721205,4
129648.41033797388,149487.41638510424,88505.39785687899,182194.52288085496,91411.41520874682,68546.85468040165,86126.41228752283,122354.11970068452,107080.68097599519,81569.33862797482,79060.77999601126,71710.40883188353,84041.2851025206,82123.0360416217,111365.04100144398,77986.57750923366,4
128894.64245970757,146994.72749170393,102481.5413333823,179940.79648742636,92523.4368471428,70503.4369830414,84629.4265543731,118520.70611962154,104749.21521535103,81594.0596573424,80594.4225900677,72095.55174059293,82656.84040270334,82572.21669819555,108825.32403770972,75746.68684562288,4
129122.2279217515,147763.13576258847,92389.32638041096,178719.65363259957,90523.98389863777,68605.77387878584,85566.43403368403,121816.04615641192,102861.34217516688,83168.06950188513,81207.70975443242,70886.79175219437,81783.51304334558,81488.3359060688,110235.18267097267,74483.56741470903,4
129539.31147328753,149068.8352666897,94769.69775792334,183088.90558348963,92650.03712773767,69730.98304641045,85571.21730699747,120407.52862781628,108244.71512373867,80643.61877961383,78719.3794512009,72466.47893982875,84591.49564403245,82799.55629105048,110553.91854690535,78769.02267563614,4
128670.99090468776,146255.75646826703,101102.70692142332,177440.15037299995,91234.54585487198,69828.25783827995,84644.78220281389,119461.71456118996,101452.80229482679,83179.5359467907,82153.07678616962,71145.7367117091,80955.78324267665,81787.60341258091,108689.38072793254,73133.74556705303,4
129703.39562933394,149569.87197039986,88584.27716306176,182394.03455186303,91414.00801110364,68562.47854977591,86167.22657289822,122502.22235944538,107031.39537947123,81646.76507076801,79130.96447360092,71714.14157320757,84031.87501810493,82124.10892535555,111437.93004011274,77956.69322689691,4
128936.84255323918,147110.71069368251,102468.01852798683,180199.56263298544,92552.40470795688,70504.37575630854,84652.20298197305,118550.56805021383,104854.13430382423,81617.81956169839,80604.39146809476,72143.04919756045,82735.31737748592,82612.71805914857,108941.03901875485,75852.43294864094,4
129176.52030903344,147823.3513621511,92598.73987421273,178886.93408810307,90550.73893675077,68647.68339963954,85599.02287709987,121915.91375063822,102808.8155756969,83225.15585722397,81275.92727851002,70902.14740063518,81771.66661878426,81505.65850802166,110253.64521189276,74454.44309168376,4
129610.97116601124,149215.86504171672,94631.92160510083,183378.5841916304,92666.15273548994,69724.50104051841,85628.25895884741,120545.19302191652,108314.81019435052,80688.65754469128,78750.20250680477,72500.27477744517,84658.26030472045,82830.98284375464,110680.85410366704,78856.52975517866,4
128723.87513206902,146332.95939361566,101241.2430335573,177592.38810448506,91287.92182063125,69870.32382134483,84668.5868106588,119479.37243930966,101491.06848133427,83178.55247003466,82165.21378340886,71180.35956387038,80986.60629828052,81820.75104960812,108696.93561755844,73174.58220417288,4
129715.59968180653,149606.30531386202,88536.13150550504,182378.9024208668,91402.40745573133,68544.7312646784,86163.18090715181,122461.96686768137,107007.74723383752,81709.08173430941,79195.11398018766,71729.78779432629,84048.10238457947,82146.01363492175,111499.0173577091,77955.64269490751,4
128973.45471065698,147147.38990633367,102390.25680902682,180126.9641669946,92595.0518363776,70522.83829722862,84682.06491256534,118563.57676548681,104920.51898485649,81573.18312802115,80547.93096160066,72154.40388374375,82769.11321510235,82623.58100695384,108905.43268983754,75899.46101897491,4
129161.05290187037,147752.4739804833,92746.32844285113,178608.90073882352,90559.18789615488,68665.90007137062,85570.30088547479,121804.31149057287,102747.32592670035,83249.09457553561,81311.44420044949,70901.56625527934,81742.542295759,81511.15703715767,110208.13706018175,74393.86986420988,4
129688.0623326376,149302.92508637015,94534.35624055342,183487.057207472,92699.90386961745,69758.63215430167,85702.71261962803,120767.68228622465,108376.05397415806,80725.62733002035,78757.39976851938,72516.39038519745,84711.12218035724,82852.35111145391,110753.16199697996,78904.4742470353,4
128760.35317902008,146413.82800505497,101417.2406693984,177808.84239779026,91343.26473990259,69923.23040047055,84681.55082244288,119517.12453569467,101567.8243717938,83214.13644720751,82200.46248441488,71233.31084648501,81053.14744152396,81872.85296593345,108791.39408962657,73241.61508579434,4
129752.18948747987,149676.8250676185,88591.31796256518,182512.90112887634,91405.84962437746,68568.64763124558,86196.1944337123,122575.73724695889,106956.98642217951,81778.9532874767,79257.90003036261,71724.64689310157,84028.47755294772,82146.32655934413,111553.06387580204,77914.60489208758,4
129044.46620279149,147305.28262916597,102390.83795438266,180488.19070913683,92646.55025560263,70562.69145759243,84742.43697433913,118732.44419484666,105037.35155312438,81591.39979975222,80548.98149359006,72195.32992784142,82842.53869563802,82665.93756269665,109021.9299819386,76004.00012779237,4
129180.63303001321,147824.37954239603,92948.61173017166,178798.48823529342,90577.02458823021,68693.92915891757,85570.43499594153,121800.22112133756,102727.65639157969,83319.68138452547,81398.12426544717,70928.79068002591,81748.01847315056,81547.65743585318,110290.05620361045,74390.18182637476,4
129647.73978564022,149270.0903737653,94338.33144168038,183177.91022991066,92663.53758138866,69703.75862166389,85683.98185777449,120594.52332192939,108347.73431393318,80709.37761180135,78725.32501522602,72481.40990512489,84669.61499090373,82823.83028552894,110714.71699651683,78877.40628449993,4
128762.61070521007,146350.4384577797,101531.79335973185,177542.47665911636,91376.88176356337,69958.07677007637,84689.19511904659,119463.59210772421,101596.18873550759,83194.06458068664,82190.11362673207,71242.02802682258,81056.99194157028,81890.10851265294,108730.2620685413,73255.76374003456,4
129747.94265603337,149604.6065812834,88557.23155227084,182224.69773586962,91389.19757475825,68560.48924451938,86201.60355587049,122550.90445886904,106902.22464826402,81820.68399437476,79298.98253667146,71712.95693075145,84005.32114569201,82142.90674244246,111543.83260534199,77870.48254853279,4
129062.97344720048,147293.57031507138,102288.31050256616,180361.74689075316,92677.01568329522,70570.26869896278,84767.5603351069,118725.8727819768,105132.94996415974,81570.67973264215,80516.57146412987,72219.22394266415,82903.313088812,82689.29513565244,109037.57620305732,76080.1078176627,4
129187.5397190499,147763.40398352194,93107.53263324889,178642.49541073985,90599.01870477424,68733.89407800366,85572.82663259824,121787.86060665378,102684.1375451252,83350.9738267629,81453.73540565198,70940.8382702873,81738.7424992016,81563.39306394971,110261.08834279637,74348.38406424334,4
129691.0574663946,149339.8501682103,94196.1296434557,183312.28891757596,92679.09439552957,69709.14539207761,85730.36172751925,120725.8398206043,108421.40566365788,80745.3639203744,78746.2909515251,72514.35637645202,84742.79460225042,82856.53088766705,110814.85281167661,78943.56744808763,4
128723.60691113555,146300.34819845538,101617.15467180667,177384.29336360615,91395.9701533282,69963.26237479,84651.91240929514,119280.46426540188,101614.74068340549,83168.89651642997,82181.30703941669,71257.42837875229,81068.65955217594,81905.4865128382,108699.12608851506,73256.41194062376,4
129741.68416758587,149542.8487113534,88564.76409015228,181988.52920395485,91381.68738862127,68573.05092490328,86220.69194563532,122567.26593581033,106826.18401362706,81844.04156733055,79321.78131601588,71685.53134030478,83961.0646916705,82123.55013174417,111488.35557560391,77788.69751557082,4
129036.3078160653,147271.6656055052,102194.36612062051,180226.5858920319,92685.7775671217,70560.09865523562,84764.1628699497,118626.00518775049,105231.9905438412,81561.49316567101,80492.00689697349,72244.92844878774,82963.3275226745,82712.51859814151,109072.46727615205,76151.05225456384,4
129143.95381736205,147617.0894643175,93262.60903627981,178244.7237664132,90593.20725121585,68756.64815385916,85558.0968330022,121672.81617794231,102586.12514568868,83348.96216976191,81461.20088830005,70907.0871361598,81664.5794110989,81533.30761591287,110128.78836736541,74235.06071985493,4
129667.27521029416,149261.59671087225,94030.30205134179,183047.08546961375,92652.13819171647,69686.90540634458,85747.72903296103,120690.3899538982,108441.47753017873,80761.12190021538,78732.92460834082,72504.23103621377,84745.94619821862,82843.83509681645,110813.62346573157,78948.23896267879,4
128742.76235613375,146250.7720292535,101764.00563287803,177333.3537379925,91435.1304096139,70023.00858771904,84686.80348238988,119322.12791706657,101657.49957054849,83165.47669952831,82181.10587371659,71278.90840517383,81081.78002617121,81918.22700717772,108666.55959684368,73276.70732458918,4
129777.60342092556,149562.27237728506,88603.6114220156,182152.1886768566,91382.69321712175,68600.47651534993,86265.39543454594,122706.29378632233,106809.1072808632,81929.7381555722,79401.08530534331,71707.68191905999,83972.97817146519,82143.51023954275,111569.96179461025,77787.0658382256,4
129109.75564834544,147392.5438395195,102165.04063189514,180652.16310646097,92734.37025956754,70603.03635633425,84830.5699027264,118815.03389060902,105345.22448125177,81572.1549477762,80490.06229520588,72290.28013828756,83037.6023694995,82747.94611310317,109175.33000413538,76255.88193605923,4
129161.16466059265,147670.73365101023,93443.68051811225,178526.646319228,90611.69214388038,68789.66168041965,85552.441841655,121676.30305007733,102566.92499720157,83410.02713561383,81545.06463349637,70938.26781967495,81669.49679487906,81562.99073254952,110199.41987984418,74232.17734482019,4
129698.27707985367,149348.63440378124,93889.3072473177,183246.37362317726,92656.2732644407,69679.68579288552,85776.74159726402,120756.59582097482,108467.53966421362,80785.99939179413,78746.7379864142,72510.91420780591,84761.88299201525,82849.17716374126,110870.57571060369,78975.06105602517,4
128752.99945509428,146278.89052377827,101872.18807604171,177418.1339047115,91474.24596241069,70055.17274799022,84685.73059865601,119279.97252702387,101705.37700717176,83160.98399889279,82190.2030337099,71305.86460898693,81106.85868345007,81946.41255693586,108670.47115212335,73308.24563601562,4
129770.13793827749,149533.32686821543,88592.36849455458,182018.34643105822,91362.75546106762,68600.43181186102,86267.02711189118,122680.2540040319,106741.694419586,81966.95381009029,79440.11145116227,71688.41471533952,83928.05116511002,82129.51804751373,111543.07264603052,77714.91440712386,4
129103.65362210914,147383.40197603728,102061.79792425608,180541.25375047373,92745.85905621757,70597.73899289835,84833.54268473896,118736.98159897109,105432.39628462748,81547.05393875288,80454.36655931074,72310.57552225298,83079.44483511982,82760.84306965389,109178.95098673714,76308.8108669294,4
129154.48148900051,147592.45784192777,93624.5508342446,178340.85861931546,90625.01378357575,68826.18443085962,85547.97149276394,121629.54320067682,102519.0922640672,83433.00472891387,81585.49893921602,70948.97430526905,81644.19462015566,81563.19189824961,110148.18968155261,74168.87720452275,4
129708.02244043618,149325.7015139701,93765.70210047986,183147.1765812846,92645.81264803561,69673.98609804941,85805.19536795562,120796.5607400609,108482.58238823204,80801.91383384632,78734.31041649704,72516.97153055329,84775.20463171061,82839.72237583666,110883.0256322653,78973.45173042438,4
128762.61070521007,146264.76422128253,102026.90685116134,177472.42629199344,91508.60059363849,70096.85875139937,84688.8374911353,119276.10567523309,101758.10477234183,83167.60011525157,82206.00571703979,71353.47382467674,81150.62339909356,81974.95573460529,108705.6080944071,73343.29317132154,4
129749.03789151167,149500.7380247996,88645.69975682495,181978.89560209462,91340.89545499033,68597.81665775974,86255.06892860758,122670.35218123821,106674.05804086424,82022.11791540598,79498.91889082419,71693.28739563077,83899.73150488515,82120.64440496497,111560.64111717239,77660.59966809746,4
129088.34267715726,147371.22027530914,102021.27421155862,180519.3043374186,92746.86488471806,70592.73220214037,84838.25890281903,118725.51515406552,105477.83738110511,81526.73620304301,80429.66788168764,72320.85732470243,83095.71690508329,82752.95290386117,109190.23861768706,76352.26265815052,4
129139.14819230417,147551.15181817434,93852.62803466654,178336.88000880243,90630.78053364523,68859.26501265347,85542.76353630585,121646.9105061186,102463.4364203735,83479.22813644745,81671.95548676915,70959.34551469631,81615.60673899732,81566.96934306256,110160.21492006957,74139.28349486394,4
129689.62695474947,149352.85888348328,93660.358328862,183216.6010995628,92613.3579150865,69642.20191743397,85811.34209768083,120823.76281306302,108502.14016463044,80837.0284243856,78757.77974817512,72522.20183875583,84783.49712890353,82836.66018684629,110960.20620586947,79011.67321344295,4
128710.0841057401,146188.20949652308,102131.62477393447,177290.5501473606,91501.71625634626,70092.2989955305,84655.35457794125,119118.68233903436,101746.86184488081,83141.56033296113,82203.14469374952,71346.3883216844,81113.56420678666,81956.0461587961,108646.2418611338,73333.27958980556,4
129705.9213764574,149382.43024139767,88638.74836429935,181646.63692076647,91291.52045148856,68571.17337836903,86243.37896625746,122584.78970346329,106578.21376063989,82046.92835175137,79530.90423713974,71662.39728479354,83829.72584125111,82087.72028538231,111502.23600891067,77584.24610903813,4
129087.13568295666,147331.2330044786,101894.13748909683,180391.07237947852,92745.54613179518,70583.65739389151,84865.41627233224,118694.08860136135,105562.43873386846,81502.52926379791,80387.19956722255,72340.41510110082,83137.9169986149,82765.82750866741,109187.37759439679,76425.8893043863,4
129124.15017177466,147441.56121510998,93967.29248372227,178122.0573928425,90623.31505099715,68877.81696055138,85540.05897522677,121561.90682195507,102409.3228470472,83488.52646214086,81695.5812806584,70964.73228511003,81590.59513695183,81570.2103460086,110085.11305869975,74091.74133440749,4
129720.7182312868,149323.0416563799,93462.07600379897,183143.84617136075,92602.89729868142,69639.11737669914,85866.32738904087,120895.02017438653,108514.14305140293,80828.69122370378,78734.46687870823,72521.15130676643,84805.6700594032,82833.48623913364,110944.1353016061,79029.86753342957,4
128795.15484513699,146264.87598000478,102236.07447577412,177672.49675661288,91567.69860597832,70167.22204294468,84717.42537229364,119277.82675955615,101859.58169216893,83154.54669648966,82221.2049032694,71421.78075573215,81226.59697849715,82025.04599392963,108737.28051630028,73451.85559414096,4
129769.84736559956,149462.5835970144,88650.9747685164,181993.53599471285,91304.21624233917,68601.21412291695,86282.58392603206,122715.10037363773,106544.23910906781,82105.46757047983,79590.62809832432,71689.64406128455,83856.27971366403,82104.1264658125,111571.16878881083,77582.18974854825,4
129176.22973635553,147487.02466333206,101834.2348139566,180885.58237380773,92801.11256851109,70624.13640310007,84923.8437323384,118854.305905617,105668.25189211988,81501.4340283196,80366.74772104595,72392.47231393724,83231.97313928284,82798.28224161653,109286.14995314479,76534.42937546127,4
129158.48245125801,147498.96049487122,94157.50582903693,178370.63114292995,90650.80769667718,68919.30179826044,85535.52157110233,121557.74939748639,102363.94880580292,83530.34657601675,81747.95141791718,70994.30364302441,81592.09270383033,81583.08495081484,110119.33357946081,74071.20008125306,4
129780.82207212712,149434.3756955118,93347.18803729869,183370.69402583767,92613.80494997562,69645.46527212445,85914.56245357543,121010.08695484245,108526.36945561999,80857.14499439538,78738.31137875454,72535.79169938466,84830.39108877076,82830.8487332879,110997.06423247627,79057.3154756207,4
128836.3044066792,146325.71742841214,102358.62909062256,177788.85993824722,91615.66544957942,70211.56790394401,84737.13961090322,119278.78788456773,101893.75750944109,83152.8256121666,82218.83561835714,71457.05180848263,81250.75921425334,82047.2189244293,108729.79268190774,73487.01488816916,4
129797.76469442424,149497.87700150933,88666.50923091284,181993.24542203493,91296.50489050208,68609.61837883215,86299.45949309583,122742.54831582884,106487.95741652936,82165.28083864223,79654.75525316659,71697.44482009945,83840.47703033412,82115.45880025135,111585.94329189579,77551.6572656223,4
129178.6884282456,147528.8224254635,101701.9571902701,180814.83910260667,92812.02021980527,70610.34537677115,84923.26258698257,118768.49755865308,105743.66667791209,81484.64786823367,80334.49415379693,72416.3886805044,83271.11104382409,82824.97022449615,109295.35887186037,76603.89859722837,4
129159.39887278067,147447.305613435,94331.82708404388,178141.61516924086,90668.97966491934,68958.79733071296,85529.30778614376,121515.19167604348,102291.30563632317,83533.9675586185,81766.19044139271,70986.32407025386,81538.4485171376,81584.87309037127,110016.0685200773,73995.07003963829,4
129777.84929011457,149444.05400086095,93207.02024781946,183257.013053538,92603.38903705943,69626.71215852644,85912.19316866317,121009.8634373979,108553.90680478893,80883.40829413036,78750.44837599377,72544.01714134421,84846.28317907848,82846.15967823978,111035.79980561732,79075.97918224087,4
128809.21409239937,146280.74571856807,102496.33818821171,177651.50846856934,91644.11922027102,70235.1266425999,84701.33211628582,119191.16904630292,101924.5582133005,83135.68182416938,82206.96684205138,71469.61348886651,81247.58526654069,82059.57943911308,108693.15817274549,73485.092638146,4
129762.1807172514,149426.97726809708,88772.23298218644,181807.83770177816,91275.04721582499,68610.51244861036,86270.44692879284,122737.0721384373,106397.92458986338,82209.15731300799,79695.16720714179,71671.9638314204,83770.31490448891,82089.08374179408,111562.58571894,77448.16868879422,4
129220.48619037702,147594.9388855623,101744.0678768239,181040.74818381647,92843.84910390963,70641.66017075302,84958.17601182175,118961.52722376911,105834.30300167836,81494.6390980052,80317.03744137734,72438.2486865817,83312.0147361773,82833.73210832264,109376.78627691107,76655.30760947557,4
129176.3414950778,147495.36186401392,94632.56980569003,178442.60376007602,90689.76678726278,69000.37157539983,85518.46719008294,121593.28867117032,102274.3406622816,83617.67484160363,81858.30198029304,71016.83420143535,81537.01800549246,81604.02853536946,110124.67564638563,73979.17794933057,4
129821.05521214668,149552.72818240264,93162.45086937558,183577.78293821609,92598.359894557,69620.31955961222,85944.08910800089,121156.73675021372,108565.59676713905,80935.10787905549,78773.87300418294,72550.23092630279,84849.47947853559,82835.36378566788,111144.96572553704,79089.79256031425,4
128867.88742159455,146390.11280418787,102651.25812903144,178006.14124609725,91685.60405798008,70271.26941338413,84729.2047416216,119280.64307935753,101978.69413837125,83154.05495811165,82224.37885098206,71506.00212883975,81280.35292391217,82082.19940450185,108768.7741242378,73538.62506611647,4
129804.5372729942,149492.80315551796,88787.18629922705,181953.9510552825,91261.1891342627,68604.3880706296,86292.95513545933,122767.11288298522,106342.76048454767,82270.31168583772,79761.68599864078,71674.84720645515,83749.30426470093,82090.64836390596,111612.58657128652,77426.64395888377,4
129265.81552813239,147667.7608689977,101564.04692698085,181070.16307951964,92861.08229888468,70627.4668130239,84998.99029719715,118929.96656059822,105914.90339218419,81466.98999011397,80281.4981676934,72457.49353855771,83355.1759547205,82849.60184688591,109389.25855031713,76739.57368607208,4
129203.34240237981,147453.36293618238,94693.098329675,178242.3768332454,90698.79689202273,69014.94491278469,85533.66637631254,121497.1314665236,102237.4826356748,83617.3842689257,81879.93846892577,71025.39491956175,81521.68470879612,81619.63005299927,110048.9255844266,73951.68530365053,4
129882.34369544312,149565.96041512018,92879.41072933802,183435.20116033568,92593.39780728791,69602.48286753689,86009.84794018841,121185.52579707216,108601.80659315665,80927.03889930712,78756.75156793017,72564.13371135399,84892.35012440088,82854.25100973262,111138.03668475589,79135.65833993653,4
128924.16911413302,146391.92329548876,102596.7645760494,177920.28819564442,91730.68752654643,70303.36651842196,84768.99084675203,119219.06402338315,102075.07486046254,83119.05212629463,82198.04849601371,71565.86010049106,81368.12822438816,82140.71627148584,108751.16094960702,73631.384805606,4
129895.15124501602,149519.6476006088,88699.79097840679,181948.0501947463,91283.76439616256,68644.66591413807,86365.88887761699,122883.00667798599,106325.66140003937,82296.70909603943,79795.03480136809,71705.98318648139,83786.78814015248,82123.41602127743,111598.01323390166,77427.56038040643,4
129342.90669475874,147766.39911727895,101335.41093294752,181242.6291397368,92899.5272993478,70644.76706323231,85045.86190531992,118973.10542739695,106061.30731836645,81448.08041430479,80247.34470216569,72531.29899874915,83488.83938656324,82916.27710059608,109460.02417326263,76883.31775466415,4
129226.0517747464,147434.85569177338,94749.93881582485,178126.61714871135,90721.46156090041,69057.07795108295,85528.99486172138,121413.06655562719,102206.5254696042,83608.04123974338,81886.30871609553,71054.11691118681,81534.91694151366,81644.44048934466,109979.27754870386,73930.18292548454,4
129927.36010877612,149624.07495070397,92669.86312506952,183438.15159060378,92596.43764453384,69615.24571362087,86044.22492316067,121245.04849255664,108650.71221002487,80944.4509082378,78745.50864046915,72595.82848499161,84955.60556120939,82880.26844027858,111162.95887982356,79185.03334343832,4
128885.7241136699,146318.83309111992,102577.87735198467,177593.32687775217,91739.82939002865,70315.90584706138,84728.73535498802,118996.86533175294,102104.71327361028,83071.5546693271,82146.61713202205,71584.30028966669,81379.706428016,82146.12539364403,108656.30014613869,73640.86194525503,4
129845.68683453642,149369.82385752487,88652.56174237272,181405.03691494907,91247.50986665605,68645.6493908941,86347.91807507492,122756.40639739114,106234.55568963954,82305.64979382156,79793.31371704504,71678.98227917937,83723.3091858994,82094.69402965237,111462.67342122477,77337.86282990729,4
129366.15250899227,147751.6693176829,101172.75728854624,181087.77625415043,92921.11908449163,70673.3325926462,85101.69656296929,119060.07606507256,106173.15544762081,81430.15431525164,80200.54014927628,72556.13178683899,83546.66334946912,82938.29356888456,109445.62964983341,76974.42346506398,4
129248.87290583526,147424.75270327958,94883.02110231174,178146.13022162084,90754.38568048307,69116.15361167832,85552.91122828856,121471.18109121098,102230.37478093801,83653.8399641323,81945.6973011133,71092.1372285053,81556.3522644463,81688.16050149924,109986.5642173963,73960.42483573257,4
129932.34454778965,149649.310070194,92440.53422695807,183428.294471299,92582.71367343828,69596.73846921188,86062.73216756966,121257.87839387398,108694.0522425237,80962.68993171334,78756.12571908542,72606.31145314116,84977.55497426451,82898.19453933174,111189.60215921428,79234.02836728435,4
128912.54620701626,146352.6959839697,102603.62656159718,177688.4335504095,91789.02557957478,70358.9106033934,84746.28147438544,119030.12472750244,102196.91421948842,83045.6042940145,82122.03021312121,71612.84346733612,81425.59455938275,82190.13597847652,108640.36335234206,73717.93076013694,4
129858.36027364258,149388.2640467005,88657.70264359744,181462.05621505456,91246.66050036675,68659.55217594531,86351.47200244332,122806.80958113786,106200.62574155639,82343.08896578419,79841.30291239059,71681.30686060272,83711.10513342681,82115.0341171067,111469.08837188344,77317.25452151948,4
129397.40024774078,147837.52236813575,101047.0063742407,181295.42396014024,92953.48441046292,70679.8816537716,85123.33305160202,119130.59581882905,106284.60124547497,81409.09897197473,80162.20690753542,72585.18905463089,83611.6845740896,82971.26239195614,109501.24079003821,77073.50874823437,4
129255.0643390494,147444.1540174668,95080.58817155221,178263.29806605555,90784.51583200882,69156.5208621646,85538.27083567034,121474.60090811264,102213.34275166306,83678.20336558859,81988.03150511163,71113.86312411584,81553.51359290048,81713.61913843383,109996.08606053426,73950.4559577055,4
129950.44946079845,149709.8832976679,92336.12922860733,183549.1280018244,92581.03729260413,69591.95519589844,86085.59800214744,121355.0414270212,108702.97058856138,80979.25257435472,78756.50569874117,72606.24439790778,84980.30423883251,82897.27811780908,111224.89556370921,79245.36070172318,4
128951.72881504642,146449.9260723503,102747.05770576689,178006.49887400854,91840.70281275545,70406.9221504834,84767.42622464016,119113.22851338728,102289.15986885547,83056.69075926433,82134.48013478282,71668.74518021884,81491.21928110353,82236.33703426564,108724.38355974956,73801.66039486651,4
129881.74019834283,149444.09870434986,88746.81904874076,181612.28228953868,91245.96759628864,68676.6065569647,86369.57691545213,122872.14373018072,106142.10887457238,82399.3483065782,79904.22307303228,71688.79469499525,83685.33357206984,82115.34704152906,111505.16408743431,77275.03207624341,4
129407.59264321241,147921.2072993764,100933.14658798535,181437.93868278727,92961.28516927782,70663.58723206368,85129.1445051604,119083.81361768409,106397.11992706299,81417.1679517231,80152.170974275,72632.70886334286,83683.25485983549,83005.30409876158,109596.01218652871,77177.33260122927,4
129240.62511213127,147375.55651373346,95245.54404563237,178034.55031329996,90788.96382915543,69180.68309792079,85525.39623086408,121370.55353767319,102140.8113409056,83667.22865906105,81993.12770284746,71105.86119960084,81494.90731893865,81700.45396094966,109888.14948655957,73878.97507893742,4
129983.06065595875,149734.8948997134,92194.21800306058,183515.8686060749,92581.08199609304,69589.92118715301,86133.92247365981,121446.19184090995,108733.12309183159,81006.34288863455,78772.91187917136,72617.21910443534,85009.33915487996,82907.73873421416,111261.79829380492,79287.13611211015,4
128993.45952194447,146490.44978504776,102828.10513116184,178111.7979421375,91896.67158087154,70453.81611035063,84799.94801282264,119157.5743743866,102377.13633503155,83047.23597135973,82131.93203591491,71710.85586677265,81548.68561609813,82278.5147760528,108747.89759491655,73889.01101219787,4
129875.48170989535,149416.65076215874,88761.79471752582,181519.3437360935,91234.6352618498,68676.09246684224,86357.73049089081,122823.14870633469,106083.10026921038,82445.19173445604,79962.94110571637,71687.76651475031,83665.82049916036,82120.91262589845,111509.81325028102,77243.31495086133,4
129433.54301852502,147936.33943037267,100813.45299642718,181394.79981598852,92988.88957368012,70678.80877003775,85162.69447358782,119132.09338570756,106455.10035218006,81374.99020993593,80099.17498817146,72635.43577616641,83714.81552300639,83008.5898051965,109572.69931706182,77228.78631696539,4
129262.50746995301,147369.99092936408,95461.95363544866,178087.6804098702,90824.36899237263,69234.61785729145,85531.38649837811,121410.8090294372,102122.21468951878,83696.91177569769,82038.18881966935,71128.41410975625,81508.56423480086,81730.9864438756,109906.07558561274,73873.29773584577,4
130018.39876394258,149803.67121740239,92110.35425786428,183678.0528638426,92575.22583904576,69588.71419295242,86157.0341774266,121542.68432172351,108748.47874027237,81049.0794240331,78792.76022824767,72631.09953774209,85042.15151574035,82925.08368791148,111352.45696931565,79314.04761243434,4
128999.94152783652,146505.9395439553,102948.24575760911,178170.3595126104,91920.96792709446,70476.32431701712,84785.77700683798,119103.4608010603,102419.15761460754,83033.601407242,82109.08855308159,71734.66047461754,81575.9547443336,82301.6264798196,108761.66626950102,73918.13533522312,4
129852.59352357312,149366.001709223,88859.80711696233,181369.02825463156,91200.68296202218,68666.52592021537,86331.06485975563,122762.21785094951,105992.4639454441,82491.7727699009,80000.13440848999,71667.29231682925,83617.42897241462,82109.04384959268,111492.89297972835,77157.14897598613,4
129447.04347217602,147955.65133758204,100750.89046369678,181402.77938875908,92988.66605623557,70670.65038331156,85179.41357844038,119159.38486568748,106530.0457513387,81373.00090467941,80056.52785975074,72639.50379365728,83752.92524730269,83017.44109600081,109606.15987851142,77276.82021579985,4
129232.75729808299,147286.46246033462,95679.99490261018,177902.85383496928,90814.4895213234,69241.59160156151,85495.28843108278,121285.84042618757,102074.71723255125,83726.52783710096,82060.29469493566,71118.55699045146,81476.46712976303,81731.81345842045,109868.56935841673,73814.55735141723,4
129991.80018804077,149728.8822804549,91986.8608697487,183406.792093133,92535.46208565976,69546.69291337645,86154.84370646998,121475.42792265749,108723.86946962708,81072.45934873335,78783.61836476545,72598.39893560397,85021.14087595235,82903.80482719003,111330.68637021618,79279.11183585071,4
128977.47802465894,146406.38487415135,103023.19115676775,177909.2464338835,91933.61901445616,70482.29223278668,84779.02678001247,118995.25600615217,102456.932062737,83010.02031684165,82064.42976765988,71733.52053565033,81587.80116889492,82306.58856708868,108699.61782689308,73932.28398946334,4
129850.40305261649,149265.50826615194,88934.28312948742,181152.35044388182,91186.60136301535,68672.1585598181,86346.10758377405,122773.55018538836,105913.80815670588,82536.05157566686,80037.97591185283,71644.94057237395,83581.91205047513,82095.99043083077,111455.29734555451,77090.4960740204,4
129458.62167580386,147940.00511646332,100623.37376157925,181362.54624873953,93000.87010870816,70660.2791738843,85206.19096829784,119159.51897615421,106612.72485407889,81357.8017184498,80017.97110056534,72652.78072986373,83808.53638750748,83031.27682581864,109636.24532654826,77352.30205682541,4
129261.72515889707,147265.89885543572,95887.59790511106,177991.6126122013,90848.37476591764,69289.42433469585,85516.34377435969,121330.14158369799,102069.15164818188,83757.97674154959,82102.45008497835,71142.0933773629,81498.2377288625,81761.20600237919,109882.5839021902,73820.63702590908,4
130024.00905180087,149759.21359768076,91871.21294393695,183513.38756244036,92533.80805657007,69541.0602737737,86197.13320697943,121567.71827551346,108714.90642010051,81088.26203206326,78787.48521655622,72590.17349364443,85031.0650504905,82898.060428865,111367.11971367833,79283.91746090859,4
128999.09216154722,146461.52662772257,103104.77502402962,178142.33042506344,91980.04358768984,70507.54970402119,84785.12880624877,118994.25017765167,102543.00863063439,83007.60632844047,82060.27234319119,71778.73811468341,81658.36562614032,82350.12976528761,108768.70706900443,74016.30419687083,4
129884.35535244411,149303.2827142814,89033.14489521323,181300.27428868704,91199.27480212151,68697.57249326378,86374.15902306545,122879.45275061761,105836.67228659062,82582.96788727854,80082.7464559968,71634.47995596885,83551.2678088269,82092.03417206218,111460.37119154587,77028.5817418792,4
129507.48258918317,148070.3381383822,100535.55375761435,181689.2840491872,93034.7553533024,70666.91764198753,85246.8264397176,119266.36031465058,106714.62645705062,81371.12335814517,80004.29183295868,72686.26364305778,83882.76653084357,83065.83262274654,109740.96324932137,77443.13954629179,4
129243.73200461055,147256.5558262534,96074.7267096909,177975.3628939823,90860.02002477885,69303.12595404696,85488.06881762372,121235.03491104067,102011.64060969837,83772.10304404535,82118.4315822639,71140.4393482732,81460.03859758838,81762.7929762355,109841.74726507036,73761.04727519123,4
130040.1917147865,149803.33594123553,91755.98970126983,183542.33307151,92519.34647790749,69518.48501187385,86220.53548342413,121629.20792451,108708.82674560866,81132.11615468457,78799.59986205099,72584.36204008604,85030.05922199003,82895.2664608081,111404.0447955185,79277.88248990566,4
129023.14263858112,146497.49058455118,103184.36958603497,178211.55377764153,92013.21357646151,70528.80621299818,84799.3221639779,118998.67582305383,102603.62656159718,82998.46446495825,82037.33945338005,71802.25214985039,81688.56283289944,82373.12971033213,108777.33484236419,74060.62770612571,4
129871.7042650824,149269.37511794272,89082.63165743729,181179.75368258404,91171.22336283009,68679.64639421063,86360.34564499208,122815.57146496433,105762.0174601099,82637.81906817187,80135.04953802223,71625.2039820199,83515.23679676495,82090.76012262823,111459.74534270112,76968.54495627225,4
129545.59231347947,148119.86960409518,100406.91946827406,181752.0477476177,93051.3626994327,70662.179072163,85292.13342572849,119349.30763832423,106793.59517021122,81362.29441908532,79971.09949244255,72702.02162289877,83926.62065346488,83078.7072275528,109768.8135229127,77510.77592501354,4
129256.22662976106,147250.87848316177,96249.27148214239,178010.32102231038,90878.1025860432,69323.75661417922,85485.81129143374,121216.48296314276,101997.73782464718,83801.51793974852,82161.50339382928,71164.93686019622,81461.3797022557,81785.79292128002,109853.75015184286,73756.97925770035,4
130084.98461067495,149875.95675897083,91634.5750253886,183690.3686750375,92516.77602729513,69504.98455822284,86263.00379788922,121742.03953052039,108723.71300741589,81170.53880340324,78819.6046733385,72596.387278603,85052.70153912324,82905.32474581299,111471.88233994036,79304.03403091837,4
129064.80629024582,146559.337861459,103249.54727286665,178371.3463987525,92061.96273111853,70559.33869592413,84829.0723358479,119044.2957334871,102668.7818966844,82974.8833745579,82016.79820022562,71833.2540194099,81722.89511238279,82394.40857105357,108783.79449651176,74115.16596259666,4
129906.64004166605,149323.9580779026,89151.85501001538,181338.42871647223,91175.13491810978,68686.39662103612,86375.85775564406,122884.52659660895,105728.98158180495,82703.55554861492,80204.89873944507,71643.4653572399,83515.50501769842,82105.51227396874,111521.07852948649,76953.12225259808,4
129560.8809066869,148195.59731430977,100244.84696922863,181852.98822557786,93055.72128960148,70630.6184089921,85295.82146356363,119319.3115972652,106877.14599098515,81350.4032910351,79933.68267222437,72721.73586150836,83972.91111623181,83091.67123933688,109824.31290439522,77583.68731542675,4
129255.04198730494,147216.05446530037,96403.18559446164,177877.35049454577,90895.98398160744,69343.64966674443,85473.5178319833,121144.06331110756,101952.65435608082,83795.70648619015,82164.29736188619,71157.60548801487,81425.03576577136,81779.24386015462,109780.88346491856,73705.68200417543,4
130088.1585583876,149871.3746513575,91475.98939847821,183549.70914718023,92497.30765787455,69475.21203460837,86276.12427188447,121739.35732118576,108719.9132108585,81191.08005655766,78820.58815009454,72585.09964765307,85052.74624261216,82896.00406837513,111483.32643310148,79300.6142140167,4
129064.87334547918,146551.06771601056,103260.81255207212,178298.1891391503,92088.15897562016,70564.18902447094,84823.97613811209,118970.3785145734,102749.47169416807,82959.34891216147,81993.10535110299,71860.85842381221,81768.76089200508,82421.40947835559,108789.06950820322,74179.58369011685,4
129885.8082158337,149231.89124249117,89164.01435899906,181035.89785526966,91151.88910387625,68677.36651627619,86362.89374385998,122804.46264797005,105635.64069695958,82723.24743548005,80226.06584144424,71615.81624934867,83453.81420300176,82082.80290160215,111446.4013512613,76869.07969344613,4
129623.93517779533,148237.12685550773,100097.63838024597,181898.8316534557,93089.00303709543,70651.58434529118,85361.75910970678,119460.10523558919,106972.63264329823,81337.55103797329,79896.89170085093,72740.04194021726,84030.66802390433,83108.32328895609,109851.73849484188,77669.51801413513,4
129258.0594728064,147183.21975269553,96523.50503486456,177842.0347383064,90913.97713589396,69364.05680943214,85457.6704451645,121053.09171117446,101961.6174056074,83821.38864056929,82206.43040018444,71191.7589535426,81445.71112939253,81811.02804077006,109799.43541281646,73720.63532121603,4
130110.3091371428,149860.4670000633,91299.63413472583,183458.91636120278,92483.27076235662,69457.80002567769,86302.20875766383,121758.11043478375,108715.08523405615,81201.33950726266,78808.98759472223,72577.92473768292,85050.86869607792,82889.63382120537,111474.78806671954,79293.215786602,4
129099.89852904064,146560.27663472612,103274.6259301455,178339.80808732606,92129.91203426267,70597.06844056469,84851.46878379212,118985.46594208074,102838.275174889,82931.40923159233,81961.38822572092,71895.05659282883,81824.21556999869,82452.29958919283,108787.84016225817,74242.50385075854,4
129906.52828294376,149224.5151668209,89212.76351365609,181041.1281634722,91153.67724343267,68695.80670545182,86379.05405510117,122839.48783153151,105593.75352785033,82767.8838691573,80270.81403384377,71623.79582211922,83447.37690059864,82094.02347731871,111456.63845022184,76831.19348659438,4
129615.30740443557,148256.61757667275,99921.05959904905,181877.35162703416,93089.09244407326,70628.11501361312,85361.37913005103,119391.95476674495,107059.75974318502,81320.27313950934,79856.39033989792,72763.95830678444,84084.4463210638,83127.41167872092,109889.02120459333,77735.18743934482,4
129244.42490868866,147112.9682198725,96701.4249207288,177653.16249765904,90927.90227268962,69398.09851623756,85444.6170264026,120998.15112330332,101912.9576579282,83806.45767527315,82203.5023216608,71183.22058716066,81403.77925679437,81802.66848834378,109701.4453651244,73657.15636696295,4
130109.6609365536,149863.5291890537,91187.98717117157,183404.22164252063,92460.56138999002,69443.91959237095,86311.7753042907,121813.29689184391,108714.74995788932,81233.63777800057,78826.04197574162,72571.68860097988,85053.21562924572,82885.69991418123,111507.24279966866,79292.18760635705,4
129096.45636039453,146562.4447539383,103345.41390483546,178343.8984565614,92155.08009851935,70620.42601352048,84837.43188827418,118961.03548539108,102901.17298378624,82905.43650453526,81935.4378504083,71909.62993021369,81848.19899179925,82467.69994112253,108784.39799361206,74288.36963038082,4
129905.74597188784,149192.23924782744,89334.80403838206,180972.7094736945,91141.04850781543,68715.29742661685,86372.54969746468,122875.51884359347,105507.81107041969,82804.16075040826,80318.49030476694,71599.9465107854,83391.92222260502,82077.93022131089,111430.39750223131,76752.18006994486,4
129643.67176814936,148335.54158634445,99836.92763291928,182072.10237647325,93099.48600524498,70631.13249911458,85382.59093553912,119489.698945248,107151.17837800723,81327.58215994622,79851.13767995092,72783.24786224937,84138.13521124545,83145.20366730735,109979.88104580416,77816.83836184005,4
129290.78242668897,147174.77079329145,96965.57783670162,177938.05783248637,90971.35406391074,69463.63383098053,85462.02903533328,121123.70087190878,101903.43581479024,83836.43136458771,82257.88411592056,71202.24192169213,81404.85214052822,81820.92986356377,109735.37531320755,73648.64035232548,4
130163.72980639098,149988.0060539253,91154.8171823999,183767.9739317863,92465.34466330346,69451.47448199683,86349.99678730927,121969.35677163086,108726.12699581707,81289.67360135003,78871.77364489718,72584.56320578614,85075.96970510122,82892.09251309544,111627.56224007157,79309.82313273229,4
129139.25995102644,146665.2180749438,103449.28246131926,178656.6664167245,92197.36959902878,70650.82438597971,84852.4746122926,118990.76330551665,102972.11742068737,82900.25089982164,81944.42325167934,71945.50448006445,81890.22027137522,82486.9224413541,108852.72727641193,74346.70768340919,4
129922.57683546268,149223.55404180934,89450.74253687174,181049.24184670948,91136.66756590219,68728.59671456776,86368.21345904034,122878.08929420583,105433.64798231698,82853.75927135459,80383.84680555425,71600.63941486352,83356.78528032127,82066.39672117194,111446.98249661714,76692.36680178247,4
129674.69598945332,148393.25379052805,99742.8938439958,182154.5356100244,93106.9291361486,70628.83026943568,85407.3119649067,119531.3625969127,107196.7535849516,81306.88444458062,79813.76556322165,72789.34988848567,84159.45877545582,83136.06180382513,110004.66913040509,77855.10454834755,4
129294.24694707955,147164.488990842,97168.77754554481,177922.85864625676,90990.19658448656,69497.22850289685,85446.44986944794,121070.45901661624,101875.56318945446,83854.53627759652,82307.10265721114,71220.79386959004,81397.69958230252,81831.6587009023,109750.28392675924,73638.09032894258,4
130186.6850479466,150019.05262697372,91080.16235591916,183753.89233277945,92447.4185642503,69446.4900429833,86368.70519741836,122031.2040485387,108698.8578675816,81318.08266855273,78882.72599968029,72578.05884814964,85063.56448692853,82881.11780656788,111657.29006019713,79302.53646403986,4
129153.27449479992,146689.33560721108,103510.10155798215,178677.31942860121,92218.96138417261,70671.74561878986,84849.99356865807,118962.30953482504,103029.78492138207,82883.77766415807,81933.42619340733,71971.2313379325,81925.49132412569,82505.51909274091,108886.56781751727,74405.87275098238,4
129914.12787605857,149168.9040266161,89533.51104658975,180863.1859258635,91111.94653653461,68731.16716518012,86359.56333393614,122827.37318603674,105336.8649288255,82885.43169324777,80428.2820735314,71585.50728386728,83302.47054129488,82052.62804658747,111420.13805152632,76622.40584163736,4
129734.88923727146,148457.64916630377,99595.46173756859,182215.01943052048,93123.3800200677,70637.23452535088,85468.2204685474,119628.1903538931,107285.31119648353,81305.02924979082,79790.27387979912,72815.3896707761,84218.71325000683,83158.14532734697,110061.77783748841,77944.26565697977,4
129319.43736308067,147149.96035694605,97302.55273610982,177869.6838461976,91009.50849169595,69528.6103521121,85448.34976772664,121000.54275996004,101874.15502955377,83869.15431847029,82340.74203261638,71251.59457344945,81408.60723359672,81860.91713439432,109737.18580450844,73642.96300923383,4
130174.74921640745,149956.78066692123,90864.73624285893,183430.93197714473,92407.16307248629,69405.87692330801,86366.87235437303,121908.44826799016,108658.89294849552,81310.81835160474,78875.75225541023,72562.05499911965,85043.55967564102,82866.4550622052,111598.95200716877,79274.75324568192,4
129165.43384378361,146622.63800175645,103470.2707493628,178419.00031793123,92245.15762867423,70695.6843371015,84867.31617061092,118882.5138071196,103084.59139878648,82824.34437565142,81872.0259513886,71989.13508524121,81956.6943593853,82524.51807552791,108801.54178160928,74452.85611782744,4
129942.6263502391,149123.28411618283,89585.12122453704,180743.9617209389,91112.99706852401,68762.81723532882,86379.29992429017,122867.0475324449,105286.79702124561,82931.02925193659,80478.21587064456,71596.92902528394,83304.0128116623,82072.1187677525,111401.07201350594,76598.15419890336,4
129718.23718765227,148416.030218128,99402.49912768592,182033.210341121,93114.9757641525,70618.05672860822,85458.96684634291,119528.25570443341,107329.8805749274,81272.97684824192,79734.2157047052,72819.70355745597,84246.25059917576,83159.24056282527,110034.10637785273,77987.58333773415,4
129316.33047060139,147057.42413490108,97488.76511916699,177678.21880319345,91030.74264892848,69581.29341379326,85445.89107583655,120979.5097684276,101822.8801277733,83863.20875444518,82337.12105001463,71249.40410249283,81380.7569600054,81859.97836112719,109647.82353017612,73596.00199413324,4
130226.49350482148,150002.4452808434,90826.42535286253,183608.9859734757,92411.14168299934,69426.23936250679,86418.46018057587,122098.54985458254,108666.02315497675,81375.10196865821,78912.76674422823,72577.99179291628,85076.97553360171,82880.0672745785,111678.01012730719,79297.23910060395,4
129206.56105358138,146702.3666742285,103573.33464304623,178733.51171416184,92293.16917576423,70732.11768056365,84888.10329295437,118947.55738348454,103165.52706545914,82841.46581190417,81873.4788147782,72035.87258289727,82021.13443864995,82557.55395383286,108877.6494714796,74527.6450547749,4
129938.0218908813,149104.26278165137,89714.29195574427,180749.08027041916,91102.42469339666,68766.66173537514,86367.34174100659,122836.96208440806,105184.42603164031,82978.45965367075,80530.25073173651,71581.52867335423,83247.37349121255,82054.77381405518,111375.88159750482,76507.22730245916,4
129755.83282182609,148498.41874819028,99315.50613826588,182226.48587542606,93137.729840008,70618.3696530306,85499.46820729593,119633.71123477355,107401.8978955624,81284.10801698065,79723.24099817766,72835.66270299706,84291.17760553093,83175.7361502333,110085.47068661102,78045.00496923983,4
129283.67457195219,147026.6010792972,97680.43132787125,177647.75337550085,91041.76205894495,69585.96492838442,85402.7075055489,120843.65586562823,101792.81703148092,83884.37585644434,82372.01212310937,71255.97551536269,81361.02036965136,81873.1211868669,109625.56119269863,73559.59100241555,4
130204.8346644443,149960.08872510062,90734.80555234023,183412.82706413593,92391.38274090085,69403.66410060694,86422.70701202238,122089.47504633368,108593.64820643047,81385.62964029665,78909.92807268239,72536.6187139295,85017.27402416158,82847.21021022918,111612.85479221998,79219.9467682775,4
129191.11599816276,146697.13636602598,103635.22662344297,178719.45246689947,92329.8930919043,70753.48594826293,84884.45995860815,118921.89758084985,103240.56187159561,82835.34143392342,81866.25920131913,72060.01246690899,82058.01481700121,82589.00285828148,108888.49006754042,74577.93647979933,4
129913.74789640283,149062.71088870894,89855.66673942408,180689.78109237924,91101.79884455191,68781.16801752664,86353.99774956677,122848.04854965789,105099.7576236436,83030.0474798736,80593.84144471186,71568.63171680352,83198.19965341088,82049.99054074175,111361.79999849797,76424.21292355216,4
129732.78817329266,148510.57809717394,99211.14584340404,182243.1602767897,93136.76871499643,70596.15201904203,85494.55082351576,119620.25548461147,107451.45171301982,81288.19838621598,79709.49467533764,72843.95520018997,84316.2562628098,83176.54081303369,110135.22566976854,78078.42082720052,4
129277.55019397143,146995.62156148214,97921.60665054401,177647.10517491165,91070.30523661438,69631.22721090642,85401.70167704842,120859.7714733805,101754.0144031065,83901.83256886395,82403.79630372481,71260.6246782094,81330.10790706967,81868.82965193149,109595.9674830398,73512.33941463703,4
130203.40415279915,149988.7436614923,90675.23815336682,183487.43718712774,92369.52273482356,69386.74383005427,86433.25703540529,122144.61679990492,108586.49564820477,81447.23104801548,78961.91823028545,72542.11724306551,85017.67635556178,82844.97503578366,111686.70495590032,79216.88457928713,4
129196.48041683203,146726.70772394034,103672.62109191669,178810.49112206593,92352.4012985708,70764.63946874613,84891.56781334494,118913.02393830109,103306.61127646104,82825.08198321844,81855.28449479157,72080.6654787857,82083.69697138036,82600.96104156507,108909.97009396198,74625.85861991151,4
129875.01232326179,148990.00066399583,89908.3721528497,180473.10328162948,91068.07006216884,68766.25940397494,86330.64017661098,122733.78643200237,105003.95804690816,83060.69172152183,80641.9871022686,71545.40825431446,83127.61284442102,82029.82926724307,111306.16650654872,76342.09261442335,4
129748.23322871128,148515.76370188757,98997.75373908922,182138.06237436086,93135.49466556248,70582.13747526855,85533.84519026818,119645.08827270131,107512.51667887172,81257.0847579342,79669.17212834026,72839.12722338764,84335.50111478582,83176.09377814458,110113.65623636916,78129.56161851426,4
129280.76884517299,146961.44574420998,98012.5335469882,177566.9741710394,91088.03016996745,69655.41179840706,85402.72985729335,120790.74928650253,101774.3768423053,83906.36997298837,82435.13344945115,71287.1785506223,81351.31971255776,81908.2357774062,109580.50007587673,73534.19942071431,4
130212.8365889593,149971.75633570628,90445.30575815508,183356.031281475,92344.4440775447,69358.33476285158,86460.97319852987,122124.96961652872,108574.02337479871,81450.24853351695,78969.29430595569,72539.83736513107,85025.81239054352,82853.31223646548,111673.27155748267,79215.18584670853,4
129230.0527370039,146718.34817151405,103561.35410801817,178742.944150322,92390.33220891145,70785.60540504521,84930.61631090836,118895.38841192584,103381.08728898613,82753.66815968373,81786.03879046903,72109.02984249948,82138.52580052923,82628.2078180561,108844.65829666356,74687.41532414143,4
129940.43587928246,149005.98216128137,89905.04174292585,180548.16043951042,91087.4490246116,68808.25833180647,86385.24548831528,122841.99122691051,104974.14081980477,83087.02207649018,80683.00255334408,71579.09233320861,83162.90624891594,82062.93220078138,111301.36088149082,76336.05764342043,4
129839.20482864439,148652.22110178723,98740.64162261983,182487.73306461968,93168.39643340069,70598.25308302083,85607.98592662644,119795.96254777463,107640.92745076746,81247.80878398524,79643.42291872775,72907.70237537651,84465.67767449352,83234.38712768402,110204.9631124691,78264.56615502431,4
129312.48597055508,146985.36211077718,98059.71807953336,177666.30532339876,91119.50142616051,69692.71685990297,85410.15063645251,120746.15755631418,101771.04643238145,83876.75391158508,82424.98575746844,71326.07058597454,81389.25062289841,81939.57292313254,109534.54488927661,73546.51523190919,4
130245.42543237514,150015.8563275166,90241.07786906694,183405.80861637698,92333.44701927269,69354.51261454972,86490.23163202187,122169.42723625033,108567.8766450735,81454.13773705218,78960.01833200674,72556.13178683899,85064.41385321783,82867.88557385035,111672.55630166011,79228.82041082626,4
129220.3520799103,146713.72136041182,103451.80820844272,178657.8287074362,92405.68785735224,70789.42755334706,84913.51722640006,118757.76872131453,103461.91119693652,82695.24069967755,81725.6890804397,72144.99379932808,82205.15635075049,82658.11445213729,108813.54466838177,74758.33740929811,4
129939.00536763734,148940.69271572743,89924.10778094623,180309.55556745,91084.11861468776,68839.30490485489,86398.142444866,122835.86684892976,104893.45102232111,83085.0104194892,80692.01030635957,71565.97185921334,83127.94812058784,82057.7689478122,111193.75958368297,76260.82167158385,4
129852.95115148439,148691.8954481954,98499.24278250251,182482.9721430507,93172.33034042483,70594.05095506323,85641.82646773178,119830.74186214709,107742.31496361674,81230.3744233101,79606.92252003224,72937.22902980198,84542.4559166975,83266.32777051064,110238.13310124078,78354.62133343474,4
129253.96910357109,146882.16410662702,98100.97939979786,177341.89210437442,91116.39453368122,69695.51082795988,85366.6988452314,120528.16099264157,101748.51587397051,83840.85700998986,82406.61262352618,71325.82471678552,81367.41296856558,81944.84793482399,109423.74729201166,73511.62415881445,4
130226.00176644347,149937.80403587868,90038.61576779078,183066.53148728985,92306.7366846486,69340.7215882208,86511.04110610975,122157.78197738911,108527.5093945872,81437.93272232208,78939.81235501914,72526.20280101334,85030.19333245675,82845.3550154394,111572.37578301142,79184.67571552703,4
129255.53372568295,146755.47441905434,103417.69944640392,178775.57769722675,92458.34856728895,70835.33803645827,84961.1040903454,118868.14163543483,103594.3005793453,82675.23588839006,81702.46561795064,72190.70311673917,82287.45547383494,82708.78585681747,108836.07522679273,74868.71032341842,4
129914.50785571431,148916.3963695045,89973.05810130335,180307.72272440468,91078.03894019591,68847.03860843643,86377.51178473375,122802.71921190253,104842.28787926292,83117.46515243831,80740.89357148334,71567.51412958076,83105.618727877,82069.54831714014,111184.17068531165,76222.24256065399,4
129860.37193064355,148748.08773375605,98326.5085013519,182617.19436850483,93188.244782477,70593.17923702947,85664.49113660946,119904.88259850534,107817.26036277537,81209.54259747775,79569.43864458069,72942.45933800451,84581.19148983854,83278.62122996108,110265.91631959872,78419.79902026642,4
129276.90199338223,146934.40013341905,98313.58919305673,177604.54745346875,91170.17283084069,69766.41056137212,85384.71435126237,120642.87014518621,101765.95023464564,83854.40216712978,82437.30156866332,71349.29404846359,81382.88037572865,81975.4027694944,109445.00380098866,73531.22663870176,4
130254.03085399042,150065.164275785,89993.50994747996,183461.06212867048,92315.543271964,69353.57384128259,86541.46183031343,122332.93024694089,108545.45784538482,81499.2882608519,78998.9997743368,72539.88206861998,85059.71998688222,82869.42784421776,111697.34438626104,79217.91275953208,4
129249.2081820021,146842.42270498548,103442.7110484494,179029.29234853893,92487.53994554759,70847.18446101957,84953.81742165297,118855.13292016184,103665.82616160228,82651.99007415654,81680.42679791771,72207.8916082253,82323.68765159699,82728.45539193814,108881.449268037,74931.60813231565,4
129883.75185534381,148909.78025314573,90085.35326544681,180287.22617473916,91060.82809696533,68849.6537625377,86356.54584843467,122754.48414736798,104765.66609927012,83150.2775132987,80789.70978137372,71550.45974856136,83060.53525931064,82060.67467459138,111173.41949622864,76157.48955696698,4
129861.51186961078,148793.68529244486,98176.93062745698,182639.2555402822,93183.21563997456,70575.34254495412,85691.11206425572,119939.12547101086,107877.6100728047,81194.41046648151,79536.60393197584,72943.77809092737,84608.34885935174,83276.67662819345,110294.59360773487,78464.41310219922,4
129282.24406030704,146953.62263365064,98496.38175921224,177682.7785590623,91197.91134570973,69799.60290188824,85388.33533386413,120649.86624120073,101790.11247040183,83872.86470804986,82463.65427537612,71379.06657207807,81407.98138475197,82002.62719424095,109472.02706003512,73548.9068685659,4
130224.50419956497,150036.41993241548,89879.67251296909,183281.33175150535,92277.16532673423,69314.43593674136,86539.45017331245,122280.29188874864,108491.14310635843,81508.60893828976,78998.86566387006,72515.07163227459,85021.92318700829,82842.29282644902,111671.63988013743,79166.92843042951,4
129286.93792664265,146904.24763014886,103469.91312145152,179172.27645781953,92532.8469315585,70879.21451082404,84999.79495999754,118963.58358425899,103775.10384024428,82634.73452743705,81651.61539931482,72248.1023965004,82393.42509429755,82765.7828051785,108922.82234702377,75023.6079124937,4
129901.11916078559,148940.17862560495,90220.98365080162,180401.10831273894,91070.32758835884,68870.44088488113,86373.0414358427,122827.8425726703,104716.00052309044,83201.79828426818,80857.30145660657,71562.10500742258,83049.47114580526,82076.23148873229,111208.6458454902,76129.59457988675,4
129879.72854134186,148882.60053188808,98026.57044250614,182805.46311205186,93190.68112262263,70558.71284707938,85717.80004713536,119990.40037279134,107953.44954174156,81194.67868741497,79527.1714958157,72963.96171617052,84661.30014196636,83297.82137844818,110368.30966094848,78541.68308278121,4
129259.04294956243,146931.22618570641,98670.97123515264,177633.96234917192,91211.85883424984,69817.86427710822,85366.22945859784,120554.69251331003,101770.08530736987,83865.51098412406,82474.94190632604,71387.29201403762,81394.77150377889,82015.0547641581,109440.46639686423,73531.4054526574,4
130236.75295552648,150057.65408964804,89826.34125069872,183285.9138591187,92259.14982070326,69311.15023030642,86567.90394400407,122368.62598283602,108456.83317861953,81542.87416253975,79024.86074267159,72505.88506530346,85011.93195723677,82834.8049920565,111695.80211589362,79144.59903771867,4
129285.12743534178,146921.74904605735,103503.30662766774,179197.1986528872,92549.40957419988,70891.68678423009,85002.20894839871,118927.21729603021,103842.44964628812,82613.76859113797,81624.07805014588,72272.82342586797,82436.34044365173,82781.71959897513,108951.1196555042,75079.3755149097,4
129881.47197740937,148901.13012804152,90374.74130090968,180325.29119554654,91050.47923928252,68879.18041696315,86359.87625835852,122787.1847495061,104644.51964432235,83254.57075292716,80910.25273922119,71562.50733882276,83024.16897108186,82076.18678524338,111219.5982002733,76069.78131172435,4
129890.03269553575,148903.1864885314,97930.50264483722,182814.18029238944,93183.48386090802,70551.56028885368,85750.76887020694,120051.42063515433,107988.51942879194,81190.43185596846,79483.1609109832,72962.03946614737,84679.3379997418,83286.37728528706,110393.813001372,78568.72869357213,4
129282.69109519615,146941.44093292247,98922.27189806366,177754.1476791081,91241.02786076402,69868.17805387713,85386.30132511871,120626.06163335581,101766.46432476811,83887.1474727568,82492.15274955664,71406.62627299146,81398.28072765836,82027.01294744169,109461.94642328579,73529.59496135652,4
130260.55756337137,150116.99797117687,89820.64155586262,183480.68696030224,92243.90593098474,69301.74014589074,86597.1400257516,122464.44791131592,108435.3978556869,81611.762238951,79073.14051069504,72510.44482117234,85014.99414622714,82835.31908217896,111804.9903875578,79148.30942729824,4
129279.78536841695,146945.41954343554,103540.00819206337,179260.4540896957,92565.68164416333,70884.17659809311,85000.82314024249,118860.49733883112,103892.271684679,82595.77543685144,81587.22002353908,72284.98277485165,82452.6125136152,82781.76430246406,108977.6735279171,75125.35305325426,4
129868.82089004766,148829.49278706228,90539.4736575453,180142.87860904678,91036.71056469805,68884.4107251657,86359.36216823604,122758.41805439211,104523.08261669667,83279.93998288394,80937.2983500121,71528.1303558505,82940.30522588555,82035.9089417349,111154.8899000752,75969.35492388665,4
129921.23573079536,148948.82875070916,97817.17930044881,182892.9701915944,93187.06014002087,70533.99181771181,85787.82806251384,120130.65756924839,108053.29478422341,81204.73697241987,79476.65655334671,72974.06470466431,84722.1415903737,83287.89720391002,110479.82251403602,78641.37186305189,4
129283.29459229644,146898.95026671296,99116.4415021469,177677.7270648154,91263.22314300813,69887.73583027552,85376.37715058055,120561.84507153572,101735.55186218642,83883.25826922158,82501.58518571677,71408.74968871471,81375.14667214712,82018.51928454867,109432.21860316022,73504.60571105548,4
130273.7003891111,150106.44794779396,89766.25976160285,183409.8989856123,92226.69508775415,69280.55069214711,86614.32851723774,122506.26802519179,108387.4310120858,81649.51433533602,79099.42616217448,72498.5089896332,84996.15162565133,82813.90611099078,111827.3421320131,79115.78763911578,4
129315.03406942298,146988.4913550009,103566.07032609826,179376.19142248528,92605.42304580487,70900.31455758984,85026.08061147698,118916.0190720581,103975.42017405275,82578.56459362086,81566.14232851772,72318.15276362334,82503.61919446221,82801.97027945165,109023.3828453282,75199.8961210127,4
129879.10269249711,148828.5763655396,90685.34114186063,180191.89598463726,91040.10802985526,68893.61964388128,86357.93165659091,122782.15560700365,104455.40153448601,83326.38690786206,81003.370106622,71533.9865128978,82913.34902207245,82039.28405514765,111185.17651381214,75916.18012382748,4
129925.95194887543,148996.1697454655,97662.81815324047,182943.19456138546,93189.16120399967,70502.85583768557,85802.53551036543,120139.71002575279,108099.45113652362,81195.48335021536,79453.99188446903,72981.9325187126,84746.39323310772,83289.75239869981,110528.14698554839,78675.8159012575,4
129258.95354258461,146861.93577789495,99292.685007177,177580.13934852355,91283.04914034,69902.64444382722,85354.56184799217,120476.23789027189,101721.1573387572,83870.11544348186,82508.60363347574,71417.33275858554,81359.2992853283,82028.37640385347,109401.44025104526,73480.15290262138,4
130262.30099943888,150091.04759586425,89708.01111555232,183307.17036809569,92203.9633636431,69258.66833432535,86619.38001148462,122531.95017957094,108343.10750283093,81674.61534435932,79124.28130200879,72476.33605913354,84968.5025177601,82800.98680269561,111842.898946154,79073.43108337297,4
129347.39939539426,147042.94020449402,103606.75050100691,179523.17649402338,92648.00311899223,70930.13178469322,85054.13205076838,119012.86918078295,104059.5074366936,82549.35086361777,81538.22499969305,72337.59878129946,82552.21188690804,82823.18208493973,109065.53823537091,75268.20305206813,4
129845.86564849206,148794.95934187883,90820.03275394831,180131.79214379695,91024.32769826982,68887.31645194489,86315.7762665482,122694.73793443895,104381.10433591656,83360.80859432323,81058.55656368216,71523.81646917063,82879.57553620047,82034.14315392294,111203.03555763193,75862.37947492355,4
129935.49614375785,149013.00060904035,97527.1207126523,182907.49882549036,93188.40124468818,70487.63429971151,85815.43246691614,120179.94316577235,108127.14494790375,81175.25502148332,79418.92199741864,72968.3203063393,84754.99865472301,83274.66497119248,110539.12169207593,78700.15695096934,4
129255.9584088276,146835.0019258263,99475.25405588796,177568.4717379179,91308.5524807635,69925.91260980518,85328.92439710193,120432.47317462841,101723.37016145828,83871.23303070462,82530.9330261866,71433.29190412664,81364.9095731866,82039.68638654785,109407.34111158147,73484.55619627908,4
130238.40698461617,150039.14684523904,89621.19694008792,183124.60131938473,92168.11116553679,69222.16793562984,86598.92816530803,122481.81521675769,108271.53721708503,81687.48994916558,79133.62433119111,72445.87063144096,84923.55315966049,82766.87804065681,111831.1419285705,79017.23879781233,4
129302.62885125028,146952.2815289833,103546.3337357442,179226.94882475722,92648.49485737024,70905.14253439219,85015.10590494942,118839.08436764294,104099.20413484624,82490.7222379115,81480.33398155379,72330.60268528495,82554.7823375204,82807.8487882434,109008.6753974766,75288.67724998918,4
129840.16595365596,148679.6913957228,90948.0188426994,179866.36517839017,91022.40544824666,68911.67985340118,86316.26800492621,122707.83605668976,104289.41748016089,83378.95821082094,81093.06765712115,71501.3306142486,82827.02658498604,82011.94787167881,111127.01727473942,75776.50407272627,4
129912.42914347997,148967.78303000727,97318.10955025072,182763.75475689827,93165.64716883269,70448.31758121462,85808.16814996817,120130.81403145958,108178.50925666204,81164.43677716693,79390.37881974922,72968.0744371503,84791.00731504051,83270.30638102369,110572.38108782543,78747.27442828112,4
129244.33550171084,146767.87963722702,99615.42184536718,177490.0394666242,91330.27837637406,69956.89212762025,85319.4919609418,120402.9688719474,101726.96879231559,83858.96192299866,82533.81640122132,71436.42114835038,81369.17875637756,82048.22475292979,109366.19155003925,73481.65046949989,4
130252.71210106756,150040.42089467298,89555.95219802287,183185.7780439589,92156.51061016448,69220.42449956233,86623.51508420886,122590.71291574395,108239.77538821404,81728.01366186305,79168.82832870822,72434.09126211301,84920.62508113684,82764.01701736654,111868.4022865775,78999.82678888163,4
129328.44511609616,147031.58551831075,103529.10054076917,179527.24451151426,92687.83392761159,70923.6944822901,85038.99991977215,118920.60117967143,104209.1970693108,82484.06141806382,81471.97442912751,72369.22649970371,82634.77923092595,82845.80205032851,109097.34476773081,75395.58564371892,4
129792.60144145507,148635.5914039125,91056.245989352,179839.31956759925,91004.7252183825,68900.12400151778,86271.8103852046,122597.57490129172,104199.18348779483,83402.94163262149,81140.4533553664,71486.48905593027,82779.19385185168,81998.91680466138,111112.64510305466,75709.96292948282,4
129909.09873355612,148982.1104982031,97155.54531282728,182776.22703030432,93161.66855831964,70429.16213621643,85830.18461825665,120184.05588675212,108193.50727719156,81136.18417217543,79346.61410410573,72945.58858222826,84788.07923651687,83246.63588364553,110567.86603544546,78763.63590522241,4
129227.54934162491,146734.0837996106,99782.61289389287,177474.5944112056,91353.30067316303,69983.9153866667,85307.82435033612,120361.61814470508,101715.79292008793,83846.62376005933,82541.17012514712,71442.32200888658,81363.8590411972,82050.10229946402,109346.72318061868,73478.3424113205,4
130244.53136259693,150025.22170844337,89497.50238627224,183149.34470049676,92133.98005175353,69206.94639765577,86635.36150877018,122627.36977665065,108180.99030029659,81756.86976395485,79193.1470266756,72414.06409908105,84896.284031425,82742.62639792281,111883.17678966247,78963.92988728642,4
129353.277904186,147082.77101311338,103517.99172377489,179684.98077213537,92720.06514311614,70944.01221799996,85068.19129803078,118988.34931711547,104294.7148435968,82457.68635960655,81436.74807986595,72388.31488946854,82685.20476641713,82863.21405925919,109133.26402107048,75472.05096150053,4
129822.59748251409,148673.65642471987,91221.31362215444,180013.81963656185,91015.54346269887,68937.96550488062,86291.27875462518,122705.62323398868,104143.080609212,83447.95804595448,81199.39490549504,71484.81267509612,82762.25122955456,82007.96926116578,111137.00850451094,75669.2604028297,4
129982.21128966945,149158.97985207796,97026.1063606866,183225.83237002284,93183.3944539302,70441.18737473337,85894.11060739883,120406.79102024926,108287.29519692603,81159.67585559796,79357.72292110002,72972.34362034126,84866.533859555,83277.48129099385,110709.10670865855,78860.39660696943,4
129264.00503683151,146857.4654290039,99958.52112275615,177858.84325013676,91392.30446723754,70025.15435518675,85307.62318463603,120406.00870919332,101759.78115317598,83863.83460328991,82583.77255007894,71480.52114016071,81408.1154952187,82093.73290464078,109426.6753705353,73528.14209796692,4
130265.78787157392,150132.95711671797,89434.09048725254,183363.04972923396,92115.3386968778,69194.00473761615,86641.86586640668,122693.53094023836,108149.8766720148,81795.18065395125,79239.3033789758,72404.63166292092,84892.86421452335,82742.1346595448,111945.80637762623,78949.75888130175,4
129359.0893577444,147160.30921462885,103488.1297931826,179782.0320465603,92740.38287882601,70947.63320060173,85064.25739100664,118962.48834878068,104361.41244905144,82411.57471079525,81396.0679049573,72394.1933982603,82719.24647322256,82867.37148372788,109139.43310254015,75526.79038367157,4
129813.9920608988,148676.96448289926,91377.77583334158,179981.54371756836,91008.74853238446,68952.96352541013,86273.68793173885,122686.51249247939,104072.20322754422,83482.24562194892,81257.71060677894,71476.11784650301,82730.3776419613,82002.58249075204,111134.2815916874,75614.18570449183,4
129958.65255101354,149169.0604888273,96867.96776866529,183099.1203307057,93157.73465129551,70405.2681213937,85885.10285438334,120343.155603785,108308.28348496956,81144.92370425745,79330.38673763118,72960.00545740193,84868.79138574497,83259.28697100723,110727.636304812,78879.06031358961,4
129223.61543460077,146776.82033500914,100146.05225873618,177602.62520344558,91397.04303706206,70040.532355372,85278.36475114402,120294.60761482807,101729.1145597833,83837.92893146622,82572.93195401812,71469.47937839977,81370.65397151161,82077.5725933996,109356.87087260139,73489.63004227044,4
130235.79183051489,150065.5666071852,89423.51811212518,183118.94632803756,92072.19983007906,69171.85415886095,86639.2954157943,122696.05668736181,108072.98667108854,81829.3117677345,79264.40438799911,72371.37226717142,84840.04704237546,82704.74019107106,111942.23009851339,78883.28479329166,4
129324.71237477212,147118.2208798195,103499.66329332153,179647.02751005025,92733.85616944506,70934.24450567299,85045.81720183101,118882.02206874157,104426.47837716083,82389.2453180844,81365.3119045868,72406.95624434427,82741.86643861132,82866.76798662759,109173.1171814343,75577.26062265165,4
129762.27012422921,148539.07657135447,91573.82298395908,179641.1042977696,90973.05279648934,68953.58937425487,86242.93193136835,122606.00150895138,103942.63016493681,83499.50116866842,81288.42190366054,71438.09752918452,82636.54501873792,81958.05781579707,111059.80557916232,75496.01203155662,4
129988.55918509474,149210.92530619208,96794.2964189406,183217.6516315522,93150.9397209811,70403.18940915936,85931.10274447236,120529.99383568691,108362.08413387349,81171.47757667037,79334.61121733322,72965.66044874913,84906.9905170191,83257.94586633991,110824.55346877022,78938.73947128528,4
129242.18973424313,146816.8523093286,100396.77177629135,177851.8248023778,91422.23345306319,70078.15034129028,85282.29865816816,120380.08068562517,101737.67527790967,83859.56542009895,82607.62186141276,71490.73588737678,81381.71808501698,82087.92145108241,109419.20988788723,73509.2995773911,4
130243.1902579296,150114.8298519647,89442.5617984011,183298.45318775813,92043.38843147617,69151.69288536225,86646.58208448674,122780.21100523604,108006.06554818935,81884.38646607238,79318.49560958095,72356.41895013081,84813.64963217374,82683.93071698317,112019.9918174734,78850.67359813137,4
129377.64130564229,147238.2497475445,103552.41341023605,180014.42313366215,92769.68601580692,70951.9023837927,85084.66453369433,119027.88955305691,104501.93786644196,82387.16660585006,81357.37703530515,72431.16318358936,82793.16369213625,82878.1673762998,109261.2948133105,75662.33136204856,4
129785.27006927373,148589.88208650137,91776.75447186882,179871.39432089264,90972.73987206696,68966.26281336103,86242.08256507905,122664.29485849082,103864.95785295461,83559.38149206419,81358.20404985,71439.81861350758,82610.92991959213,81950.16765000435,111116.1766786786,75455.9130020038,4
130022.39972620008,149308.87065039526,96668.1655249793,183458.17875363576,93136.4334388296,70368.45479827581,85956.89665757379,120589.8071038493,108396.50582033466,81185.73798963285,79325.2681881509,72976.5233965544,84943.66972967026,83248.6028371576,110924.95750486344,78990.75198063279,4
129270.44233923464,146839.38286773956,100574.8928278557,177948.496097147,91446.06041265254,70101.03852761252,85290.61350710553,120362.73573192785,101726.27588823748,83856.1903066862,82612.82981787084,71504.59396893907,81387.32837287526,82085.99920105925,109423.5237745671,73510.30540589159,4
130276.22613623455,150146.7481430469,89402.61923105946,183338.23929288858,92019.69558235355,69134.75026306513,86669.06793940878,122829.83187792682,107953.56130046384,81934.00733876317,79347.21760120602,72352.03800821758,84804.66423090271,82667.68099876416,112063.06362903878,78824.11972571847,4
129400.70830592017,147279.08638466435,103505.6312090911,180079.22084083807,92782.18064095743,70941.82174704334,85092.24177506469,118995.63598580791,104574.11164928814,82364.07725382772,81321.88246511013,72456.71122750179,82849.87006781937,82888.60564096042,109313.5978953359,75737.92496179641,4
129798.81522641364,148554.6557372398,91927.06995333075,179755.00878751383,90973.2763139339,68983.69717403618,86244.94358836932,122650.03444552833,103766.90075002918,83582.8284719978,81394.8609107567,71426.22875287876,82564.72886380301,81933.38148991842,111078.6704514826,75388.58954770441,4
130067.28202906634,149370.47205811407,96515.81603477192,183510.05715251653,93138.19922664158,70358.44121675983,85999.92376565025,120689.87586377573,108433.16268124136,81192.28705075826,79302.38000182867,72981.26196637892,84980.03601789904,83251.5979709146,110985.50838059287,79049.22414412787,4
129295.3198308134,146871.01058614382,100723.46487325012,178029.65528126422,91476.68230255632,70136.08606291843,85289.49591988277,120343.26736250728,101749.65581293772,83873.93759178372,82650.89483867823,71539.46269028935,81421.0124517694,82116.19640781837,109474.6422141364,73560.0603890491,4
130284.6527438942,150146.0999424577,89322.80115160956,183230.39212589173,91989.40896861661,69122.03212047006,86678.52272731338,122828.60253198179,107874.79375300334,81960.51650768716,79371.7821683624,72332.81550798602,84767.40387289571,82650.78307995595,112059.68851562603,78789.98861193522,4
129427.93273066674,147319.40893166172,103408.98226606635,180082.81947169537,92799.97262954386,70955.50101465,85119.82382772253,118994.40663986286,104655.4049438721,82329.3873464331,81281.3811041571,72479.35354463501,82898.2615945651,82907.31405106951,109330.6075728664,75828.47187858485,4
129781.62673492751,148493.72488185464,91999.15432919913,179535.0229185847,90954.03146195787,68993.26372066305,86225.92225383787,122533.67126389401,103691.19539155906,83601.11219896225,81435.9210653211,71425.02175867818,82529.70368024155,81933.87322829643,111030.23422124794,75344.86953554983,4
130058.83306966223,149340.99010717752,96261.69905205954,183261.08107102886,93115.06517113032,70334.97188508176,86016.79933271401,120631.71662470301,108459.26951876516,81161.59810562112,79259.01761758538,72974.55644304234,84990.78720698204,83241.83025858764,110949.23149934191,79084.29403117824,4
129260.74168214103,146754.20036962038,100791.77180430554,177665.25479140936,91487.61230559496,70157.90136550681,85267.36769287202,120193.89065431246,101744.15728380172,83823.15442838125,82614.59560568281,71539.26152458925,81404.74038180595,82114.05064035066,109364.33635524946,73552.93018256786,4
130288.54194742942,150098.62483723462,89256.70704325523,183071.89590595913,91973.87450622016,69125.9660274942,86701.99205899144,122896.12715198126,107839.67916246405,81994.51351100368,79407.88023565772,72324.9700456822,84754.506916345,82643.33994905233,112046.0986549972,78770.09555936999,4
129432.35837606888,147315.18445195968,103360.97071897636,180076.35981754778,92825.29715601173,70970.43197994614,85129.50213307168,118990.36097411645,104739.80513093533,82293.6245553046,81242.04203391577,72500.05126000062,82936.63953979488,82920.52393204259,109336.86606131388,75901.69619342044,4
129741.17007746341,148396.6736074297,92162.14324976722,179342.01560521312,90940.0169181844,69006.60771210286,86187.47725337473,122443.90665816149,103601.27432361536,83626.14615275219,81478.74700769747,71408.59322650352,82463.45310967602,81917.39999263287,110975.13717116561,75262.2127845541,4
130058.63190396213,149333.43521755163,96151.32613793924,183247.3570999333,93101.98940062398,70320.73382386373,86033.13845791084,120705.49973314998,108482.09064985403,81163.0062655218,79239.72806212046,72961.21245160252,84984.99810516812,83222.80892405617,110957.90397619057,79095.2687377058,4
129252.44918494811,146728.07118035213,101012.2941151016,177731.68417593054,91505.4489976703,70190.19963624474,85253.93429445438,120191.67783161138,101749.92403387118,83829.90465520676,82628.0513558449,71550.52680379472,81393.206881667,82116.66579445194,109359.62013716939,73546.17995574237,4
130257.00363600298,150052.5131884233,89274.7225492862,183007.07584703874,91928.81338939827,69100.14976264832,86677.69571276853,122871.83080575835,107758.65408881356,82043.37442438299,79444.49239307552,72297.41034476881,84697.01822960595,82611.55576843688,112051.70894285548,78695.86541603392,4
129403.12229432134,147297.28070465097,103375.58875985013,180059.39484350622,92830.14748455853,70960.77602634145,85114.10178114197,118949.7255026967,104794.14222170619,82276.54782254074,81205.42987649798,72503.04639375763,82945.64729281036,82913.59489126145,109335.0108665241,75929.9264466675,4
129718.50540858573,148351.34426967433,92400.54695612752,179350.4422128728,90936.84297047174,69024.17618324474,86168.32180837654,122471.08637941914,103524.42902617801,83682.36079005728,81535.9451217586,71395.22688331925,82409.63010902764,81904.19011165979,110963.9389471935,75185.45689409458,4
130013.77195284032,149330.68595298362,96030.4702556694,183226.10059095628,93075.3237694888,70273.48223608521,86006.56223375347,120664.03724718539,108498.63094075095,81177.37843720657,79224.43946891303,72946.54970723984,84970.55887825,83199.45135110038,111005.17791571355,79095.0675720057,4
129212.1489896952,146687.4133571879,101242.20415856889,177722.31879500375,91528.47129445926,70209.39978473184,85214.23759630175,120145.56618280009,101750.90751062722,83835.76081225406,82638.19904782761,71553.36547534054,81364.0602068973,82114.60943396205,109344.66682012878,73518.57555134005,4
130237.46821134904,150043.72895285237,89350.83023915652,183052.38283304966,91908.65211589959,69091.38787882184,86671.19135513203,122961.9753911466,107682.70286115442,82103.4782652233,79488.95001279713,72272.91283284579,84631.3264526518,82580.12921573273,112088.72343167347,78612.560464449,4
129414.83460841593,147384.027824882,103443.22513857188,180393.5757748575,92859.45062153944,70966.36396245527,85114.95114743127,119053.39289348041,104884.3538623278,82289.89181398056,81202.94883286343,72532.48364120527,82983.10881651746,82922.28971985457,109457.81135056155,75993.3383456872,4
129681.04388487863,148322.80109200493,92659.20134296434,179407.66267867837,90923.49897903192,69020.2869797095,86117.35983101843,122415.81051538116,103417.69944640392,83728.49479061304,81594.32787827586,71377.50194996619,82325.25227370886,81870.573087999,110981.57447356875,75077.38620965317,4
130055.41325276057,149429.34655300935,96011.67243858248,183539.94143485327,93080.26350501341,70265.65912552585,86046.61655981738,120863.79478738246,108520.9156299729,81213.87883590208,79230.87677131615,72942.74991068244,84966.62497122586,83182.75459799226,111107.90653323014,79107.78571460077,4
129211.43373387263,146732.63093622102,101471.44364970252,177946.3950331682,91550.64422495893,70217.51346796913,85195.57388968157,120123.75088021171,101754.6179002068,83855.787975286,82668.99975168702,71565.30130687969,81349.95625614599,82116.10700084055,109417.60056228645,73523.53763860914,4
130242.89968525169,150079.5811509587,89394.46084433328,183149.65762491914,91885.56276387726,69065.32574478695,86677.5616023018,123007.10356320186,107603.46592706036,82158.68707402791,79544.04706287946,72246.51542264408,84571.84846065623,82554.26824739794,112138.88074623118,78559.05038822298,4
129429.94438766771,147441.15888370978,103416.47010045889,180499.32187787557,92873.48751705737,70951.12007273675,85130.8879412279,119065.55224246411,104941.28375545547,82271.07164514919,81172.66221912649,72531.74603363825,82991.66953464384,82921.48505705417,109499.16207780386,76047.22840156894,4
129739.76191756272,148388.09053755886,92862.7139762299,179618.61844284757,90943.95082520854,69055.803901649,86157.0341774266,122550.3233135132,103373.21947493785,83784.06122732893,81671.55315536895,71386.1967785593,82307.37087814462,81883.3806375719,111031.97765731545,75062.25407865693,4
130114.24304416694,149564.19462730823,95832.05382013963,183806.0389525937,93078.05068231234,70237.69709321226,86088.79430160455,120939.7013115527,108579.6783661459,81240.11978389262,79254.48021346095,72966.44275980505,85021.72202130819,83203.02763021323,111232.60691554629,79193.92933773153,4
129228.3540044253,146752.56869227515,101529.28996435285,177951.82650707086,91569.15146936792,70217.6699301803,85186.36497096598,119993.44021003727,101772.2757783265,83828.80941972845,82661.5119172945,71586.87074027905,81373.24677386842,82133.09432662658,109406.78231797008,73556.43940644735,4
130243.8384585188,150014.73874029383,89251.02970016358,182822.62925179355,91847.07305992521,69027.88657282431,86683.55186981581,122894.1601984692,107513.76837656122,82147.55590528916,79534.90519939724,72216.00529146258,84532.97877704845,82522.10408712675,112054.54761440131,78494.18562581368,4
129467.47296660817,147429.91595624876,103251.35776416752,180332.13082934986,92897.94032549148,70950.94125878111,85173.17744173735,119018.50182038567,105034.35641936737,82209.09025777463,81104.73526772682,72560.5797839856,83069.94534372633,82941.02048170811,109473.72579261372,76133.52848691089,4
129737.01265299472,148273.6943094366,92904.5787935947,179252.4074616918,90945.02370894239,69065.97394537616,86163.69499727429,122423.18659105142,103298.98933160178,83761.77653810699,81673.92244028121,71384.67685993634,82288.61776454661,81877.41272180232,110928.7796531653,75000.47385698245,4
130116.63468082366,149509.3881499038,95554.66867144927,183529.4137632148,93064.17024900559,70209.22097077621,86118.92445313031,120882.70436319166,108617.40811078646,81205.56398696471,79201.9983174799,72973.90824245314,85067.58780093049,83201.32889763462,111205.85187743329,79226.62993986964,4
129266.82135663288,146711.46383422182,101606.15761353465,177841.6324069062,91615.97837400179,70275.85152099747,85234.6670907339,120039.39539663738,101800.19310715116,83777.89214585927,82628.6995564341,71612.26232198028,81403.62279458318,82145.16426863245,109324.7067123302,73565.60362167402,4
130272.8510228218,150026.3169439217,89168.88703929032,182836.1967606779,91844.05557442375,69032.06634903746,86722.4662569125,122963.0706266249,107493.22712340679,82183.56456560666,79571.71852251513,72235.69717832771,84553.18475403605,82530.9777296755,112088.09758282872,78485.44609373166,4
129507.95197581673,147495.33951226945,103132.60294587648,180453.7466709312,92933.65841313105,70965.89457582172,85217.8138754146,119063.89821337441,105137.17444386179,82172.00871372328,81062.89280210648,72601.37171761652,83139.45926898233,82965.8309180535,109491.78600213361,76222.28726414291,4
129737.14676346145,148262.31727150886,92993.29286733782,179235.06250799447,90948.89056073315,69084.01180315159,86164.94669496379,122387.75907608976,103257.52684563719,83781.64723892776,81718.33535651391,71401.99946188921,82277.84422371915,81890.26497486413,110897.5766179057,74971.26012697937,4
130154.90086733115,149572.73299369015,95345.34458462532,183592.51273781215,93065.82427809529,70204.08006955148,86173.46270960126,120995.22304477968,108654.37789611553,81197.56206244971,79180.36182884715,72980.41260008962,85087.63731570689,83202.2900226462,111205.248380333,79264.62790544366,4
129274.7115224256,146748.97006141784,101683.49464935002,177934.63801558473,91647.31551972813,70301.28780618761,85229.79441044264,119993.01552689262,101867.44950621719,83772.59478242336,82640.43422227315,71656.54112774624,81445.42055671461,82188.37019066456,109342.43164568326,73627.27208462621,4
130286.32912472835,150049.09337152165,89124.16119863525,182824.73031577235,91829.61634750562,69040.49295669711,86740.14648677665,123020.82753429742,107441.4157797594,82214.0523450437,79609.24710145559,72224.67776831125,84516.05850649578,82528.8319622078,112066.01405930688,78439.9155902762,4
129544.85470591244,147601.35383622098,103059.26687231862,180685.48955744383,92970.7399571824,70993.16370405718,85249.44159381886,119168.90670882544,105257.80680868708,82154.6414082815,81045.4807931758,72636.10632850007,83204.92752849193,83003.98534583871,109549.47585457277,76319.74086996805,4
129731.96115874781,148294.52613526894,93163.16612519814,179335.91357897682,90960.04408121636,69114.00784421062,86141.09738362997,122378.30428818516,103219.50652831871,83818.41585855673,81783.04365671202,71409.62140674847,82252.5196972513,81907.94520472828,110912.68639715748,74936.32435039572,4
130157.15839352112,149647.45487540425,95199.23123112098,183677.38231150893,93062.1138885157,70188.5679588995,86178.2459829147,121034.80798421003,108685.22330346386,81200.33367876217,79177.50080555688,72973.41650407511,85085.96093487274,83202.55824357967,111239.58065981635,79285.48208302047,4
129222.87782703375,146712.1343865555,101804.05995894194,177778.24285963093,91661.3300635016,70307.45688765727,85174.96558129377,119826.45032721167,101877.08310807742,83739.2683314405,82634.24278905902,71657.56930799119,81422.39825992564,82196.05919075718,109298.26459863957,73618.44314556637,4
130234.74129852549,149970.45993452787,89113.54412001898,182522.7805999256,91793.29476276574,69017.1353837413,86705.25541368192,122939.55659145792,107357.12735141843,82234.70535692041,79639.26549425906,72185.67397423674,84446.74574693988,82505.07205785181,112012.68279703651,78355.38129274623,4
129479.65466733632,147505.4648525077,102966.37302236236,180327.2134455697,92956.16661979754,70962.07242751986,85204.29107001914,118992.97612821772,105301.61622781948,82098.6279366765,80976.68212374236,72618.11317421355,83193.01404869724,82993.79295036709,109486.01925206414,76328.90508519472,4
129656.47931772225,148103.3069614538,93320.90238581925,178826.13734318464,90930.80799946882,69113.51610583259,86084.83804283597,122206.37466983494,103119.16954745883,83814.77252421052,81787.58106083644,71371.24346151871,82166.71135028737,81884.09589339446,110784.81206712867,74818.15067746052,4
130099.69205852653,149511.8915452828,95010.98483931838,183259.42704193917,93013.74471351442,70141.09285367643,86157.6376745269,120928.7936602585,108688.88898955453,81189.44837921244,79134.87602888061,72942.59344847125,85068.9289055978,83180.36296133554,111199.63809247472,79263.62207694317,4
129210.67377456115,146599.63805671193,101941.6125943199,177593.32687775217,91675.7916421642,70340.69393166232,85172.1492614924,119813.03928053848,101896.77499494255,83717.63184280775,82603.10680903278,71657.88223241357,81420.43130641358,82201.75888559328,109234.67388566422,73611.06706989612,4
130230.98620545701,149901.10247148306,89103.30702105846,182467.12475623187,91759.87890480505,69008.66407259274,86709.43518989506,122980.01324892203,107300.48803096867,82284.21447088891,79675.98941039914,72169.49131125108,84420.57185418271,82494.34322051326,112020.57296282923,78308.82260904582,4
129505.7168013712,147531.14700688684,102901.19533553069,180509.98365998076,92974.78562292882,70969.62731714574,85229.66029997592,119052.87880335795,105390.97850215179,82084.50163418075,80941.6569401809,72643.10242451458,83248.8487063466,83013.5965959545,109532.89086018692,76411.76300189055,4
129680.37333254497,148093.6510078491,93516.25663235864,178999.4527696911,90943.43673508606,69147.55781263803,86090.73890337217,122260.84587107252,103060.83149443049,83850.84823976138,81839.1688870393,71377.68076392183,82148.71819600085,81890.66730626432,110787.22605552984,74778.69984849691,4
130142.09331775825,149603.4219388273,94898.08617807462,183606.2367089077,93013.47649258096,70133.73912975063,86187.72312256374,121057.80792925453,108727.24458303984,81223.26656857331,79151.684540711,72960.7207132245,85115.48758929821,83195.89742373198,111298.74572738956,79310.13605715467,4
129201.66602154566,146603.28139105815,102106.5014131667,177737.18270506655,91695.99761915179,70360.4528737608,85143.18140067832,119737.53508776845,101895.27742806404,83693.67077275166,82594.9931257955,71670.84624419764,81420.07367850229,82209.35847870809,109221.26283899104,73598.03600287867,4
130218.84920821777,149882.17054392942,89168.81998405696,182488.29185823107,91734.44261961491,69002.89732252328,86697.65582056712,122996.66529854124,107202.2074105987,82319.59728236166,79715.2167219182,72145.1279097948,84371.62153382559,82470.33744696826,112020.37179712913,78212.79951486582,4
129500.75471410212,147556.35977463244,102911.9912281026,180630.81719050615,92986.67675097904,70968.19680550061,85224.16177083991,119056.857413871,105454.50215989377,82065.79322407165,80917.76292535817,72658.43572121093,83283.33744804114,83019.85508440198,109579.58365435406,76440.75321444908,4
129652.00896883119,148036.78816995482,93777.30265585217,178975.55875486837,90932.17145588058,69160.94650756675,86052.24919942013,122219.27162638566,102970.86572299787,83880.50900465358,81890.80141673106,71367.86834810596,82092.99529707376,81875.579878757,110774.46320944586,74678.42992287039,4
130161.29346624536,149637.32953516598,94847.638290839,183731.3170708796,92996.31035283928,70117.98114990964,86205.13513149442,121159.73188397073,108724.69648417193,81247.54056305178,79160.06644488174,72949.07545436328,85107.79858920557,83175.69144674439,111362.91758572073,79299.2731093494,4
129202.40362911268,146611.46212952878,102309.43290107643,177873.21542182154,91711.97911643733,70374.7132867233,85122.55074054608,119704.96859609707,101915.63986726283,83700.64451702172,82610.25936725848,71691.58866305217,81427.2709402169,82217.96390032339,109260.62426097682,73611.69291874087,4
130233.66841479164,149889.74778529975,89237.2163220902,182562.6784637783,91706.77115997925,68992.70492705166,86704.42839913708,123064.39108424081,107119.95299100316,82379.72347494644,79769.93379234479,72129.39228169827,84323.14060010202,82443.76122281089,112048.02090502036,78148.73941525692,4
129513.40580146383,147598.9398478198,102854.97192799712,180755.49522107784,92989.18014635803,70951.3435901813,85223.26770106169,119041.47941368574,105524.77604446126,82053.9691512548,80890.09146572251,72677.97114586487,83314.02639317828,83018.87160764595,109631.50675672374,76505.79679081403,4
129622.81759057255,147958.49000912785,93950.01458525832,178807.38422958663,90911.87607191516,69160.63358314439,86016.66522224728,122105.09891570795,102866.30426243595,83888.64503963532,81912.840236764,71345.13662399491,82015.94883393632,81844.44389873075,110699.56251377614,74588.79942760461,4
130130.33630017476,149584.08767987342,94662.76701244916,183503.30692569102,92952.90326510707,70067.10857952936,86192.21582319925,121084.98765051218,108705.96572231839,81243.62900777209,79136.50770622585,72925.02497732938,85081.42353074832,83143.28141728419,111341.70578023265,79284.43155103107,4
129187.15973939416,146532.20284369026,102418.33060006269,177681.05747473927,91726.70891603339,70395.85803697801,85109.72083922874,119648.50808960297,101916.37747482986,83666.82632766085,82585.04659951289,71693.60032005314,81406.55087310683,82210.4984176753,109184.13659145076,73602.66281398092,4
130187.91439389162,149780.3583479355,89203.68870540723,182261.26518979852,91663.29701701368,68962.86534820382,86673.1583086441,122977.01811516502,107022.70055087811,82405.09270490322,79797.71701070273,72096.24464467104,84255.99595975828,82411.77587649535,112000.21052363045,78064.51804214931,4
129525.74396440315,147597.7328536192,102776.00321483651,180749.25908437482,93008.82732973425,70960.68661936362,85244.59126527206,119107.59587378454,105593.01592028332,82024.62131078498,80847.51139253515,72685.36957327957,83339.03799522377,83023.43136351483,109624.73417815378,76561.89966939684,4
129598.7447617942,147899.90608691052,94107.19205226804,178750.27552250333,90908.59036548024,69176.74919089666,85989.48550098963,122064.44109254374,102806.20042159563,83913.6566416808,81957.70018788578,71341.94032453779,81975.49217647221,81844.19802954175,110671.0193361067,74539.64794154739,4
130139.1205357457,149617.30237213403,94505.54484195053,183596.35723785846,92942.66616614655,70054.09986425636,86215.1487130104,121165.47628229574,108734.35243777663,81257.59884805666,79133.75844165785,72924.24266627344,85092.62175472043,83139.05693758214,111382.16243769675,79313.39941184514,4
129205.86814950325,146572.43598370982,102540.66169746658,177894.44957905408,91764.6621781185,70433.85600255204,85117.54394978809,119687.35542146629,101971.9662632902,83657.72916766754,82588.82404432584,71724.02104425682,81437.21746649951,82238.30398777772,109203.51555389352,73651.14374770448,4
130189.30020204786,149799.6031999115,89193.83158610245,182379.28240052253,91636.4302201784,68951.98004865409,86671.01254117639,122998.16286541974,106964.2954426164,82448.4103856576,79843.82865951404,72089.13678993426,84225.46347683233,82403.68454500253,112027.61376233265,78025.1119166746,4
129528.828505138,147629.20410981227,102654.72264942201,180808.49120718136,93016.29281238232,70950.11424423626,85252.30261710913,119071.58721346704,105658.39477281508,81977.59324045101,80793.35311571993,72694.48908501734,83362.50732690183,83021.68792744732,109616.84401236106,76612.0346322101,4
129566.20062186726,147812.46606260134,94225.83511183682,178555.27890387524,90895.64870544062,69177.08446706348,85953.61095113885,121921.56874198542,102734.83130154984,83912.13672305783,81973.48051947124,71336.79942331307,81928.66527183834,81833.49154394765,110592.07297469056,74467.25064125666,4
130169.474204716,149614.37429361037,94330.24011018754,183554.09008909346,92931.5797008967,70040.86763153883,86253.77252742917,121246.59076292405,108739.38158027906,81247.96524619643,79100.47669416388,72916.37485222517,85096.086275111,83124.26008275272,111367.92437647872,79309.59961528773,4
129211.85841701728,146538.95307051577,102611.87435530119,177872.14253808768,91787.43860571845,70452.29619172767,85108.84912119497,119626.80454573686,102004.80097589505,83617.87600730373,82561.57726783481,71747.06569279023,81457.35638825374,82245.70241519243,109175.24059715755,73664.91242228895,4
130215.29528084939,149781.83356306955,89194.36802796937,182381.808147646,91627.55657762964,68960.54076678047,86693.18547167606,123065.21809878566,106895.89910458316,82476.35006622673,79871.36600868298,72082.02893519746,84198.70843871933,82387.03249538333,112018.60600931717,77960.11304379857,4
129604.91384326386,147750.6858409269,102577.47502058448,181192.762397857,93060.50456291492,70977.09279979383,85305.00803053475,119229.45758455487,105782.04462314185,81978.10733057349,80779.00329577962,72746.90392576503,83458.7539385264,83058.79182324313,109724.06533051317,76719.43476431785,4
129633.88170407794,147903.48236602335,94431.49351257009,178934.76682123743,90935.32305184878,69233.96965670225,85981.68474217472,122057.33323780695,102700.3425598553,83948.10067988643,82032.5114765777,71367.15309228338,81929.82756255002,81847.8190121435,110629.5121466532,74443.69190260075,4
130196.94449865157,149723.5402135301,94164.03253841789,183804.8319583931,92924.181273482,70012.23504689158,86262.89203916694,121270.08244634658,108752.9714409079,81267.54537433927,79101.48252266437,72928.04246283084,85111.59838576298,83120.46028619532,111445.1049500829,79332.06311846532,4
129220.03915548792,146589.62447519595,102705.01407444646,177992.37257151277,91821.79323694627,70470.3340495031,85094.3875425324,119561.20217576054,102040.45200830126,83604.15203620816,82561.84548876829,71775.43005650402,81475.26013556244,82265.12608112408,109171.64196630026,73694.88611160351,4
130203.89589117718,149761.33701340403,89179.37000743987,182246.58009369136,91602.83554826207,68944.60397298384,86680.5567360588,123018.32413891843,106801.06065285929,82505.11676134072,79899.68566890784,72058.82782445286,84137.66582461189,82365.53011721732,111971.71204944994,77884.74296149529,4
129584.4843488317,147731.0163058062,102433.97682118141,181011.4226950911,93059.81165883681,70953.75757858247,85293.69804784037,119141.41406314542,105831.39727489917,81931.95097827328,80718.69828923921,72744.64639957505,83466.8005665303,83053.98619818523,109686.58145506162,76757.90211652544,4
129597.9400989938,147803.25714388577,94560.08309842147,178660.7791377043,90927.41053431161,69244.02794170713,85947.59833188038,121950.76012024404,102631.32037297731,83953.82272646698,82058.93123852387,71353.16090025436,81879.4243788033,81844.19802954175,110557.47247427375,74381.19642510371,4
130193.94936489456,149692.56069571504,93970.3770244571,183641.37365119145,92903.68472381649,69990.4197443032,86276.70541724032,121292.16596986842,108753.15025486353,81264.90786849355,79078.39317064204,72908.8646660882,85103.39529554789,83106.9151290554,111429.32461849746,79330.90082775365,4
129226.20823695758,146561.0812975265,102785.43565099665,177954.88869606124,91850.62698729361,70503.10170687459,85090.16306283034,119544.23720171896,102083.12148846645,83576.56998355032,82547.27215138343,71793.17734160153,81495.66727825014,82284.88502322258,109144.4622450426,73728.83841143113,4
130160.53350693388,149676.04275656256,89129.74913474907,182023.5096840274,91551.82886741507,68912.50686794602,86634.13216282513,122900.53044563896,106718.7391780304,82530.9330261866,79933.68267222437,72035.89493464172,84092.13532115643,82347.15698327505,111939.07850254519,77819.7664403637,4
129559.45039504176,147664.67632826287,102267.74689766728,180785.44655864796,93046.82529530827,70929.19301142609,85274.92258249791,119041.68057938584,105873.35149924178,81869.0755211205,80647.75385233806,72730.85537324613,83475.36128465668,83038.20586659979,109615.25703850473,76784.21011974933,4
129554.9800461507,147660.78712472762,94670.70188173078,178324.340680163,90910.66907771459,69252.32043890005,85904.10183717035,121821.72349950355,102556.17380811856,83940.18816234925,82069.25774446223,71331.32324592152,81832.55277068053,81826.40604095532,110442.5174525401,74310.7437265806,4
130198.21854808553,149661.51412266662,93786.01983618973,183548.9715396132,92879.2766188713,69972.87362490578,86290.00470519123,121344.55845887166,108770.76342949433,81274.31795290923,79071.28531590526,72900.7509828509,85124.60710103597,83101.08132375257,111427.8494033634,79351.48678439698,4
129208.72917279354,146511.86275623593,102837.2246428996,177893.3319918313,91862.69692929948,70513.40586106847,85066.06788230751,119470.07411361625,102120.69477089582,83543.35529128973,82522.7746394604,71805.78372547434,81521.0365082069,82295.36799137211,109097.72474738656,73748.88792620754,4
130164.33330349128,149639.87763403388,89136.74523076358,181988.37274174366,91537.07671607456,68914.13854529125,86639.2954157943,122959.56140274543,106643.81613061621,82557.10691894375,79964.34926561706,72012.93969308611,84058.20537307327,82329.94614004447,111897.50425785831,77746.13979412793,4
129567.31820909002,147696.6616745784,102158.06688762509,180900.37922863715,93060.30339721483,70920.9452177221,85277.15775694344,119054.44342546981,105963.40667765221,81845.40502374232,80612.01341295402,72747.21685018741,83530.92772137257,83051.1028231505,109646.01303887523,76848.27021935824,4
129556.90229617385,147639.843540173,94866.23494222581,178387.32789603804,90920.30267957482,69280.99772703621,85885.10285438334,121827.91493271769,102504.74244412691,83957.57781953548,82107.2780617807,71330.25036218767,81808.2564244576,81827.30011073353,110404.94417011073,74249.32113281741,4
130172.17876579509,149648.43835216027,93627.99300289071,183495.48381513165,92840.58574921916,69924.95148479361,86262.60146648902,121293.99881291376,108759.90048168904,81270.47345286292,79057.65075178751,72880.41089539658,85110.86077819596,83079.42248337537,111427.49177545212,79323.1671241721,4
129196.52512032093,146471.45080226075,102954.79481873452,177852.07067156682,91877.67259808452,70529.85674498758,85040.94452153976,119429.57275266324,102134.97753560275,83501.89280532513,82493.65031643515,71806.58838827471,81512.52049356943,82291.41173260352,109037.57620305732,73734.42634754496,4
130142.719166603,149580.66786297178,89178.78886208402,181893.75780746434,91501.33627669052,68901.19688525163,86616.80956087227,122957.08035911089,106556.39845805151,82586.65592511368,79996.24520495477,71985.55880612836,84000.56022412304,82304.84513102117,111868.46934181087,77655.41406338383,4
129574.67193301582,147727.39532320446,102088.17298271335,181029.97464298902,93063.29853097184,70909.92580770563,85275.77194878721,119090.22856834276,106046.93514668169,81834.40796547031,80584.02902889598,72766.01466727433,83573.88777421568,83066.88315473594,109691.94587373089,76902.67436536246,4
129517.80909512153,147561.16539969033,95041.51732224433,178290.2766216131,90903.29300204433,69276.21445372277,85834.07382179187,121723.62169308921,102427.78538796728,83962.60696203793,82127.84166667958,71315.0288242136,81746.61031324987,81812.4585524152,110338.58184082292,74159.28830615143,4
130161.09230054526,149624.36552338192,93495.067178615,183469.3993293523,92806.6110976471,69887.89229248671,86260.34394029903,121316.30585388016,108743.62841172557,81282.11871172414,79039.83641145664,72859.66847654207,85084.77629241662,83054.52264005216,111425.7483393846,79292.99226915745,4
129189.12669290623,146430.83768258544,103060.31740430802,177847.8238401203,91894.36935119264,70543.2007364274,85026.54999811054,119403.75648781736,102155.60819573501,83474.37780790064,82461.32969395276,71811.84104822172,81499.22120561854,82287.03079069029,108991.3751472682,73733.04053938872,4
130148.73178586147,149565.91571163127,89220.29605153753,181970.69251187952,91478.78336653512,68895.40778343771,86614.55203468229,123029.5894181239,106496.07109976663,82649.82195494437,80049.91174339196,71980.82023630384,83967.39023535135,82297.67022105101,111893.48094385635,77609.90591167283,4
129627.73497435273,147818.27751615972,101997.84958336945,181344.24017003062,93085.80673763833,70920.0958514328,85310.55126315966,119243.06979692815,106131.11181630038,81824.28262523207,80549.00384533452,72787.38293497359,83616.91488229214,83078.32724789706,109745.18772902343,76979.13968314407,4
129526.05688882554,147590.51324016016,95204.03685617886,178519.85138891358,90904.47764450045,69295.23578825424,85805.59769935581,121725.52159136791,102397.74464341936,84002.81775031301,82181.17292894995,71336.50885063516,81739.547162002,81828.2612357451,110367.86262605937,74146.41370134517,4
130229.62274904523,149750.40701036536,93352.41834550124,183826.75901970375,92807.03578079175,69892.67556580015,86300.75589427423,121504.55224568276,108767.58948178167,81306.97385155843,79049.2017923834,72865.59168882271,85112.42540030782,83058.32243660957,111496.58101756347,79329.06798470831,4
129238.03230977444,146540.11536122745,103148.36092571747,178201.20491995872,91935.83183715724,70580.08111477866,85021.565559097,119424.02952003831,102228.20666172584,83468.43224387553,82466.24707773293,71859.80789182281,81563.12484301625,82328.3815179326,109051.03195321941,73802.8673890671,4
130184.96396362352,149629.59583158445,89240.39026980285,182139.87286566175,91465.8417064955,68902.47093468558,86611.73571488091,123076.81865415796,106430.6698954904,82693.09493220985,80093.83292124665,71979.27796593642,83953.06276715551,82298.07255245121,111912.23405745436,77560.35209421541,4
129656.52402121115,147897.02271187576,101875.20556154317,181490.4876340017,93094.70273193154,70911.66924377314,85309.09839977007,119232.87740145653,106205.9231049923,81802.13204647685,80507.18373145864,72806.96306311645,83666.33458928282,83091.87240503698,109783.07393587517,77041.97043680793,4
129533.25415054015,147572.0283474956,95362.53307611145,178433.12662042698,90916.32406906177,69323.98013162377,85782.35188512229,121666.98237263947,102334.22098567737,83999.576747367,82194.22634771185,71330.60799009896,81700.2304435051,81822.36037520891,110308.36228231934,74084.32055524833,4
130239.61397881675,149775.7985920666,93219.4031142477,183774.34417895606,92787.7015218379,69875.21885338055,86303.32634488659,121530.189696573,108769.06469691572,81327.17982854604,79041.46808880188,72858.10385443018,85113.20771136376,83052.48863130673,111510.93083750378,79329.38090913069,4
129237.13823999623,146553.45935266727,103228.53663307866,178228.89873133885,91954.76376471088,70595.63792891955,85000.42080884229,119382.0305922068,102279.97330188434,83458.17279317055,82467.78934810036,71876.79521760884,81588.69523867313,82345.92763733002,109075.86474130925,73849.73899718988,4
130156.75606212093,149560.95362436218,89252.48256355317,181894.0260283978,91429.36365954444,68887.07058275588,86585.49476689039,123006.36595563483,106321.14634765939,82700.35924915782,80108.45096212042,71931.42288105762,83863.58873410091,82254.12902285207,111830.80665240368,77465.60304946937,4
129657.17222180036,147891.2112583174,101741.92210935618,181384.09333039445,93087.23724928347,70893.92195867562,85314.26165273925,119196.33229927211,106273.04539359157,81766.5033658151,80463.26255360396,72806.65013869407,83689.06631339388,83086.75385555672,109787.25371208832,77102.52131253736,4
129562.26671484314,147533.69510575477,95527.86892984736,178373.08983482,90932.0596971583,69368.84008274556,85800.3003359199,121694.5197218084,102290.72449096735,84003.1306747354,82237.00758659931,71332.41848139984,81675.86704204882,81824.57319790998,110267.97268008861,74050.97175252101,4
130282.5516799154,149827.98991536975,93023.06539095228,183881.8113662972,92770.08834720711,69854.1411583592,86337.77038309221,121587.18664493403,108808.80609855725,81347.8998956561,79039.65759750099,72878.33218316225,85155.98895025122,83069.4089018594,111591.6429867319,79380.85697661126,4
129237.22764697406,146514.4779103372,103198.62999899745,178086.71928485864,91962.60922701469,70594.00625157432,84985.1098638904,119209.51982850074,102315.73609301283,83394.11269356165,82415.32980386374,71895.74949690694,81602.7097824466,82352.07436705523,109004.4285660301,73863.68648573,4
130158.5218499329,149474.4300215757,89166.8977340338,181600.92760335538,91402.74273189816,68880.0521349969,86586.3441331797,122922.23398950505,106245.57509965601,82700.42630439119,80104.8076277742,71921.85633443073,83831.9833674411,82240.98619711235,111742.11493040502,77389.24949041003,4
129701.09339965504,147901.98479914485,101530.40755157561,181328.41513495627,93112.67353447361,70910.12697340573,85364.3966155525,119243.33801786162,106372.19773199531,81722.31396702694,80386.39490442215,72836.2438483529,83760.27897122849,83107.9656610448,109762.39857225402,77174.58333666126,4
129581.71273251924,147513.60088748945,95609.43044536478,178356.50484043418,90953.89735149115,69409.6320163765,85804.21189119958,121690.80933222883,102290.3445113116,84015.3794306969,82258.04057813175,71365.7449323827,81699.11285628234,81855.88799189187,110234.78033957248,74049.09420598677,4
130324.8635321693,149875.7779450152,92821.72087689888,183946.162038584,92771.74237629681,69861.80780670737,86385.91604064895,121708.98130047099,108828.22976448892,81352.41494803608,79016.0988588451,72882.1543314641,85171.67987485885,83074.19217517284,111579.64009995939,79397.08434308581,4
129311.90482519924,146631.601051283,103283.36546222752,178454.00314974823,92032.23491099298,70668.7281332884,85038.9775680277,119384.84691200816,102420.69988497495,83395.43144648451,82417.56497830928,71952.70174177906,81675.04002750397,82417.27440563135,109060.30792716837,73952.64642866212,4
130223.65483327566,149602.48316556014,89236.34460405643,181984.34942774172,91420.1770925733,68922.05106282844,86627.29252902181,123105.89827369431,106227.29137269156,82770.43196802521,80184.37983803509,71949.72895976651,83837.92893146622,82283.78978774426,111818.73671039782,77374.89967046972,4
129742.28766468617,148059.6987080215,101431.7916550388,181712.95454656536,93132.6336422722,70907.40006058218,85382.88150821705,119294.03177428625,106484.67171009442,81731.05349910898,80376.56013686182,72881.86375878617,83823.46735280364,83163.01800763822,109870.3798497176,77260.54814583638,4
129573.24142137068,147509.75638744314,95806.48342448277,178324.83241854102,90963.79917428484,69432.1849265319,85785.19055666811,121609.53838938933,102211.10757721754,84019.04511678757,82273.88796495057,71355.93251656683,81626.80496296943,81863.33112279548,110162.07011485937,73950.52301293887,4
130326.20463683661,149914.8264425786,92712.35379127906,183929.5546924537,92750.93290220892,69834.20340230507,86392.46510177436,121713.33989063978,108828.85561333367,81385.76375076339,79020.52450424725,72878.93568026253,85163.0521014991,83090.39718990293,111616.05109167709,79381.236956267,4
129279.38303701676,146597.44758575532,103393.6042658811,178280.50890928615,92048.41757397862,70674.65134556906,85001.04665768704,119251.11642493206,102432.70277174746,83371.53743166178,82382.5397947478,71950.35480861126,81648.84378300236,82428.83025751475,108999.60058922776,73928.50654465039,4
130166.81434712582,149516.45130115168,89337.19567503878,181679.60574383807,91391.5221561816,68908.68471964417,86577.1352144641,123014.21141793866,106120.13710977283,82816.81183776997,80218.06391692924,71913.31796804881,83747.60553212232,82266.06485439121,111767.43945687289,77255.72016903403,4
129734.73277506029,148064.3925743571,101435.41263764056,181666.03823495368,93155.32066289433,70914.93259846361,85382.03214192775,119367.21138563292,106526.76004490377,81722.33631877141,80330.04615665032,72864.16117717758,83808.44698052967,83157.67594071341,109874.80549511976,77262.20217492607,4
129507.95197581673,147456.6486426173,96110.33303860821,178266.53906900156,90969.5212208654,69440.87975512502,85701.79619810537,121505.91570209453,102164.30302432812,84076.15382387089,82342.06078553924,71348.31057170757,81578.16756703467,81871.5789164995,110204.42667060217,73884.76418075136,4
130257.13774646971,149831.27562180467,92703.34603826357,183659.65737815588,92716.3324017921,69792.6738611071,86342.0842697721,121664.72484644949,108742.13084484707,81397.85604451371,79004.49830347279,72805.15257181556,85055.0261205466,83029.3992792844,111568.57598645402,79260.78340539735,4
129268.85536537832,146583.58950419302,103632.70087631952,178366.2949045056,92081.31934181682,70702.00988078235,84983.79111096753,119326.37474851309,102478.92617928103,83396.28081277381,82394.76619896486,71947.60554404325,81649.022596958,82440.16259195359,109063.12424696973,73938.09544302171,4
130146.74248060495,149503.0402544785,89504.69964798685,181773.4607188059,91366.24233320265,68894.89369331523,86551.27424612931,123066.13452030833,106036.47453027661,82900.89910041084,80300.58655745823,71880.32679323277,83684.93124066964,82249.92689489448,111838.6968181964,77175.70092388403,4
129737.45968788382,148108.38080744515,101367.35157577416,181824.55680663072,93154.98538672751,70884.55657774885,85380.22165062686,119389.78664753279,106587.04269969973,81731.81345842045,80311.96359538598,72855.35458986218,83823.06502140344,83156.13367034598,109951.6060890682,77307.28564349242,4
129514.38927821987,147414.87323223034,96285.97304653801,178235.3583854864,90975.33267442379,69453.32967678663,85692.05083752285,121472.16456796702,102101.62873287544,84092.29178336762,82364.63604743911,71326.47291737472,81522.98110997453,81860.62656171639,110164.86408291628,73822.76044163233,4
130321.68958445665,149912.90419255546,92538.94895779478,183882.48191863083,92710.87857614501,69774.74776205394,86388.82176742813,121789.15700783218,108785.180304668,81455.09886206375,79040.26109460129,72820.50822025636,85099.34962980148,83053.76268074068,111673.3609644605,79319.50143808144,4
129323.21480789362,146627.17540588087,103598.45800381398,178485.76497861923,92118.57969982382,70713.9904158104,85006.8134077565,119300.62553890057,102541.48871201143,83369.32460896071,82359.4951462144,71977.8921577802,81688.13814975478,82468.07992077827,109055.25643292147,73998.15458037313,4
130203.89589117718,149509.9916470041,89435.76686808669,181771.78433797174,91366.4658506472,68896.68183287166,86580.8903075326,123072.7059331782,105992.262779744,82937.01951945061,80336.32699684227,71899.34812776424,83691.01091516149,82268.27767709228,111832.77360591575,77158.22185971998,4
129832.45460181888,148192.66923578613,101111.33469478306,181963.38349144263,93188.20007898808,70890.18921735158,85450.36142472761,119477.09256137522,106697.10268939767,81703.42674296221,80256.6430278591,72905.26603523089,83915.89181612633,83197.35028712158,109976.21535971349,77413.50113314405,4
129600.6893635618,147478.15102078332,96353.54237002641,178430.44441109235,91020.77377090142,69506.37036637907,85735.39087002169,121546.55117351428,102128.02614307716,84103.601766062,82389.15591110659,71386.73322042623,81585.90127061622,81917.2882339106,110177.96220516709,73859.59611649468,4
130358.21233489661,149958.9934896223,92250.79026827696,183878.3468459066,92692.86307011404,69748.8644419747,86412.51461655076,121771.20855703457,108795.86443851763,81442.69364389106,79013.88603614403,72835.86386869715,85134.4418685963,83063.68685527884,111677.54074067363,79337.11461271222,4
129353.72493907511,146653.08107770456,103543.38330547612,178474.49969941375,92152.1520199957,70741.3936545126,85018.45866661772,119244.70147427339,102626.8723758307,83314.80870423421,82310.8801020241,72020.29341701191,81754.52283078704,82506.72608694149,109032.07767392132,74066.70738061755,4
130219.45270531806,149480.59910304536,89406.37432412796,181585.50489968123,91361.34730116694,68917.42425172619,86596.64828737358,123082.71951469417,105916.80329046289,82938.31592062901,80347.45816558102,71883.54544443435,83651.47067922004,82260.9686566554,111746.42881708489,77082.69531520549,4
129855.14162244102,148247.49806493497,100903.2176021597,181975.96752357096,93204.20392801809,70891.32915631881,85474.50130873935,119503.48997157693,106811.4095105421,81678.9292310392,80213.95119594947,72932.57986695528,83987.03741872757,83230.22970321533,110006.14434553914,77506.90907322276,4
129603.03629672961,147449.98782276962,96470.26317957201,178329.57098836554,91044.86895142424,69543.58602089716,85727.27718678441,121508.5308561958,102107.66370387838,84102.9982689617,82404.15393163609,71393.93048214084,81573.89838384371,81936.77895507563,110118.81948933835,73835.81386039422,4
130411.76711461153,150033.69301959194,92079.6876644716,183984.13765241357,92703.59190745257,69752.35131410972,86465.97998928785,121922.3287012969,108829.4367586895,81475.84128091828,79029.04051888472,72846.3468368467,85166.42721491185,83088.78786430215,111718.64559872694,79373.74912187447,4
129389.62184067034,146714.59307844558,103541.6398694086,178601.63642187553,92206.75733170002,70770.87560544915,85036.40711741534,119251.65286679899,102723.7001328111,83295.78736970275,82292.28345063727,72059.58778376433,81808.05525875751,82552.81538400834,109035.96687745654,74147.50893682349,4
130228.99690020048,149476.15110589875,89386.63773377392,181518.15909363737,91359.00036799912,68921.4699174726,86591.52973789332,123057.50674694858,105866.37775497172,82970.72595008921,80393.30159345885,71882.09258104475,83628.0907545198,82277.71011325243,111719.1149853605,77042.55158216377,4
129881.87430880957,148308.4065685757,100677.42027967218,182012.89260541115,93222.51000672698,70882.90254865916,85494.61787874912,119499.48900931944,106919.97193336154,81653.22472491559,80174.61212570812,72959.02198064589,84052.05864334806,83270.5522502127,110029.23369756147,77599.31118480102,4
129588.75353202267,147390.57688600742,96552.60700614536,178091.4355029387,91060.76104173197,69567.30122176424,85701.37151496072,121375.31445924217,102074.0466802176,84074.43273954782,82402.20932986848,71392.20939781779,81539.45434563808,81948.55832440357,110008.67009266259,73788.45051389343,4
130412.46001868964,150010.64837105852,91876.0409207393,183756.70865258083,92690.71730264633,69739.11908139219,86478.20639350491,121912.38217501428,108831.80604360177,81467.41467325862,79011.42734425394,72835.55094427479,85159.85580204199,83090.82187304758,111673.5621301606,79363.1767467471,4
129392.8404918719,146709.40747373193,103537.6389071511,178524.50055176028,92241.51429432802,70796.66951855058,85035.15541972584,119211.37502329053,102810.46960478659,83257.38707272852,82259.58284849917,72092.82482776938,81859.01723611561,82592.8473583278,109016.96789466953,74204.6623473957,4
130230.82974324582,149455.65455623323,89405.12262643846,181410.75896152962,91355.80406854201,68935.52916473498,86596.69299086249,123079.63497395933,105811.3254083783,82991.46836894374,80430.94193112159,71878.69511588755,83601.71569606253,82282.09105516566,111679.37358371897,76989.6673547825,4
129948.03547239727,148418.64537222928,100537.76658031542,182238.35465173182,93267.19114389314,70908.65175827168,85558.78973708031,119679.86758707376,107037.83268187437,81640.86421023181,80147.7676806173,72993.55542582934,84123.91950177187,83301.7105819834,110075.61356730624,77693.97082256923,4
129625.20922722928,147460.3590321969,96710.34326676647,178325.16769470784,91103.40817015269,69614.35164384266,85711.74272438798,121424.5106487883,102101.02523577515,84107.44626610831,82457.77576658437,71439.6621512964,81572.73609313203,81995.60874648199,110051.4736832945,73814.57970316168,4
130474.03907466402,150149.698573315,91728.6982212899,184076.7856331808,92701.35673300705,69745.5116803064,86530.15184761904,122083.97651719768,108870.25104406489,81506.8878539667,79045.42434757047,72858.95322071949,85201.47475021778,83116.68284138237,111749.17808165289,79408.12610484673,4
129425.33992830991,146803.86594580006,103536.61072690616,178731.0306705273,92284.85432682685,70820.42942290657,85047.67239662081,119207.6869854554,102897.99903607358,83229.26857820376,82230.57028419618,72126.50890666353,81908.36988787293,82628.63250120074,109028.4343395751,74277.1267029198,4
130256.42249064715,149487.84106824888,89430.84948430651,181435.2788251971,91360.09560347744,68954.63990624427,86610.68518289151,123113.29670110902,105758.68705018605,83024.39248852641,80474.3490188538,71874.85061584123,83579.65452428514,82293.3786861156,111654.4513886513,76944.06979609368,4
129942.29107407226,148450.31779412244,100322.54163295528,182161.53170603892,93267.12408865978,70889.11633361773,85561.31548420376,119605.12335361521,107118.54483110248,81606.39782028172,80100.65020330551,73003.9266352566,84169.65117092743,83326.29750088425,110078.45223885206,77756.66746576637,4
129613.98865151271,147407.3406943489,96846.77831492166,178130.08166910193,91123.68120237366,69655.56826061825,85706.84769235227,121372.18521501843,102072.88438950591,84087.39675133191,82454.5124118939,71436.95759021731,81554.2512004675,82011.63494725645,109963.18429269604,73769.07155145069,4
130474.93314444223,150149.02802098132,91597.42642610389,183970.16781212902,92689.51030844574,69743.03063667186,86552.70475777445,122133.55268639955,108870.02752662034,81519.15896167267,79048.48653656084,72852.49356657191,85212.38240151196,83121.868446096,111758.29759339066,79396.32438377434,4
129442.37195758487,146836.5665479382,103614.7524255219,178815.96729945746,92327.16617908076,70865.80346415084,85066.24669626316,119246.33315161863,102983.98619699314,83211.72245880634,82211.7501153648,72163.59045071488,81969.88188861393,82665.57993478536,109060.55379635737,74338.32577923844,4
130267.35249368579,149509.20933594817,89563.2388667153,181521.087172161,91359.67092033279,68987.89930199376,86626.37610749913,123194.43353348179,105702.76298555887,83084.25046017772,80538.2079527626,71879.83505485476,83568.41159682412,82299.21249141842,111689.99066233524,76893.93483328044,4
129967.86146972913,148540.77530393307,100244.66815527299,182361.26689449156,93281.83153651137,70895.59833950977,85596.8547578877,119699.76063963899,107197.82646868545,81613.14804710723,80076.82324371615,73022.94796978807,84221.70838376383,83336.57930333368,110152.43651299912,77821.15224851994,4
129618.72722133723,147436.50972086308,97088.62418992809,178264.41565327832,91144.33421425035,69692.18041803603,85700.14216901567,121377.32611624314,102059.89802597738,84129.55214137462,82497.49481648146,71455.21896543729,81556.62048537975,82025.64949102992,109994.18616225556,73756.12989141105,4
130438.14217306879,150124.10582591366,91483.65604682638,183796.4724059668,92645.27620616868,69695.33201400423,86535.80683896624,122038.5577724645,108820.83133707421,81537.57679910384,79045.44669931493,72820.57527548973,85172.26102021469,83087.5138148682,111748.41812234142,79348.89398204017,4
129472.39035038833,146855.23025455835,103714.79883370387,178840.55421835833,92366.34878711091,70902.2815111019,85103.06001938105,119310.57206518318,103048.2251105577,83198.02083945523,82181.55290860569,72178.20849158865,82002.35897330749,82684.71302803911,109055.3458398993,74385.04092515004,4
130265.40789191818,149488.48926883808,89662.77118477479,181476.8754216284,91342.14715267983,68983.16073216924,86626.93490111052,123186.14103628887,105636.1324353376,83141.35916726103,80599.65289827024,71872.6601448846,83544.29406455685,82302.56525308672,111718.08680511557,76847.37614958003,4
130001.4784933899,148598.24163892766,100124.30401138116,182473.18207897927,93292.6721325722,70884.3330603043,85638.5631130413,119767.70994278311,107275.40937368982,81604.8108464254,80045.93313287893,73038.21421125105,84275.4866809233,83351.19734420745,110213.03209221746,77893.37073485502,4
129578.89641271788,147350.94724308816,97239.14083709012,178065.26161018154,91136.39934496873,69686.14544703311,85660.4678226075,121180.56370980307,102014.72515043321,84124.70181282781,82508.67068870911,71460.35986666201,81536.07923222533,82029.40458409842,109955.11531294767,73719.54008573772,4
130447.4852022511,150081.21282830392,91361.25789418911,183610.3494298875,92621.44924657933,69677.8976533291,86569.53562134929,122073.3147350925,108782.0287086998,81540.05784273837,79045.78197548175,72799.47522872391,85155.81013629558,83069.36419837049,111716.34336904805,79317.91446422512,4
129402.07176233194,146725.36661927303,103688.51318222441,178453.75728055922,92351.82015321495,70868.95506011904,85056.30016998055,119043.73693987573,103079.56225628403,83146.09773708555,82125.80765793416,72180.75659045656,82013.89247344644,82684.13188268327,108986.70363267705,74400.73184975766,4
130186.7297514355,149269.5315801539,89701.28324047128,180868.25977185485,91294.58264047893,68962.37360982581,86592.84849081618,123007.6847085577,105508.61573322008,83135.03362358018,80597.08244765789,71823.10632742719,83463.15723218408,82258.10763336511,111565.87142537492,76719.63593001795,4
129964.75457724984,148480.6491113483,99975.21787586425,182126.97590911103,93277.69646378714,70869.78207466389,85652.57765681478,119725.37573878477,107320.78341493409,81572.24435475402,79990.99254500777,73026.70306285657,84297.59255618961,83339.39562313505,110163.32181254886,77919.87990377903,4
129576.72829350572,147260.3109193219,97456.57860715134,177967.71859737858,91161.54505748095,69743.94705819454,85682.23842170698,121242.92507683339,101993.89332460087,84139.45396416831,82525.6803662396,71463.37735216349,81530.46894436705,82038.1664679249,109907.05906236876,73692.06979180215,4
130458.95164715669,150106.73852047187,91299.16474809227,183794.5725076881,92608.37347607297,69678.0988190292,86604.71726712195,122199.19975986479,108795.48445886189,81602.10628534631,79091.80421731524,72809.4888102399,85187.16963376637,83081.30002990962,111816.83681211912,79337.96397900152,4
129429.6538149898,146794.41115789546,103778.38954667922,178795.78367421433,92388.49936586611,70908.07061291584,85084.88805113889,119130.26054266222,103160.85555086799,83146.36595801901,82117.49280899677,72217.43580310771,82067.89428805045,82712.51859814151,109054.67528756562,74470.87162385842,4
130180.58302171029,149272.59376914427,89814.0030877594,181011.4226950911,91277.57296294844,68971.44841807467,86590.74742683738,123012.57974059341,105429.46820610383,83184.94506894887,80662.95303856768,71820.33471111473,83428.17675211153,82251.24564781734,111593.47582977724,76662.46016770127,4
129943.76628920631,148484.9853497726,99818.19687106572,182133.45791500306,93263.97249269158,70834.6674841246,85652.2200289035,119648.19516518059,107361.55299682058,81552.37365393325,79956.61556203551,73028.78177509092,84315.51865524276,83330.87960849758,110187.88637970525,77957.02850306375,4
129528.11324931541,147141.2878800974,97612.97376310514,177705.2420622399,91154.68307193316,69749.19971814152,85648.80021200184,121075.86813877441,101926.99455344613,84121.01377499268,82515.24210157897,71447.61937232249,81480.22222283152,82015.83707521405,109810.7230437664,73626.10979391454,4
130447.77577492903,150040.91263305102,91176.05133963244,183602.7945402616,92576.92457162436,69654.98711526241,86625.07970632073,122205.36884133445,108755.89951943154,81613.88565467426,79090.50781613681,72786.64532740657,85167.76831957916,83049.58290452755,111797.0331665317,79312.90767346713,4
129423.52943700904,146739.76114270225,103797.7014538886,178688.69646652896,92410.60524113242,70921.95104622257,85094.67811521032,119078.49390250373,103209.5600020361,83106.57985288858,82069.48126190678,72230.3998148918,82089.66488714992,82708.91996728421,109019.62775225971,74512.24470284519,4
130184.27105954541,149209.85242245824,89893.68705674256,180924.96614753798,91269.41457622226,68984.79240951448,86602.79501709879,123028.9412175347,105358.5684726916,83223.61358685656,80704.57198674345,71814.0538709228,83397.77837965231,82237.27580753277,111571.86169288895,76608.01131820814,4
129997.27636543232,148555.2592343401,99685.22634330111,182365.8490021049,93285.98896098006,70844.7257691295,85713.17323603312,119797.41541116423,107450.33412579706,81546.78571781942,79927.24536982123,73053.9945428365,84378.97525775139,83339.28386441278,110246.2244327336,78039.70760580392,4
129520.93833934526,147124.74758920044,97755.66729970781,177791.69860979303,91165.36720578281,69765.76236078292,85630.22591235947,121002.93439661675,101912.77884397256,84127.11580122898,82533.19055237657,71470.90989004492,81484.44670253358,82023.45902007331,109803.59283728515,73618.21962812182,4
130411.14126576678,149980.07118464366,91000.36662821373,183408.46847396714,92533.2939664476,69609.70248099595,86609.5452439243,122097.70048829324,108699.64017863754,81606.4648755151,79063.35044662362,72762.43838816148,85132.60902555098,83011.9425668648,111744.93125020638,79261.38690249764,4
129422.300091064,146709.2286597763,103798.01437831097,178649.20093407642,92436.42150597829,70938.67015107514,85105.00462114866,119051.850623113,103274.04478478966,83069.49830883722,82020.97797643876,72253.46681516967,82134.65894873845,82720.65463312324,108992.26921704641,74559.2504214347,4
130137.80178282283,149104.82157526276,89917.31285063182,180680.5498219192,91237.69745084018,68972.96833669762,86575.90586851905,122921.04934704893,105260.77959069963,83235.37060444005,80717.73716422763,71796.21717884745,83349.85623954014,82212.64418514303,111502.95126473323,76524.95223581222,4
129987.5310048498,148525.26319328108,99489.24624791698,182257.17482056317,93277.42824285368,70828.76662358841,85726.45017223957,119787.31242267042,107500.24557116575,81510.62059529073,79863.67700859034,73058.24137428301,84410.73708662238,83332.60069282063,110229.25945869202,78082.31003073574,4
129513.5175601861,147065.44841116053,97887.31907454957,177727.48204797294,91183.18154611369,69803.29093972337,85628.52717978087,120982.54960567351,101892.01407337358,84121.21494069278,82541.43834608058,71489.50654143174,81481.56332749884,82032.35501436652,109764.83491239964,73603.78040120368,4
130419.4784664486,149987.402556825,90848.33006242872,183451.3391198324,92515.45727437225,69599.46538203543,86629.68416567853,122168.75668391665,108693.02406227877,81629.73304149306,79082.12591196608,72770.70853360994,85140.85681925497,83012.23313954272,111771.70864006385,79268.87473689017,4
129413.35939328188,146697.44929044836,103750.22634866553,178653.69363471196,92454.90639864284,70948.72843608004,85098.92494665683,119007.3930033914,103333.70159074088,83019.76567742416,81970.23951652522,72277.27142301458,82158.41885309445,82733.14925827376,108954.00303053892,74608.33485225854,4
130094.99819219092,149011.41363518403,89915.83763549777,180472.27626708464,91203.99102020157,68961.4795400476,86542.93704544748,122825.69680520259,105176.64762456986,83242.97019755485,80740.1112604274,71785.62245197564,83297.75432321482,82200.75305709279,111428.22938301915,76454.65599950028,4
129985.6311065711,148517.79771063302,99260.11851550562,182199.68613382414,93273.24846664054,70812.89688502514,85744.9350649041,119813.3298532164,107567.1890458094,81470.05217910436,79811.79860970959,73065.32687727534,84442.81183991574,83341.56374234722,110205.72307178058,78140.55867678627,4
129509.76246711762,147029.03741944284,98002.78818640568,177714.6074431667,91203.99102020157,69837.80203316237,85623.38627855615,120981.63318415085,101892.19288732922,84107.8485975085,82546.55689556085,71503.05169857165,81486.50306302345,82057.99246525676,109713.2470861968,73604.98739540427,4
130461.47739428013,150071.48981946587,90706.01650548179,183710.39583806944,92512.86447201544,69603.5781030152,86674.38765458914,122351.45984309434,108717.74509164633,81662.85832677584,79114.26772049282,72782.93493782698,85181.604049397,83039.99400615621,111837.37806527354,79310.51603681041,4
129411.72771593663,146766.6949947709,103703.10887135373,178871.7796053624,92478.24161985418,70953.1540814822,85088.24081280718,118969.7303139842,103421.78981563925,82979.59959263797,81937.80713532056,72306.70867046222,82218.36623172359,82769.87317441382,108978.83581862878,74694.90315853395,4
130115.5170936009,149042.84018788819,89973.95217108158,180578.64821894746,91210.07069469342,68991.5873398289,86561.62310381212,122915.81903884638,105104.1609173013,83253.96725582686,80774.13061548836,71767.89751862259,83263.93613385393,82199.92604254796,111385.4928476206,76397.86021683934,4
130041.71163340946,148674.8857706649,99080.96928369634,182589.4111501469,93300.11526347582,70824.94447528654,85799.74154230852,119980.58795697546,107687.6202449346,81466.98999011397,79803.17083634983,73102.34136609333,84534.99043404942,83386.35663823565,110312.16207887675,78257.79357645435,4
129542.95480763374,147124.5687752448,98129.2096530449,178018.83703694787,91237.47393339562,69879.35392610478,85630.98587167096,121026.89546667284,101914.74579748462,84106.23927190773,82573.17782320712,71537.02635014371,81516.81202850486,82102.13716055598,109739.71155163189,73632.01065445074,4
130456.80587968897,150109.64424725107,90521.48050325878,183699.82346294206,92480.52149778862,69569.6705066765,86671.14665164312,122311.6737379639,108688.82193432117,81657.29274240647,79107.87512157859,72770.90969931004,85167.00836026769,83036.01539564317,111830.51607972576,79288.99130689994,4
129483.4097604048,146867.45665877542,103692.93882762657,179080.34373287484,92532.37754492492,71000.98681461654,85145.50598210168,119109.67458601888,103526.61949713463,82938.6735485403,81900.74794301367,72350.40633087234,82286.673162779,82815.87306450286,108985.6754524321,74779.79508397522,4
130165.2720767584,149132.98477327643,90036.29118636742,180793.60494537413,91219.05609596445,69016.21896221864,86584.4889383899,123010.52338010352,105092.87328635136,83302.53759652824,80839.75533720915,71809.0023766759,83291.58524174515,82246.14945008153,111440.65695293629,76406.37623147681,4
130055.23443880492,148757.58722514956,98855.2837199311,182636.57333094758,93291.46513837161,70794.27788189387,85806.64823134521,119947.99911355962,107756.64243181258,81434.26703623141,79756.56744916052,73128.20233442812,84580.94562064954,83410.04948735828,110325.46136682766,78324.9382167981,4
129554.44360428378,147128.45797878003,98243.04708755578,177941.0976697323,91257.88107608331,69912.9038945322,85632.81871471628,120998.5534547035,101909.47078579316,84085.13922514192,82566.69581731509,71559.42279808794,81516.92378722713,82126.634672479,109666.42018156293,73627.78617474869,4
130477.57065028795,150145.80936977977,90365.89001010537,183647.56508440556,92463.08713711347,69560.86391936112,86700.49449211294,122374.83976779459,108680.06005049468,81672.00019025806,79115.74293562687,72778.24107149137,85174.67500861586,83045.42548005885,111826.35865525708,79293.93104242456,4
129464.72370204017,146868.19426634244,103623.98369598195,178965.00873148546,92541.38529794042,70995.48828548053,85131.75965926168,118990.00334620517,103609.9020969751,82896.45110326423,81854.88216339138,72383.57631964402,82334.05886102426,82848.08192826295,108963.05548704333,74854.85224185613,4
130149.33528296177,149059.179313085,90081.03937876695,180538.0127475277,91201.84525273387,69025.65139837879,86582.56668836674,122975.96758317562,105008.83072719941,83307.90201519753,80858.82137522953,71791.81388518977,83238.76806959725,82235.77824065427,111346.779626224,76331.07320440689,4
130089.23144212145,148801.50840300423,98674.3910520543,182700.05228520065,93301.65753384323,70791.66272779259,85847.32840625387,120039.35069314846,107850.13977886914,81419.38077442418,79723.93390225577,73150.30820969441,84642.97171151302,83428.53438002281,110370.83540807193,78411.9088544737,4
129532.6730051843,147058.49701863492,98366.09344078225,177786.4683015905,91268.87813435533,69926.3596446943,85602.66621144608,120871.95317410865,101887.02963436003,84061.71459695275,82560.70554980106,71566.70946678036,81501.7916562309,82124.10892535555,109605.10934652202,73604.76387795972,4
130485.86314748088,150123.97171544694,90255.58415121844,183551.7208041812,92444.57989270448,69547.34111396565,86717.05713475432,122411.60838742356,108660.63638456303,81692.04970503447,79121.86731360761,72771.26732722131,85173.46801441527,83032.70733746378,111818.06615806416,79275.64731546013,4
129511.21533050721,146918.0833599667,103644.83787355875,179144.02385282802,92587.0052083737,71032.25690510952,85163.32032243256,119083.83596942855,103705.00876963243,82873.9652483422,81821.13102926387,72414.80170664808,82397.67192574406,82869.13727153985,108994.68320544758,74929.12708868111,4
130158.25362899943,149055.96066188344,90175.69901653517,180567.5170502087,91201.55468005594,69044.18099453223,86575.90586851905,122982.13666464528,104949.4197904372,83346.3246639162,80895.16531171386,71790.69629796699,83214.6952408189,82229.76562139578,111342.08575988839,76283.46398871708,4
130109.2139016645,148863.24392118977,98512.36325649777,182804.72550448484,93301.09874023184,70780.7550764984,85870.66362746521,120084.56827218155,107918.44670992455,81413.59167261024,79687.27704134907,73160.36649469931,84684.5906596888,83432.02125215784,110400.67498691977,78471.83388135838,4
129545.32409254601,147088.80598411633,98515.44779723261,177887.69935222858,91295.65552421278,69965.67636319117,85601.95095562351,120874.54597646547,101903.68168397924,84073.6951319808,82584.8901373017,71587.4965891238,81517.54963607188,82145.41013782145,109608.1268320235,73621.01359617873,4
130508.41605763628,150184.61199815417,90139.8244666844,183625.21333995025,92428.6654506523,69540.23325922886,86745.8238298683,122499.96483325539,108644.72194251085,81711.42866747722,79126.27060726531,72762.75131258384,85165.55549687809,83026.24768331619,111829.86787913655,79270.81933865778,4
129536.11517383042,146987.6419887116,103599.46383231448,179267.3607787324,92611.6591825079,71047.61255355031,85187.86253784448,119090.72030672077,103797.76850912196,82841.21994271516,81788.78805503703,72447.92699193084,82454.22183921598,82896.18288233077,109016.34204582479,75016.07537461226,4
130169.63066692719,149060.5874729857,90193.8933365218,180546.77463135417,91189.93177293919,69050.01479983507,86583.17018546704,122950.59835321884,104904.71630152658,83368.67640837151,80938.37123374597,71800.50871378288,83210.35900239456,82241.70145293493,111331.96041965013,76260.35228495029,4
130127.47527688448,148876.43145041843,98232.87704382862,182679.98041867977,93297.23188844108,70760.83967218873,85905.62175579331,120036.89200125838,107979.3328618208,81360.7521487179,79620.08769751641,73168.70369538113,84725.71786948656,83439.46438306147,110366.23094871413,78525.14279188428,4
129594.56498558105,147078.63594038915,98577.42918460717,177847.3768052312,91334.90518747631,70019.56641907291,85638.67487176358,120890.52747375102,101934.97412621668,84047.52123922363,82572.55197436237,71627.0591768097,81560.82261333735,82187.56552786416,109558.7071250328,73648.99798023677,4
130518.87667404136,150163.13197173263,89922.96784197901,183481.64808531382,92404.05618000701,69520.98840725284,86759.25722828595,122437.53641099173,108637.9940674298,81707.60651917536,79121.95672058544,72771.9825830439,85191.46116870179,83038.33997706651,111816.65799816347,79279.76003643991,4
129550.80026993755,146965.60316867867,103528.9887820469,179168.11903335084,92642.83986602306,71073.04883874045,85199.23957577224,119029.02949202413,103872.35628036932,82779.32796231842,81725.0408798505,72478.61593706798,82516.225578335,82927.16240014583,108970.81154236932,75083.35412542273,4
130190.82012067082,149029.16092028152,90255.04770935151,180475.47256654175,91198.98422944358,69089.06329739849,86595.53070015082,123012.49033361558,104851.9438328676,83383.47326320091,80963.42753928037,71804.88965569611,83204.27932790272,82252.85497341811,111285.84877083884,76217.77221176293,4
130152.8221550968,148950.72864898786,98116.58091742765,182874.39589195204,93316.32027820591,70767.34402982522,85919.7257065446,120131.90926693789,108070.08094430936,81357.13116611615,79603.61446185285,73200.95726263014,84799.45627444462,83466.1523659411,110434.73904546966,78609.92295860326,4
129539.93732213227,147012.11714889016,98762.59103567494,177727.41499273956,91334.92753922076,70034.31857041342,85578.23575475643,120761.46850126608,101878.75948891157,84033.30552975005,82571.41203539516,71617.49263018282,81520.65652855118,82175.07090271365,109492.56831318955,73591.37518303099,4
130541.29547373003,150195.43024247055,89931.72972580549,183578.6770079943,92401.99981951712,69538.37806443906,86789.54384202289,122625.51458186086,108616.75991019726,81745.11274637136,79141.87212489512,72755.28582993578,85175.16674699387,83023.40901177037,111828.61618144705,79254.88254486115,4
129582.04800868608,147068.53295189535,103651.45398991753,179516.71683987582,92686.33636073308,71110.06332755844,85217.1656748254,119155.13803424097,103979.57759852143,82797.25406137158,81734.60742647736,72516.03275728617,82574.18365170762,82958.45484238325,109060.50909286847,75167.10611189678,4
130177.76670190891,149042.19198729898,90452.65948208088,180580.10108233703,91184.45559554764,69097.26638761359,86570.25087717187,123016.84892378438,104776.28317788639,83434.39053707011,81029.85692380153,71784.81778917526,83140.86742888301,82230.10089756262,111295.23650351007,76141.28454223687,4
130180.96300136604,149052.47378974842,98059.94159697791,183110.85499654475,93323.56224340943,70761.97961115594,85944.80436382347,120243.55623049215,108144.91458474573,81369.8046052223,79604.57558686443,73202.52188474202,84818.20938804263,83461.1008716942,110511.49493592918,78661.64489527284,4
129525.9674818477,147027.56220430878,98996.34557918854,177811.99399375846,91352.69717606273,70053.49636715608,85547.43505089701,120712.27231171993,101883.72157618066,84047.56594271255,82606.28075674543,71619.14665927252,81493.20858636005,82168.29832414369,109499.60911269297,73571.90681361042,4
130501.39760987731,150176.07363177225,89891.63069625267,183470.06988168598,92363.800688243,69495.88739822953,86754.25043752795,122570.93162190099,108575.2750724882,81774.21471765217,79171.30937234276,72722.92050396449,85121.20963587877,82978.12437750392,111841.26726880876,79196.85741625517,4
129529.6778714273,147016.16281463657,103694.5258014829,179341.6356255574,92688.66094215644,71093.81360933943,85169.84703181351,119043.35696021999,104026.69507583322,82754.96456086214,81690.48508292259,72501.39236466795,82557.0398637104,82922.73675474367,109025.59566802927,75167.50844329697,4
130111.69494529904,148923.72774168584,90627.04779232119,180298.4020469668,91152.4702492321,69085.66583224128,86514.79619917825,122936.82967863437,104683.4116796746,83466.06295896327,81070.76061615474,71749.92671608052,83057.69658776482,82177.03785622572,111247.51552909799,76028.0953083152,4
130160.30998948932,149023.68474288998,97985.30912224164,183018.92227160005,93305.65849610073,70739.449052745,85943.21738996713,120294.16057993897,108184.99126255409,81367.8600034547,79573.19373764917,73184.64048917776,84811.30269900593,83416.39738278359,110532.28205827261,78666.65168603083,4
129541.41253726633,147039.6544980591,99262.5772073957,177987.45518773262,91378.22286823069,70096.18819906571,85548.82085905324,120816.96788274859,101913.13647188383,84090.14601589991,82654.47111779108,71642.68304618396,81504.3397550988,82169.10298694408,109566.12790419196,73584.40143876093,4
130498.78245577605,150206.96374260949,89861.90287612712,183578.6323045054,92327.27793780302,69467.38892404901,86752.95403634955,122629.78376505182,108548.00594425273,81824.41673569879,79218.47155314345,72708.16835262398,85092.50999599815,82948.03892946707,111908.1660399635,79173.76806423283,4
129526.3698132479,147052.52910286537,103698.1244323402,179438.41867904886,92696.21583178233,71079.95552777714,85162.40390090989,119012.95858776076,104108.9718471732,82737.44079320917,81669.69796057916,72514.95987355232,82582.52085238944,82923.31790009952,109064.28653768142,75233.8037173514,4
130101.97193646098,148883.9416365554,90729.17291273749,180181.6812374212,91132.35367922232,69081.32959381695,86508.24713805284,122908.64412887623,104608.2874665603,83487.96766852948,81114.07829690914,71726.43503265799,82993.23415675572,82153.25560012527,111201.64974947569,75962.5823453167,4
130126.38004140617,149000.95301877894,97736.64596517634,182823.88094948305,93272.64496954024,70673.84668276866,85931.19215145019,120165.77215978768,108254.7510569991,81344.77065143237,79547.35512105885,73184.10404731084,84830.83812365987,83411.54705423678,110542.80972991107,78722.68750938028,4
129454.46425133519,146825.3012687327,99281.3303209937,177327.60933966748,91350.5067051061,70060.58187014841,85487.66648622352,120491.57118696824,101862.10743929238,84009.50092190516,82599.91050957567,71605.42268817696,81430.06490827381,82129.87567542502,109368.20320704022,73509.63485355793,4
130520.48599964214,150110.35950307365,89706.20062425145,183272.5698676789,92308.1895480382,69456.57067973264,86801.74789449548,122706.29378632233,108543.93792676186,81827.14364852234,79222.96425377898,72695.69607921793,85093.7840454321,82934.78434500509,111858.47811203935,79161.51930827134,4
129550.1744210928,147001.36595980715,103580.46484952747,179320.44617181376,92720.57923323862,71084.04589701246,85190.23182275674,118989.64571829388,104216.19316532531,82676.77815875747,81611.89634941773,72541.67020817641,82644.85986767529,82934.76199326063,109038.58203155782,75314.6276253018,4
130129.37517516318,148824.39658932647,90759.43717472997,180134.89903627624,91135.92995833517,69100.82031498197,86521.14409460356,122923.97742557258,104587.1874197945,83504.06092453729,81149.7069775709,71744.27172473332,83011.80845639807,82160.76578626226,111185.71295567906,75950.28888586628,4
130224.16892339813,149097.11022342567,97537.0672389349,183162.28636053638,93304.9208885337,70698.79122958079,86008.48448377663,120400.53253180177,108362.39705829586,81329.12443031365,79518.58842594486,73219.6880244837,84928.045860296,83429.38374631212,110606.98158824226,78826.53371411965,4
129511.46119969622,146919.89385126758,99395.52538341586,177760.8532024447,91398.63001091838,70105.33006254793,85491.06395138073,120550.11040569669,101934.81766400549,84022.71080287824,82631.02413785746,71666.77822670678,81518.53311282792,82170.73466428932,109456.5820046165,73588.73767718526,4
130506.49380761312,150099.98829364637,89558.81322131315,183226.43586712313,92277.2770854565,69424.7864991172,86772.95884763704,122616.8868085011,108480.39191727542,81812.59266288193,79200.03136396782,72669.67864867195,85061.41871946082,82886.99631535963,111808.32079748165,79102.08601976467,4
129602.00811648466,147086.41434745962,103558.06840158325,179577.42417781643,92763.56163782616,71115.87478111683,85212.69532593434,119080.66202171589,104344.69334419887,82662.45069056161,81586.12478806077,72591.1793221449,82742.87226711182,82960.39944415087,109096.29423574141,75422.47479229866,4
130112.72312554397,148793.43942325586,90843.21151294846,180074.25875356898,91122.63067038426,69100.7085562597,86490.20928027741,122847.10977639077,104519.50633758382,83525.49624746994,81179.59125990764,71738.75084385286,82972.06705475654,82134.56954176063,111147.9832110385,75887.48048394686,4
130219.47505706252,149104.8439270072,97325.15034975414,183068.99017917993,93290.01227498201,70666.5823658207,86018.63217575934,120379.96892690289,108411.70500656427,81300.51419741086,79466.28534391944,73214.97180640361,84940.6969476577,83406.31674603424,110592.07297469056,78865.53750819416,4
129547.69337745827,146929.66156359453,99534.97791707254,177799.14174069665,91438.03613639309,70159.22011842969,85521.21645465094,120626.68748220056,101966.2665684541,84013.50188416266,82630.77826866845,71686.17954089398,81524.56808383085,82182.2458126838,109417.3770448419,73612.31876758562,4
130572.07382584499,150232.78000745535,89480.80563316413,183585.85191796446,92287.31301871694,69440.05274058017,86830.35812739827,122832.46938377255,108532.7173510453,81879.4243788033,79270.34995202422,72707.18487586796,85113.52063578613,82923.56376928852,111939.03379905627,79175.51150030036,4
129632.13826801041,147206.08558727332,103493.00247347385,179855.92691372955,92807.4604639364,71129.82226965693,85235.73997446775,119133.07686246358,104444.2480140028,82621.99403309752,81555.48054641254,72620.32599691463,82785.07236064343,82984.67343862932,109127.34080878983,75516.50858122214,4
130124.72601231647,148860.1370287105,90929.37748782367,180249.2505609096,91138.92509209218,69118.58995182395,86482.65439065151,122880.65974481819,104495.20999136091,83557.99568390795,81240.16448738152,71751.46898644793,82964.1768889638,82154.06026292566,111179.16389455365,75880.68555363244,4
130227.85696123326,149199.28004733086,97135.20522537295,183191.90242193968,93299.13178671978,70646.24227836636,86023.46015256169,120411.44018309597,108477.82146666307,81278.3859704001,79440.96081745157,73220.89501868427,84969.68716021624,83412.26231005935,110635.5694694006,78923.16030539994,4
129526.07924056999,146935.1377409861,99671.0776890609,177764.0047984129,91469.4403373528,70181.52715939608,85491.93566941448,120564.54963261481,101976.41426043681,83992.26772693012,82634.82393441486,71700.10467768964,81517.25906339397,82193.86871980056,109387.4704107607,73611.02236640721,4
130509.28777567003,150175.71600386096,89379.37341682594,183284.4609957291,92245.35879437433,69397.94205402638,86790.86259494575,122731.79712674585,108468.5007892252,81878.01621890262,79269.34412352373,72673.23257604035,85051.65100713384,82890.52789098358,111884.87552224107,79106.86929307811,4
129566.9382294343,147130.89431892565,103430.46229248791,179526.32808999158,92797.11160625359,71109.4821822026,85196.80323562662,118990.83036075001,104506.18469788847,82559.69972130058,81485.58664150079,72615.69918581238,82783.84301469839,82977.3867699369,109062.43134289162,75541.11785186743,4
130059.43656676252,148721.22093692076,91038.9904426325,179831.80938146228,91106.4033039097,69120.15457393583,86443.8070587882,122790.51515942994,104414.92252527745,83563.60597176624,81255.2742666333,71717.56139010923,82891.42196076179,82130.59093124759,111073.97658514699,75787.41172402045,4
130177.83375714229,149122.1441772156,96944.18721725789,182886.80111012474,93265.02302468098,70612.2676267943,86010.83141694443,120360.88053713806,108524.00017070773,81254.96134221094,79394.22331979554,73199.92908238519,84967.09435785942,83396.92901336301,110600.36547188347,78941.39932887547,4
129436.26993134856,146772.5958553071,99768.86657105286,177364.24384882973,91447.82620046452,70172.60881335841,85424.38869767055,120357.88540338105,101978.98471104917,83967.21142139571,82606.52662593445,71683.36322109262,81488.80529270235,82186.33618191912,109292.9448834592,73588.49180799625,4
130501.28585115503,150099.2283343349,89321.66121264234,183127.8199705863,92215.1615876152,69397.69618483736,86809.95098471058,122839.15255536468,108435.91194580936,81905.9335477273,79274.39561777063,72634.45229941039,85018.90570150682,82867.7067598947,111843.39068453202,79067.57492632567,4
129545.59231347947,147088.9177428386,103392.39727168051,179512.6711741294,92801.38078944455,71106.75526937906,85186.67789538836,118957.83918593398,104593.31179777526,82529.01077616344,81439.58675141177,72617.30851141317,82817.70590754818,82982.08063627251,109061.0455347354,75603.74743983119,4
130059.68243595153,148666.99560487218,91199.94535445517,179873.27186742687,91100.43538814013,69146.70844634873,86445.3046256667,122854.26233461648,104357.61265249403,83600.01696348393,81298.88252006561,71701.24461665686,82859.72718712417,82121.24790206527,111053.99412560393,75732.0241012602,4
130228.14753391118,149214.47923356047,96842.5538352196,183278.269562515,93268.84517298284,70615.70979544042,86059.17824020128,120564.3037634258,108605.00289261376,81274.31795290923,79392.61399419475,73211.99902439106,85028.22637894469,83409.24482455789,110707.67619701341,79016.61294896758,4
129480.63814409234,146857.39837377053,99999.26835289817,177827.6178631327,91482.47140437024,70223.43668024978,85441.9124653235,120486.56439621025,102003.16929854981,83980.55541283553,82637.99788212751,71705.91613124801,81516.49910408248,82203.32350770516,109356.06620980099,73608.65308149494,4
130507.94667100272,150166.8423613122,89312.96638404923,183419.21966305014,92186.14902331222,69377.44550436086,86804.27364161893,122885.1524454537,108395.6341023009,81951.57580990503,79319.09910668124,72627.90323828498,85010.41203861381,82849.22186723017,111927.25442972833,79037.95886492239,4
129587.65829654435,147218.49080544602,103454.91510092201,179955.88391493369,92833.8578741381,71126.26834228855,85202.99466884074,119061.59598369552,104687.72556635446,82530.62010176422,81433.84235308676,72651.97606706334,82883.4647397357,83002.4877789602,109166.25519588652,75683.8113884701,4
130009.65923186055,148623.3202962065,91372.70198735023,179791.68800016498,91067.51126855747,69129.58701009596,86385.2901918042,122708.90894042361,104234.20867135629,83616.71371659204,81326.8445523792,71668.20873835191,82770.7895959365,82073.9739625423,111009.89413379361,75616.68909987081,4
130186.95326888005,149188.8641344147,96738.7299822247,183128.1775984976,93235.98810863354,70570.08988500714,86035.93242596775,120488.4419427445,108607.57334322612,81265.37725512711,79356.87355481072,73188.08265782388,85010.34498338045,83369.52577466081,110709.64315052547,79009.1474663195,4
129438.08042264944,146764.50452381428,100211.54286999023,177602.96047961243,91484.81833753805,70231.37154953141,85404.09331370513,120383.45579903791,101970.2675307116,83968.30665687403,82629.0571843454,71693.33209911968,81475.03661811788,82179.898879516,109303.80783126448,73569.15754904241,4
130468.04880714999,150067.19828453046,89320.45421844175,183127.99878454194,92141.80316231289,69343.4708527888,86785.87815593221,122849.52376479194,108304.59544713443,81982.37651376445,79336.5781708453,72584.8314267196,84941.34514824691,82801.90322421829,111899.04652822574,78960.77829131822,4
129589.7817122676,147189.47824114302,103495.41646187502,179918.71296390452,92845.14550508803,71128.48116498961,85213.58939571255,119096.0623736456,104746.53300601638,82515.6220812347,81402.75107654942,72654.27829674224,82908.16341735881,82995.91636609034,109191.51266712102,75738.66256936343,4
130007.04407775929,148577.65568228433,91585.53529805367,179819.27005282286,91055.48603004051,69138.75122532263,86375.72364517734,122748.62799032069,104165.54411238959,83671.38608352972,81393.6092130672,71660.49738651483,82740.81590662192,82066.19555547184,111045.99220108894,75577.32767788503,4
130186.55093747986,149198.3189223193,96625.85367272541,183195.27753535242,93210.9541548436,70530.48259383233,86037.87702773536,120511.73246046693,108631.57911677113,81277.04486573278,79353.54314488688,73180.527768198,85022.45962887522,83355.86885879861,110779.02296531475,79046.2066586264,4
129430.88316093483,146714.4813197233,100418.9000033021,177586.62135441558,91497.6929423443,70248.94002067328,85386.36838035207,120349.74936839931,101944.40656237681,83959.88004921438,82632.78992566942,71686.26894787181,81450.71792015052,82170.26527765577,109273.16358961626,73550.47149067778,4
130438.85742889137,150025.15465321002,89318.7331341187,183067.1126326457,92098.32901934732,69308.06568957158,86762.94526612107,122834.5480960069,108234.88035617833,82029.13636316494,79382.51100570096,72558.50107175125,84907.8398833084,82777.7409884621,111931.38950245256,78915.80658147414,4
129543.64771171186,147129.21793809152,103498.07631946521,179771.01263654383,92839.9151968855,71106.77762112352,85183.12396801997,119006.67774756883,104766.33665160378,82470.56096441281,81344.83770666573,72631.43481390891,82895.28881255255,82972.44703441228,109148.82083521139,75744.83165083309,4
129951.0753096432,148462.81241927296,91787.32684699618,179598.6359833045,91034.74361118599,69137.41012065532,86332.31655744513,122684.2549662894,104062.27905300606,83704.73488625705,81432.94828330855,71624.5557814307,82673.29128662245,82041.07219470409,110999.90290402209,75481.52810114958,4
130206.46634178954,149231.53361457988,96571.80715463248,183324.89530144876,93219.49252122552,70531.0413874437,86075.47266190918,120695.4414481451,108658.91530023997,81293.29458395179,79344.98242676049,73163.31692496741,85035.58010287049,83344.04478598175,110832.7565589853,79067.55257458122,4
129384.8832708458,146688.39683394396,100627.64294477021,177663.7348727864,91506.20895698178,70247.06247413903,85331.29368201419,120258.42014055492,101947.066419967,83973.8722412434,82653.91232417969,71691.3204421187,81450.38264398368,82177.26137367028,109316.16834594827,73550.78441510015,4
130438.05276609097,150011.92242049248,89362.87782941794,183102.964830752,92080.31351331635,69300.1084685455,86770.34369353577,122942.86464963731,108136.80090150845,82061.25581994723,79404.03573561141,72505.57214088108,84840.13644935327,82731.4281739507,111919.56542963571,78827.56189436458,4
129561.95379042075,147209.43834894162,103537.97418331793,180094.68824800113,92866.84904895414,71109.37042348033,85185.89558433242,119079.11975134848,104864.43845801812,82481.78154012938,81348.3022270563,72660.46972995636,82965.76386282014,82997.07865680203,109274.70585998367,75838.23959091182,4
129937.95483564794,148437.3984858273,91991.95706748452,179644.21119024887,91025.89232038168,69141.9698765242,86303.4157518644,122671.26860276087,103954.1860168202,83732.78632554846,81481.49627226547,71599.18655147393,82609.90173934719,82008.5057030327,110977.5958630557,75390.48944598311,4
130200.90075742017,149255.0252980024,96443.32932750336,183382.6298573768,93196.13494826973,70492.61873872504,86069.95178102872,120705.76795408345,108676.99786150431,81298.56959564325,79338.54512435736,73152.67749460667,85048.85703907693,83322.05066943773,110881.19278921996,79090.93249928147,4
129409.98427986912,146700.2656102497,100819.13033951883,177791.34098188175,91535.91442536288,70284.16636993484,85338.22272279534,120314.88064704904,101944.49596935463,83964.8644882279,82665.22230687409,71698.83062825569,81455.03180683039,82172.47810035684,109310.15572668979,73553.7571971127,4
130432.2860160215,150018.44912987342,89321.59415740898,183144.11439229423,92047.2776350114,69269.1513024749,86756.55266720685,122932.24757102104,108083.80491540491,82104.68525942389,79455.26593390298,72496.74320182124,84826.59129221336,82712.71976384161,111975.936529152,78804.13726617543,4
129544.07239485651,147166.90297924317,103458.93841492396,179926.13374306366,92868.3242640882,71089.09739125936,85170.42817716935,118969.55150002855,104885.31498733938,82413.4969608184,81280.86701403464,72642.63303788102,82955.34794990397,82964.22159245273,109210.31048420793,75851.04714048472,4
129927.58362622067,148353.13240923078,92118.490292846,179470.53813583116,91019.07503832282,69152.78812084057,86293.35746685952,122641.4960791464,103872.2668733915,83747.67258735569,81513.48161858102,71583.51797861076,82572.01553249545,81991.16074933538,110931.59597296668,75333.62660808882,4
130202.35362080975,149228.18085291158,96241.76129600541,183263.4503559411,93176.39835791569,70462.39918022146,86088.19080450425,120719.0448902899,108686.11737324207,81274.69793256497,79295.27214709189,73133.96908449758,85055.78607985808,83298.67074473748,110877.28123394027,79113.3736507146,4
129408.28554729052,146655.49506610574,100929.41384666132,177744.75994643688,91555.53925699464,70306.45105915678,85331.36073724757,120273.6863820179,101964.47842889768,83948.50301128662,82663.56827778439,71713.80629704075,81475.50600475146,82183.34104816211,109294.73302301562,73580.22166254779,4
130432.75540265506,149991.6493882715,89240.21145584721,183097.15337719364,92021.95310854353,69254.28739241212,86768.35438827926,122966.5798505044,108032.08297873533,82133.67547198242,79484.23379471706,72486.01436448269,84813.02378332899,82695.57597584439,111979.9821948984,78778.56687051855,4
129562.95961892125,147203.2022122386,103369.06205046918,180047.88369511173,92890.69836028795,71095.42293494022,85194.29984024762,119017.92067502985,104968.10584880185,82379.1423295906,81246.98176944039,72668.69517191591,83014.8929971329,82975.8892030584,109231.67875190721,75940.09649039466,4
129966.58742029518,148393.14203180576,92257.29462591346,179680.4657197554,91037.984614132,69193.51299923814,86321.05127823964,122776.27709821191,103825.17174782416,83781.17785229419,81576.29002050043,71593.8444845491,82569.10980571626,81998.11214186098,110947.95744990796,75317.5780555699,4
130247.86177252076,149370.42735462516,96055.86183737063,183643.18414249233,93184.10970975277,70449.47987192629,86123.39480202137,120851.65779014323,108760.41457181152,81291.97583102892,79309.28669086537,73163.09340752286,85128.69747027129,83317.02152693529,110998.29357842132,79210.35786990618,4
129416.82391367244,146704.6242004185,101028.47677808724,177906.3407071043,91585.60235328703,70325.2935797326,85317.390896963,120238.54943973417,101974.11203075791,83923.02202260758,82667.05514991941,71730.83832631569,81490.45932179205,82192.52761513325,109284.0935926549,73605.59089250457,4
130451.39675753079,150017.37624613955,89168.3505974234,183094.69468530355,92004.47404437949,69243.98323821822,86782.2795250749,123033.41156642576,107957.00346910996,82144.69488199889,79501.10936178081,72457.13591064644,84777.14923347822,82670.74318775455,111949.24854627236,78731.18117227331,4
129616.96143352527,147317.9113647832,103300.59865720257,180311.567224451,92927.19875898348,71109.37042348033,85227.24631157474,119127.13129843847,105085.27369323657,82362.57968694922,81227.49104827536,72702.69217523244,83101.61776561949,83011.92021512035,109308.65815981128,76055.45384352849,4
129953.6234085111,148384.73777589056,92357.94453119571,179632.99061453232,91030.80970416186,69191.61310095944,86284.4167690774,122687.07128609078,103761.20105519309,83797.44992225766,81616.67962273117,71588.45771413538,82540.92425595812,81996.32400230457,110927.34914152017,75270.92996489168,4
130262.16688897216,149411.57691616737,95851.34337560456,183600.00057220468,93175.9960265155,70421.31667391262,86135.39768879386,120870.83558688589,108797.07143271822,81275.59200234318,79278.70950445051,73155.78438708597,85147.62939782493,83311.79121873275,111007.03311050334,79245.15953602309,4
129402.22822454313,146658.8701795185,101116.1179680965,177707.7901611078,91604.71309479632,70338.72697815025,85292.11107398404,120128.04241514712,101974.067327269,83872.01534176056,82636.50031524901,71728.1784687255,81476.19890882957,82189.93481277642,109201.88387654828,73593.25272956524,4
130407.00619304254,149927.16460551796,89063.36445371681,182731.54589313816,91961.22341885847,69202.76662144263,86748.50603920294,122908.64412887623,107888.49537235445,82143.44318430939,79504.64093740475,72424.97175037525,84729.42825906615,82644.30107406391,111898.15245844751,78666.49522381964,4
129620.38125042693,147292.31861738188,103209.06826365809,180155.30617896395,92949.23757901641,71112.96905433763,85238.95862566931,119119.44229834585,105167.05872619853,82301.29120365277,81163.16272773298,72712.61634977059,83132.99961483474,83016.77054366715,109273.45416229418,76111.73553606696,4
129898.10167528412,148239.7867130979,92451.53128523008,179234.03432774954,91006.80393061685,69185.93575786779,86240.853219134,122532.10664178213,103667.30137673633,83781.98251509458,81623.60866351232,71562.61909754504,82473.35493246972,81973.83814738251,110819.41256754549,75179.57838530283,4
130237.13293518222,149330.507139028,95646.3778789494,183312.57949025388,93147.25168314597,70392.12529565398,86142.14791561937,120858.05038905745,108810.32601718021,81244.9254089505,79224.61828286866,73132.69503506363,85143.38256637842,83290.44530277792,110956.87579594563,79246.14301277912,4
129374.13208176281,146573.93355058832,101225.21683278285,177572.89738332003,91613.22910943379,70358.73178943775,85272.48624235229,120078.39919071189,102006.20913579574,83856.9949694866,82623.55865520939,71739.75667235335,81489.8334729473,82203.81524608318,109165.5175883195,73609.56950301761,4
130431.61546368785,149923.85654733857,89063.11858452781,182825.82555125066,91950.47222977546,69221.7879559741,86787.30866757735,123089.02270663057,107849.7597992134,82190.15833022098,79536.64863546475,72411.53835195761,84718.16297986067,82637.57319898286,111916.43618541196,78640.34368280694,4
129659.18387880134,147384.6760254712,103173.9983766077,180520.9583665083,92977.55723924127,71136.32662729343,85272.128614441,119258.06781745766,105279.46564906427,82298.89956699606,81147.2482856808,72746.74746355385,83212.57182509564,83050.32051209456,109365.63275642786,76221.25908389797,4
129939.9664926489,148330.28892639745,92652.5181713722,179679.88457439956,91027.54634947138,69229.40990083336,86255.06892860758,122681.99744009943,103651.3645829397,83848.00956821557,81703.47144645112,71590.02233624725,82493.09152282376,82004.23651984174,110909.3783389781,75188.60849006278,4
130285.3009444834,149478.87801872232,95516.8942233198,183754.09349847955,93145.79881975637,70381.79878971563,86174.22266891274,121006.24245479614,108851.25206127788,81265.35490338266,79232.77666959485,73144.09442473584,85181.1570145079,83296.92730866997,111067.85220716623,79303.98932742946,4
129423.08240211994,146687.2121914878,101394.687759243,177955.22397222806,91654.66924365393,70401.0212899472,85284.64559133597,120153.366941615,102041.07785714601,83854.9386089967,82641.7082717071,71770.51267272385,81520.29890063989,82229.74326965133,109217.82067034491,73652.23898318279,4
130471.42392056274,150022.09246421963,89064.43733745067,183066.48678380094,91937.195293569,69221.11740364044,86801.54672879538,123188.86794911242,107801.36827246765,82234.30302552022,79592.10331345837,72409.23612227871,84701.22035756355,82634.53336173695,111975.75771519635,78612.33694700444,4
129685.84950993652,147494.57955295796,103114.56508810105,180748.49912506333,92990.23067834743,71125.93306612171,85270.25106790675,119260.16888143646,105377.0757171006,82281.50990980983,81131.73617502883,72777.86109183563,83270.14991881252,83074.19217517284,109447.01545798963,76305.63691921675,4
129904.9636608319,148261.13262905274,92786.67334159295,179421.43135326283,91000.14311076918,69219.2845605951,86207.72793385125,122542.83547912068,103539.06941879624,83834.8890942203,81719.98938560359,71553.72310325183,82405.29387060332,81965.00920832268,110811.52240175277,75073.2734886734,4
130330.00443339402,149539.78652236302,95391.63504739226,183816.00783062077,93141.70845052105,70374.13214136746,86208.06321001807,121134.80968890307,108908.04784393881,81281.06817973474,79236.64352138562,73154.08565450736,85220.78665742716,83303.23050060637,111140.49537664598,79350.03392100739,4
129431.19608535721,146694.40945320242,101544.60090930473,177983.47657721955,91674.51759273025,70421.49548786825,85266.83125100509,120110.8986271499,102074.33725289551,83846.91433273726,82655.05226314692,71799.3464230712,81542.06949973936,82246.30591229271,109245.15685381375,73671.77440783673,4
130462.1926501027,149989.57067603717,89047.24884596454,182937.29370084926,91902.68420013001,69197.11163009545,86788.89564143369,123161.64352436585,107731.51907104482,82267.13773812506,79622.41227893977,72397.76967737314,84668.74327286998,82610.23701551402,111980.25041583186,78549.30502764047,4
129685.29071632514,147478.3074829945,103054.48359900518,180660.23208620932,92998.43376856254,71118.82521138492,85273.51442259723,119227.78120372072,105432.37393288303,82239.86860988959,81078.7401889253,72786.44416170647,83298.00019240382,83062.50221282271,109439.97465848622,76341.95850395662,4
129908.9646230894,148215.51271861943,92960.48050647743,179341.34505287948,91008.8826428512,69244.31851438506,86198.76488432466,122533.89478133856,103485.1793629145,83864.77337655704,81767.5538978045,71563.0884841786,82389.42413204005,81962.61757166596,110811.56710524167,75027.89944742912,4
130297.34853474481,149485.82941124792,95211.0776556823,183595.2396506357,93104.78336868089,70324.6006756545,86190.7406080652,121044.32982734799,108902.79518399182,81266.7854150278,79199.18199767852,73138.57354385538,85209.87900613296,83272.69801768042,111131.75584456394,79342.00964474793,4
129407.03384960102,146594.96654212076,101663.57924504034,177752.2477808294,91682.31835154514,70435.08534849709,85244.27834084969,120027.03488195359,102059.47334283273,83810.79391369747,82639.2048763281,71789.75752469987,81520.85769425127,82228.53627545075,109181.1638094382,73654.07182622813,4
130439.19270505819,149913.3288757001,89028.80865678891,182748.26499799074,91860.41705136503,69174.84929261796,86774.45641451555,123148.50069862613,107660.82050333268,82297.02202046181,79659.71734043567,72372.84748230547,84627.99604272796,82585.98537278002,111982.41853504402,78502.20990207314,4
129680.57449824507,147450.56896812547,102981.59456033642,180592.2380795763,92994.54456502732,71104.00600481106,85270.74280628476,119196.2875957832,105487.15805854298,82199.52371114776,81036.45068841585,72784.05252504976,83314.07109666719,83055.21554413027,109450.6811440803,76393.92630981522,4
129862.897677767,148081.22343793197,93078.83299336827,179041.6081597338,90974.14803196765,69231.39920608989,86153.94963669177,122381.36647717554,103388.7092338454,83871.05421674899,81797.99697375263,71539.52974552271,82326.05693650925,81938.5894463765,110749.89864228948,74954.02693200433,4
130336.88877068624,149484.39889960276,95036.7340489309,183591.99864768967,93090.45590048503,70313.06717551556,86244.42949824686,121171.55595678759,108934.37819890717,81261.7339207809,79179.26659336884,73133.03031123047,85231.22492208779,83267.84768913362,111150.46425467305,79380.3875899777,4
129407.43618100122,146563.00354754968,101727.16995801569,177758.28275183236,91695.01414239575,70442.39436893396,85233.12482036649,119947.55207867052,102103.7968520876,83792.28666928849,82630.755916924,71816.28904536832,81554.00533127849,82256.9676943979,109186.46117287411,73701.59163494011,4
130456.71647271115,149873.2745496362,88962.08869958982,182658.85802016951,91839.92050169951,69170.31188849352,86794.2377083585,123199.17210330631,107585.53982800721,82305.426276377,79670.11090160739,72350.74160703918,84587.1147021192,82568.3945498937,111931.41185419701,78446.10702349032,4
129698.09826589804,147476.9216748383,102856.91652976473,180678.49346142932,93007.5532803003,71105.05653680045,85281.96338200133,119199.08156384011,105596.56984765171,82168.5441933327,80994.78703675116,72820.41881327853,83384.52379519031,83089.52547186917,109492.32244400054,76494.91149126428,4
129874.07354999466,148059.85517023268,93236.39044003373,179087.8762707563,90980.20535471504,69267.11729372946,86143.48902028668,122415.45288746989,103332.94163142939,83883.81706283297,81826.18252351077,71540.66968448993,82296.53028208378,81946.16668774685,110714.20290639436,74908.07174540422,4
130300.70129641311,149473.7371174976,94864.8938375585,183542.578940699,93054.89427505663,70271.47057908423,86207.77263734015,121108.07700253451,108940.23435595445,81251.8768014761,79154.76908144583,73121.87679074726,85225.23465457377,83250.14510752501,111165.17170252463,79387.02605808093,4
129387.40901796926,146513.40502660334,101916.26571610758,177704.72797211743,91716.65063102849,70478.51478797373,85201.6088606845,119928.01665401658,102089.49173563621,83751.9194188022,82601.51983517646,71815.39497559011,81524.1881041751,82241.90261863502,109126.62555296726,73674.41191368246,4
130429.0897165644,149839.70222946434,89031.82614229037,182641.42365949438,91806.01290536081,69157.92902206529,86762.4311759986,123217.09820235947,107515.19888820636,82356.65647466856,79722.12341095488,72335.2741998761,84546.52393418836,82548.61325605074,111964.55949122424,78388.30541232889,4
129683.77079770218,147471.44549744672,102885.19148650068,180731.1094678771,93015.28698388183,71098.75334486406,85266.98771321628,119210.50330525677,105635.43953125949,82142.32559708663,80955.22444906527,72812.52864748581,83383.07093180071,83071.26409664919,109503.14068831691,76515.98918628565,4
129815.84725568858,147956.94773876044,93484.40539650981,178944.7356992645,90955.88665674767,69262.15520646039,86084.88274632487,122319.13922061196,103228.08959818954,83911.62263293537,81871.53421301059,71509.53370446368,82212.62183339856,81910.1803791738,110681.47995251179,74803.57734007566,4
130318.40387802171,149505.8789260243,94841.55861634716,183686.1665470799,93048.6134348647,70267.67078252682,86235.08646906454,121275.0221818712,108950.40439968162,81282.99042975789,79166.41434030705,73103.41424982718,85214.59522421303,83229.67090960394,111227.80129048841,79386.62372668073,4
129369.61702938283,146520.26701215113,102136.27393678117,177870.64497120917,91736.36486963807,70493.84808467008,85170.13760449144,119906.89425550631,102111.88818358042,83773.4217969682,82632.47700124705,71823.82158324977,81518.46605759455,82252.43029027346,109181.27556816049,73683.86670158705,4
130402.42408542921,149820.72559842176,89114.84052119739,182683.15436639244,91778.05087304722,69138.61711485591,86736.61491115272,123239.5840572815,107421.43332021634,82410.83710322823,79777.10870231494,72297.05271685752,84470.70681699597,82513.52101725592,111990.35340432567,78300.977146742,4
129681.08858836754,147528.30833534102,102911.90182112477,180958.15848805412,93033.34719340173,71099.31213847543,85258.13642241198,119272.21647169787,105700.41605239107,82144.35960583205,80949.77062341817,72821.87167666813,83400.92997562051,83072.8063670166,109581.72942182177,76561.05030310754,4
129807.66651721795,147970.2246749669,93750.97230088382,179126.45538168616,90966.14610745265,69287.12210501697,86057.97124600068,122363.06039846664,103156.67577465484,83956.88491545737,81937.5389143871,71503.94576834986,82161.36928336255,81899.831521491,110718.42738609642,74737.21501078786,4
130320.9072734007,149557.35499350488,94787.80267093214,183847.72495600284,93036.69995507001,70240.66987522482,86232.35955624099,121335.03661573371,108940.07789374328,81296.42382817552,79167.66603799655,73087.29864207491,85191.39411346843,83202.2900226462,111294.47654419858,79376.27486899792,4
129352.6297035968,146521.85398600745,102314.23852613432,177964.67876013267,91747.13841046553,70496.01620388225,85132.36315636196,119838.74378666209,102121.83470986303,83768.34795097685,82646.06686187588,71836.47267061146,81508.72069701203,82245.54595298124,109216.59132439988,73685.90071033248,4
130382.39692239725,149780.93949329134,89149.41866986974,182573.36259762797,91737.37069813856,69108.84459124143,86721.4157249231,123210.95147263426,107319.35290328895,82431.7583360384,79802.41087703835,72261.22287049567,84397.19192948246,82466.04591203285,111975.9812326409,78215.21350326699,4
129682.69791396832,147526.63195450688,102827.81455848391,180900.91567050407,93029.30152765532,71074.41229515223,85270.89926849595,119242.19807889439,105754.68608792855,82105.04288733518,80901.55791062808,72819.63650222261,83416.82206592824,83057.85304997601,109590.5136573927,76612.97340547723,4
129780.64325817148,147870.08885980712,93863.28981677174,178859.08381451177,90942.49796181894,69277.08617175653,86040.51453358108,122231.63214106944,103077.2823783496,83958.24837186914,81966.46207171227,71482.89042507297,82110.8319891491,81881.77131197111,110654.99313533225,74680.41922812692,4
130314.82759890886,149514.70786508417,94536.05497313202,183627.0461829956,92995.52804178334,70192.6136246459,86258.82402167608,121301.15137113947,108950.33734444826,81279.92824076752,79144.44257550748,73071.38420002273,85198.0549333161,83190.64476378498,111274.5611398889,79400.1912355651,4
129381.46345394415,146484.079537878,102335.31622115568,177873.72951194402,91770.09365202114,70521.18426813892,85170.0034940247,119839.95078086267,102154.95999514581,83722.32570914338,82616.69666966161,71846.35214166071,81536.07923222533,82264.45552879042,109154.09584690284,73725.50800150729,4
130401.55236739546,149745.0425916961,89021.87961600776,182487.48719543067,91707.95580243538,69087.96806192018,86742.04638505535,123189.20322527924,107276.66107137932,82452.25488570391,79840.05121470109,72264.77679786406,84407.00434529834,82474.74074062596,111975.51184600734,78204.81994209527,4
129705.25082412372,147504.95076238524,102583.48763984295,180787.86054704912,93032.8107515348,71051.07707394089,85293.92156528492,119166.42566519091,105828.26803067542,82032.37736611097,80829.54058999308,72839.35074083219,83479.51870912538,83068.850108248,109548.1571016499,76683.56021446708,4
129823.17862786993,147819.17158593793,93899.7678637228,178795.47074979197,90960.40170912763,69306.70223315981,86064.94499027074,122242.74095806373,103044.73823842267,83943.78679320656,81976.07332182805,71507.54439920717,82132.17790510392,81895.16000689984,110591.08949793453,74662.11314941802,4
130355.55247730644,149530.0411617805,94244.92350160165,183651.7895641076,92988.77781495784,70166.32797316647,86292.57515580358,121316.70818528035,108996.11371709272,81256.4812608339,79110.62438614659,73100.44146781463,85267.30063763865,83199.45135110038,111294.14126803176,79455.1541751807,4
129410.47601824714,146461.10194457794,102317.18895640242,177854.19408729006,91807.0187338613,70548.11812020757,85185.09092153203,119787.80416104844,102198.41178636692,83659.6961211796,82569.86976502775,71883.63485141216,81587.06356132789,82276.43606381847,109090.25926473847,73757.18042340045,4
130384.94502126516,149668.4208117033,88884.97518121901,182266.02611136748,91683.70415970137,69069.81844542247,86733.68683262907,123090.85554967589,107218.6582945178,82446.64459784563,79833.56920880904,72262.89925132981,84397.66131611602,82458.58042938476,111910.04358649775,78153.88031648163,4
129729.8153912801,147501.48624199466,102410.73100694788,180755.13759316655,93060.99630129294,71069.31609741642,85331.02546108073,119211.10680235706,105912.77997646094,81968.36196999098,80750.19189717673,72858.01444745237,83531.28534928386,83073.34280888354,109498.82680163704,76741.92061923989,4
129782.09612156107,147728.7140761273,93964.00677728734,178606.665564378,90958.16653468211,69319.5097827327,86034.4125073448,122126.33307294048,102991.83165929695,83933.97437739068,81987.83033941155,71506.56092245113,82101.84658787807,81890.13086439739,110514.9818080642,74608.24544528073,4
130372.9197827482,149537.08196128393,94043.4001735926,183629.1472469744,92990.52125102536,70173.88286279236,86337.39040343648,121444.00136995333,109005.16617359713,81235.71649023492,79071.4641298609,73081.17426409415,85264.14904167045,83183.5369090482,111256.54563385792,79454.66243680268,4
129418.12031485085,146505.9842474442,102386.88169561407,178057.773775789,91848.61533029263,70588.57477767167,85186.18615701034,119831.56887669193,102282.38729028551,83658.77969965694,82579.81629131034,71919.01766288491,81642.89821897725,82321.34071842919,109129.41952102417,73829.48831671338,4
130417.82443735891,149740.08050442702,88898.65444882566,182510.21891954172,91691.393159794,69099.18863763675,86758.81019339684,123281.0465432461,107167.0928200594,82486.98949658746,79880.08318902054,72244.83904180993,84368.89462100204,82458.42396717358,111925.8686215721,78111.34494678318,4
129756.70453985984,147668.856104476,102327.47075885186,181235.85656116685,93089.45007198454,71075.99926900855,85335.18288554942,119323.15609731151,106044.65526874724,81976.16272880587,80752.80705127801,72895.63243337064,83612.84686480128,83121.08613504007,109635.5300707257,76862.75414976527,4
129785.7841593962,147797.9374287054,94163.56315178433,178854.59111387626,90973.23161044499,69352.83623371557,86006.71869596466,122175.99864912019,102934.52178651355,83951.72166248818,82032.69029053334,71494.53568393418,82056.09256697806,81890.37673358641,110505.54937190407,74554.06481672106,4
130323.79064843545,149576.6445489698,93887.27323857228,183645.57577914905,92945.437782459,70113.22022834065,86278.42650156337,121349.38643567401,109004.8756009192,81245.43949907298,79078.48257761987,73062.19763305159,85246.53586703967,83166.90721117344,111301.89732335774,79456.91996299267,4
129394.24865177259,146485.6218082454,102525.84249089271,177968.6573706457,91861.95932173244,70604.57862670167,85149.95397924828,119795.80608556344,102274.02773785923,83608.60003335477,82545.37225310472,71898.49876147494,81596.31718353239,82299.12308444061,109047.3886188732,73805.169618746,4
130376.54076534997,149698.9309428848,88938.52996093393,182365.0443393045,91651.00355756326,69071.33836404543,86717.30300394334,123252.70453127677,107084.1231446413,82522.01468014893,79930.08404136707,72214.82064900645,84300.36417250207,82426.01393771339,111914.42452841098,78042.85920177212,4
129756.57042939312,147696.4605088783,102282.29788330769,181261.0916806569,93101.45295875704,71069.33844916087,85337.1945425504,119371.79349324627,106104.8485165654,81952.80515585007,80725.42616432026,72894.73836359243,83622.8380945728,83111.363126202,109645.74481794177,76910.58688289963,4
129742.44412689736,147748.2271490368,94345.30518595043,178748.91206609155,90961.20637192803,69347.31535283511,85955.17557325073,122080.75786599611,102874.99909102907,83980.98009598018,82086.379180715,71489.73005887629,82011.47848504526,81879.67024799231,110491.89245604188,74506.18738009779,4
130335.90529393022,149613.2120028987,93783.51644081074,183690.48043375975,92935.37949745411,70098.31161478897,86300.59943206304,121456.54069859275,109013.32456032331,81262.20330741446,79081.94709801044,73050.3959119792,85244.1218786385,83151.30569354365,111329.0770446154,79465.8606607748,4
129355.24485769807,146470.6237877159,102629.1299020207,177953.7934605829,91870.02830148081,70600.24238827734,85108.37973456141,119677.74417135051,102308.51647955376,83600.0840187173,82537.90677045666,71915.93312215008,81610.75641045051,82310.29895666825,109061.47021788005,73832.14817430355,4
130327.09870661482,149616.14008142235,88943.67086215864,182094.54352790638,91608.19996693135,69041.31997124196,86686.63641055065,123163.90105055584,106977.9523584786,82539.00200593496,79941.99752116174,72173.31345955294,84221.95425295286,82385.4902250159,111842.54131824271,77945.85263083609,4
129723.9145307439,147648.2030925993,102170.65091975343,181072.487660943,93092.84753714174,71043.3210186149,85327.89621685699,119300.1114487781,106163.6112527384,81913.62254781992,80667.19987001418,72896.57120663777,83638.86429534726,83105.30580345463,109625.18121304289,76956.67617996648,4
129723.71336504382,147646.5490635096,94520.43110375776,178546.65113051547,90962.01103472842,69369.60004205705,85949.11825050334,122069.62669725736,102802.8700116718,83977.38146512287,82093.35292498505,71474.64263136896,81954.92857157333,81865.2757245631,110410.59916145793,74440.7191205882,4
130341.15795387722,149617.05650294502,93642.61104376448,183728.94778596735,92916.55932862274,70073.72469588813,86321.34185091757,121532.84955416317,109036.97270595703,81274.72028430943,79079.51075786482,73052.742845147,85258.80697474563,83150.0763475986,111382.63182433031,79500.05882979141,4
129351.48976462959,146441.18654026825,102733.02081024896,177980.3696847403,91890.74836859088,70612.80406866122,85100.64603097989,119651.14559544869,102328.81186351918,83561.9295909321,82513.14103760017,71927.82425020031,81610.75641045051,82313.94229101448,109038.80554900237,73854.56697399223,4
130335.65942474121,149602.9078487048,88991.34713308181,182170.42770033213,91590.49738532274,69036.93902932871,86697.45465486702,123233.4373275563,106911.56767744634,82578.49753838748,79991.99837350826,72168.06079960594,84199.24488058625,82379.67877145753,111877.23122563736,77910.40276412998,4
129735.20216169384,147684.30115989462,102101.71813985326,181237.44353502317,93096.13324357668,71027.764204474,85339.47442048484,119325.99476885734,106223.33511392298,81884.52057653911,80630.20773294065,72909.3117009773,83678.73980745552,83109.53028315667,109676.94785320137,77018.61286385213,4
129684.95544015832,147577.19160046478,94706.28585890363,178485.27324024122,90942.07327867429,69358.33476285158,85902.35840110283,121945.88743995278,102721.93434499913,83987.70797106123,82123.32661429961,71468.29473594365,81913.331975142,81851.819974401,110390.52729493706,74378.49186402463,4
130347.93053244718,149600.42680507028,93548.42079262983,183699.89051817544,92890.72071203242,70041.89581178378,86340.69846161586,121592.84163628121,108998.14772583816,81272.12748195262,79061.24938264482,73028.33474020181,85230.57672149858,83113.77711460319,111375.81454227144,79472.47677713356,4
129349.20988669514,146434.0116302981,102876.1837334852,178081.04194176698,91907.35571472117,70617.22971406337,85090.31952504153,119631.76663300594,102367.56978840468,83559.53795427537,82518.19253184707,71953.50640457946,81640.32776836488,82329.3873464331,109083.12905825724,73893.72723027793,4
130312.59242446334,149543.2957462425,89053.6190931343,182080.7748533219,91554.3546145385,69008.68642433721,86679.48385232495,123217.6346442264,106799.71954819198,82608.27006200196,80033.25969377276,72131.71686312162,84129.99917626372,82340.63027389412,111851.16909160247,77819.69938513034,4
129772.03783655619,147738.30297449863,102057.57344455403,181438.31866244302,93118.90967117663,71028.41240506321,85378.23234537034,119464.50852924687,106291.01619613364,81872.20476534424,80605.66551752872,72917.64890165912,83717.87771199677,83111.49723666874,109732.78251085074,77085.48928326242,4
129736.23034193879,147647.68900247684,94961.85570500561,178848.89141904016,90978.64073260316,69408.62618787601,85928.35347990436,122118.66642459232,102691.04423416189,84037.97704434121,82195.74626633481,71482.91277681742,81918.51757985563,81870.46132927673,110463.34927837245,74378.71538146918,4
130355.23955288406,149700.49556499667,93419.4959306116,183981.67896052348,92874.94038044696,70002.40027933124,86338.30682495915,121625.51988667487,109010.3294265663,81312.11475278315,79096.2745662063,73029.31821695784,85258.82932649009,83118.873312339,111502.57128507749,79518.29785326694,4
129361.01160776755,146475.00472962915,103001.37585417936,178212.35844044192,91943.61024422769,70640.09554864115,85089.29134479658,119633.24184814,102374.54353267474,83529.47485798298,82493.11387456821,71951.5841545563,81637.73496600807,82326.34750918717,109067.32637492733,73910.66985257505,4
130346.79059347995,149602.7737382381,89131.40316383877,182259.74527117555,91554.91340814989,69023.68444486671,86700.29332641284,123344.54784924364,106728.28337291282,82663.68003650666,80091.97772645685,72119.60221762685,84107.69213529731,82332.82951507921,111908.83659229716,77788.58575684855,4
129795.06013334515,147833.76727506725,101980.92931281678,181627.74969670174,93138.06511617484,71025.48432653956,85389.81054899818,119501.34420410922,106355.14335097592,81854.43512850227,80578.44109278216,72926.00845408541,83757.70852061613,83117.75572511622,109801.98351168436,77163.4074644336,4
129730.48594361376,147648.91834842187,95160.51800972439,178850.0537097518,90986.19562222906,69426.06054855115,85904.05713368143,122077.20393862772,102629.21930899851,84057.93715213981,82233.52071446428,71476.16254999192,81887.20278587376,81868.76259669813,110456.2190718912,74336.91761933775,4
130373.74679729305,149758.07365871355,93303.75859782203,184026.5836151342,92860.14352561755,69984.87651167829,86356.16586877893,121710.27770164941,109004.71913870802,81326.91160761256,79099.24734821885,73012.66616733864,85259.63398929048,83104.54584414314,111551.29808799006,79522.32116726889,4
129346.48297387159,146480.65972097634,103094.69438728028,178181.13305343784,91957.60243625671,70649.17035689001,85058.53534442608,119561.20217576054,102402.70673068843,83497.958898301,82472.72908362497,71955.07102669132,81648.37439636879,82331.35429994516,109066.02997374893,73930.00411152889,4
130303.83054063685,149546.96143233316,89150.0892222034,182038.8653324682,91511.88630007343,68997.51055210955,86657.22151484746,123261.6452290589,106638.54111892475,82690.07744670838,80126.7123373404,72085.33699337686,84056.52899223912,82309.51664561233,111894.37501363458,77708.74532565419,4
129753.12826074699,147784.0793471431,101837.81109306945,181353.38203351284,93123.11179913423,70993.6554424352,85365.26833358627,119404.11411572863,106394.81769738409,81800.2544999426,80508.14485647022,72903.50024741891,83756.45682292663,83097.25917545072,109762.82325539867,77177.69022914056,4
129667.14109982744,147511.5221752551,95313.51570052096,178472.95742904634,90967.8224882868,69429.72623464183,85857.54315346995,121951.31891385543,102555.9055871851,84045.8895618784,82235.93470286544,71447.06057871111,81828.17182876728,81844.98034059767,110366.94620453671,74256.13841487627,4
130365.7225210336,149727.00473392068,93168.46348863405,183910.64511664453,92834.77429566077,69966.6151364583,86378.07057834514,121800.62345273775,109000.87463866171,81332.9018751266,79084.98693525635,72987.0287164484,85253.30844560963,83084.60808808901,111564.61972768542,79519.21427478961,4
129322.05251718195,146449.47903746116,103169.41626899438,178165.26331487458,91965.76082298289,70654.15479590354,85042.39738492935,119508.02737570136,102449.9806702114,83472.56731659977,82457.55224913982,71965.44223611859,81670.6814373352,82343.64775939558,109079.03868902191,73972.02539110486,4
130268.29126695292,149460.79545745798,89166.31658867796,181843.39932720654,91470.66968329783,68976.030525688,86643.00580537389,123218.50636226016,106530.71630367235,82700.96274625811,80146.3148172277,72041.63933296673,83983.41643612582,82271.47397654939,111841.51313799777,77621.84174321196,4
129733.54813260415,147761.86171315453,101708.14862348422,181314.17707373825,93106.23623207049,70958.60790712928,85357.93696140492,119360.10353089614,106461.20237841635,81770.21375539467,80473.7455217535,72907.54591316532,83792.04080009948,83100.05314350763,109793.53455228027,77241.97384619401,4
129614.14511372389,147368.1804380632,95431.13057984479,178158.42368107126,90941.15685715161,69415.17524900142,85814.15841748219,121799.50586551499,102458.92136799352,84017.25697723115,82234.79476389823,71408.23559859223,81753.60640926438,81810.9162820478,110255.522758427,74166.3067539104,4
130343.10255564483,149640.1682067118,92988.35313181319,183663.01013982418,92795.36817018606,69925.06324351588,86380.28340104621,121775.00835359197,108977.04767907235,81315.40045921809,79054.07447267466,72950.97535264198,85229.92852090938,83051.88513420643,111528.99104702366,79499.2094635021,4
129310.04963040944,146378.9592837047,103227.88843248946,178071.47539514012,91979.68595977855,70668.5269675883,85037.85998080492,119473.6503927291,102493.23129573242,83442.54892379629,82435.1110977067,71974.65115483418,81692.27322247902,82351.82849786621,109054.16119744316,74004.88245545416,4
130266.59253437431,149408.022988799,89176.08430100493,181813.98443150337,91443.71347948474,68971.94015645268,86649.7560321994,123275.27979317664,106461.71646853883,82732.83633385139,80177.2719832983,72021.32159725686,83950.55937177652,82255.24661007484,111833.17593731594,77569.04692280853,4
129785.96297335184,147841.59038562662,101612.25963977094,181615.63505120698,93132.96891843903,70979.64089866173,85411.82701728666,119537.15169872662,106551.19050159342,81752.39941506379,80434.69702419007,72925.80728838532,83853.68691130722,83112.39130644695,109853.50428265386,77327.4022135022,4
129635.53573316762,147428.53014809254,95614.7725122896,178507.06619108515,90956.55720908132,69449.57458371813,85813.28669944844,121853.77590105248,102452.03703070129,84060.10527135197,82294.13864542707,71437.49403208423,81778.19332816522,81838.65479691682,110330.28934363001,74183.18232097416,4
130346.23179986858,149703.55775398706,92840.25047305232,183841.55587453317,92770.8036030297,69898.53172284743,86386.81011042716,121796.6001387358,108965.40242021113,81324.47526746694,79047.43600457144,72937.34078852425,85223.98295688427,83032.28265431913,111567.65956493135,79499.43298094666,4
129301.64537449426,146399.94757174823,103297.84939263457,178158.803660727,92000.49543386644,70681.5356828613,85025.67828007678,119419.1344880026,102520.0980925677,83406.49555998988,82403.68454500253,71980.82023630384,81697.8835103373,82350.06271005425,109030.84832797627,74028.39649062115,4
130232.97551071353,149366.06876445637,89212.51764446708,181689.1946422094,91414.85737739294,68958.28324059049,86627.80661914428,123210.97382437871,106364.62049062498,82755.16572656223,80205.50223654536,71995.50533241098,83890.16495825828,82221.7636968808,111797.1896287429,77491.46401780416,4
129764.63940914148,147841.94801353788,101492.29782727931,181550.77028879768,93128.34210733678,70956.64095361721,85407.98251724035,119487.24025335793,106602.7559760518,81723.54331297199,80390.21705272401,72928.04246283084,83872.1941557162,83100.45547490782,109863.182588003,77373.64797278024,4
129598.43183737181,147331.94826030114,95784.04227304964,178265.10855735643,90954.63495905817,69463.2985548137,85788.9009462477,121770.56035644536,102368.2626924828,84046.22483804522,82294.33981112717,71413.24238935023,81705.79602787447,81806.3565261789,110238.42367391869,74104.30301479138,4
130332.10549737282,149700.00382661866,92702.67548592991,183806.6871531829,92741.76868698225,69863.79711196388,86390.96753489584,121827.1996768951,108970.85624585823,81351.61028523569,79055.48263257535,72934.30095127833,85228.74387845324,83023.63252921493,111623.56127781408,79520.48832422357,4
129258.81943211787,146336.20039656168,103347.06793392515,178008.15290309823,92002.95412575653,70672.23735716789,84989.91548894829,119293.45062893041,102531.38572351763,83355.46652739841,82355.38242523461,71976.8863292797,81681.99142002958,82335.71289011394,108979.72988840699,74031.83865926728,4
130157.0242830544,149217.13909115066,89215.49042647964,181287.10911120285,91360.40852789981,68914.92085634719,86576.1293859636,123053.90811609128,106239.38366644189,82761.20069756517,80214.46528607194,71946.1303289092,83798.81337866944,82172.70161780139,111707.78265092167,77378.69946702712,4
129711.28579512666,147743.3321170011,101328.14661599955,181245.73603221608,93105.54332799236,70917.12306942024,85389.31881062017,119387.86439750963,106643.3690957271,81670.45791989064,80319.33967105624,72906.69654687602,83871.36714117136,83078.23784091925,109809.13606991006,77390.76940903299,4
129519.3737172334,147150.04976392386,95927.87574861954,177861.95014261606,90931.03151691337,69460.95162164589,85735.36851827723,121611.25947371239,102284.2424850753,84022.04025054458,82289.84711049165,71380.09475232301,81639.9254369647,81779.24386015462,110115.10909975876,74011.00683343492,4
130266.07844425183,149559.12078131686,92535.52914089312,183447.11464013037,92688.86210785653,69818.735995142,86369.10752881855,121765.59826917629,108918.463756855,81331.18079080353,79027.2076758394,72886.8034943108,85181.02290404117,82979.57724089352,111551.38749496789,79457.12112869277,4
129261.38988273025,146302.538669412,103447.02493512929,178094.00595355107,92034.04540229385,70714.3927472106,85006.94751822323,119401.16368546053,102593.30005565884,83334.43353586597,82341.6361023946,71991.5937771313,81715.09435356788,82354.75657638986,108979.50637096244,74070.66363938614,4
130132.39266066464,149196.35196880723,89276.93537198727,181428.64035709386,91334.92753922076,68914.02678656898,86558.11387993263,123101.76320097009,106181.35853783591,82810.28512838902,80274.07738853424,71934.37331132572,83770.78429112247,82170.68996080042,111750.00509619774,77330.10677458129,4
129677.24408832123,147750.1717508044,101209.12357677503,181361.09338534993,93094.45686274253,70891.41856329663,85367.32469407615,119364.93150769848,106690.24070384988,81638.33846310836,80270.92579256603,72895.63243337064,83878.16207148577,83067.1066721805,109822.99415147236,77419.4243454247,4
129495.83733032196,147112.2753157944,96123.72173353694,177949.97131228106,90931.90323494712,69486.29849985821,85712.50268369945,121633.3653489787,102226.57498438061,84024.94597732378,82303.88400600958,71360.55932766906,81590.12575031827,81765.31872335896,110076.03825045089,73949.49483269392,4
130272.78396758843,149613.43552034325,92445.02692759359,183696.20248034032,92670.53367740317,69802.10629726724,86384.10554934807,121888.71167763612,108920.49776560042,81363.81433770827,79035.70133873241,72872.6995435595,85177.71484586177,82968.89310704388,111626.01996970415,79462.79847178441,4
129253.18679251515,146339.0390681075,103537.48244493992,178318.12689520442,92053.5808269478,70722.37231998114,84990.22841337067,119391.44067662249,102635.43309395708,83314.24991062284,82318.83732305019,71999.21572199056,81726.35963277337,82361.30563751527,109006.55198175335,74103.3418897798,4
130144.75317534844,149224.85044298775,89366.72232946425,181604.32506851258,91325.83037922745,68920.19586803865,86571.14494695008,123223.55785650706,106090.5881036029,82841.48816364862,80308.90140639561,71902.63383419918,83712.28977588293,82146.37126283304,111747.16642465192,77259.22939291352,4
129703.37327758949,147879.83422038963,101108.89835463744,181760.6084657441,93107.48792975998,70875.63823171119,85388.89412747552,119474.96914565196,106785.36972825167,81637.28793111896,80259.30288544929,72915.03374755786,83940.27756932707,83090.15132071392,109943.33594361974,77521.88474200782,4
129489.48943489665,147142.36076383124,96302.53568917939,178107.17113103523,90940.73217400696,69493.20518889489,85689.14511074366,121605.11274398718,102173.95897793281,84022.95667206724,82326.95100628746,71353.18325199882,81553.4465376671,81761.96596169067,110062.96247994453,73913.75439330988,4
130302.3553255028,149701.45669000826,92324.30515579047,183889.76858732328,92658.30727318613,69782.41441040211,86411.75465723929,122006.21479823766,108905.36563460418,81373.26912561287,79039.92581843447,72857.36624686317,85172.46218591479,82956.75610980464,111664.93435680085,79463.58078284035,4
129268.74360665603,146414.31974343298,103602.32485560476,178533.70947047585,92080.44762378307,70733.86111663117,84992.53064304955,119405.76814481833,102689.25609460546,83281.88458465155,82297.78197977328,72023.4003094912,81762.21183087968,82379.03057086833,109040.99601995898,74155.80143401641,4
130133.80082056533,149234.8640245037,89409.32475439606,181627.86145542402,91296.303724802,68902.71680387459,86555.99046420938,123196.26637652713,106004.31037000542,82869.24903026212,80347.23464813647,71889.82628462628,83674.96236264257,82129.04866088017,111754.31898287762,77194.49874097094,4
129767.14280452047,147983.21103849544,101000.38063530692,181979.36498872816,93131.20313062705,70889.16103710665,85448.50622993782,119628.99501669349,106845.02653420289,81603.82736966936,80210.39726858107,72924.08620406226,83979.5719360795,83088.49729162423,109970.94034802204,77572.06440830999,4
129497.84898732294,147174.6366828247,96452.96292936361,178232.3185482405,90951.7739357679,69511.42186062597,85680.09265423926,121560.38690333211,102161.68787022686,84040.36868099794,82374.47081499944,71383.26870003567,81573.8536803548,81783.44598811222,110106.05664325437,73909.46285837446,4
130307.56328196089,149720.29921058408,92145.82647631485,183825.06028712515,92629.7640955167,69748.4621105745,86434.53108483924,122005.052507526,108874.85550342269,81366.69771274301,79022.49145775932,72838.65783675406,85162.22508695425,82930.35869960293,111645.13071121344,79435.70815750459,4
129274.89033638124,146414.6103161109,103607.3539981072,178469.7834813337,92102.64290602719,70743.8970498916,85001.33723036495,119349.73232146888,102739.92749928565,83231.68256660493,82261.8180229447,72039.06888235438,81797.08055222995,82389.2453180844,109009.90474342165,74192.011260034,4
130142.54035264735,149220.42479758558,89426.110914482,181519.85782621597,91289.26292529856,68910.24934175603,86574.90004001858,123233.01264441165,105936.76339826148,82888.53858572704,80384.96439277702,71877.80104610934,83646.93327509562,82122.90193115496,111713.52704924668,77135.71365305349,4
129765.95816206434,148025.9028704051,100829.16627277927,181993.82656739076,93134.17591263962,70866.71988567352,85461.42553823299,119620.27783635592,106937.16042484767,81582.68261941464,80184.35748629064,72945.70034095054,84040.74866065367,83108.1668267449,110012.38048224217,77652.48598486019,4
129462.42147236127,147107.35793201422,96593.44364326521,178025.94489168466,90956.17722942558,69522.55302936472,85650.1636684136,121466.17430045299,102098.0971572515,84022.15200926687,82388.48535877292,71365.4990631937,81525.79742977589,81771.554860062,110017.02964508887,73847.07913959971,4
130289.21249976307,149714.0407221366,92005.72574206899,183714.17328288237,92603.43374054835,69720.09774686072,86435.0004714728,122030.77936539405,108857.71171542547,81373.11266340168,79012.7013936879,72818.09423185518,85146.1988861798,82916.76883897411,111648.39406590392,79423.5935120098,4
129263.44624322013,146414.23033645516,103663.03219354537,178472.06335926813,92127.58745283932,70761.93490766703,84993.24589887213,119336.25421956232,102788.27432254248,83201.75358077927,82243.7131099359,72048.07663536986,81814.29139546055,82401.53877753482,109007.20018234255,74232.04323435346,4
130121.32854715927,149179.43169825457,89476.6705604399,181422.96301400222,91264.65365465327,68907.43302195467,86556.01281595383,123217.16525759283,105851.96087979805,82921.14978088734,80421.26362577244,71855.18108072056,83597.3347541493,82106.04871583566,111698.43962173935,77069.30662027677,4
129766.89693533146,148048.16520788256,100671.29590169144,181992.88779412364,93134.15356089515,70856.23691752397,85473.9201633835,119636.54990631937,106996.99604475452,81548.77502307594,80129.26043620831,72943.80044267184,84064.50856500967,83103.60707087602,110018.9742468565,77702.50918895117,4
129463.7625770286,147093.49985045195,96740.60752875895,178054.21984842062,90969.47651737649,69553.13021577957,85640.73123225347,121457.94885849344,102082.51799136616,84032.34440473848,82414.43573408553,71376.85374937698,81518.73427852802,81785.92703174676,110002.79158387084,73834.51745921581,4
130305.90925287119,149741.08633292752,91853.68917628398,183749.6678530774,92585.7535106842,69706.97727286545,86456.50284963881,122094.6159475584,108846.42408447554,81384.3555908627,79013.12607683254,72803.72206017042,85138.28636864261,82905.95059465774,111656.57480437456,79419.23492184102,4
129284.07690335238,146455.73752590865,103696.55981022833,178603.53632015423,92160.75744161099,70791.08158243676,84998.85618673041,119346.37955980058,102862.34800366736,83179.49124330179,82222.90363584801,72078.38560085125,81855.97739886968,82428.96436798148,109022.9358104391,74292.61646182733,4
130129.71045133001,149189.57939023728,89551.12422122053,181477.16599430633,91257.12111677184,68918.98887383805,86554.06821418622,123268.14958669539,105780.30118707434,82961.53938311808,80467.37527458374,71843.37935964816,83555.24641933995,82102.0254018337,111694.75158390423,77009.96273874793,4
129800.84923515908,148152.74902018893,100586.24751403899,182266.18257357867,93153.10784019326,70858.38268499168,85496.45072179446,119751.08024490837,107077.3729178158,81552.30659869988,80113.52480811178,72963.98406791498,84109.100295198,83123.38836471897,110108.5376868889,77777.4545881098,4
129446.3505680979,147096.5620394423,96966.20368554637,178120.78334340852,90984.51924139491,69577.8288934027,85609.37173478268,121424.64475925502,102025.14106334938,84042.1344688099,82441.30253092082,71374.12683655343,81475.30483905136,81782.79778752301,109995.41550820059,73785.03069699177,4
130267.73247334153,149743.81324575105,91780.17428877047,183695.33076230655,92554.86339984696,69664.77717933383,86432.4523726049,122054.69573196123,108806.41446190054,81414.88807378865,79024.61487348257,72781.03503954828,85106.77040896064,82883.91177462481,111693.09755481454,79386.15434004717,4
129241.42977493165,146404.21675493917,103807.73738714903,178438.04400420716,92175.5095929515,70789.31579462478,84974.02339864057,119251.42934935444,102864.24790194606,83139.92865561589,82177.90957425948,72063.94637393313,81825.40021245483,82409.58540553873,108964.01661205491,74273.25985112904,4
130049.28887477981,149061.61565323063,89666.95096098793,181132.2562256165,91211.59061331638,68882.73434433155,86503.95560311743,123123.15382041382,105655.31023208026,82994.26233700065,80506.11084772478,71804.30851034028,83471.42737763254,82061.12170948049,111647.27647868115,76894.96301352537,4
129742.08649898607,148072.68507155002,100496.59466702875,181986.33873299824,93134.35472659525,70815.28852168185,85481.6762187095,119662.50028163199,107097.28832212547,81525.79742977589,80061.48994701981,72942.03465485986,84094.16932990187,83095.02400100518,110077.11113418474,77775.73350378675,4
129375.65200038577,146938.95988928794,97217.75021764639,177783.65198178912,90972.04696798885,69579.75114342585,85568.08806277372,121304.39237408548,101941.8584635089,84048.14708806838,82447.29279843484,71343.86257456096,81398.23602416946,81754.67929299823,109901.69464369949,73687.73355337782,4
130212.00957441445,149655.6132621304,91740.18701793993,183513.25345197364,92505.71191378974,69619.76076600085,86417.96844219786,122055.09806336142,108758.08999038817,81453.89186786317,79030.67219622996,72748.49089962136,85060.2787804936,82849.78066084156,111709.95077013383,79332.53250509889,4
129191.60773654077,146346.54925424448,103969.85458968337,178452.03619623618,92180.22581103156,70788.55583531331,84944.60850293738,119227.42357580944,102893.99807381608,83136.4194317364,82167.44895785439,72067.79087397944,81820.77340135258,82404.39980082511,108987.19537105506,74282.87110124482,4
129982.56891758072,148959.8481607256,89862.34991101622,181038.8259337933,91170.77632794098,68864.87530051176,86464.34831194262,123107.61935801737,105521.40093104851,83045.6489975034,80550.97079884658,71758.80035862928,83369.79399559427,82010.91969143388,111630.26680115066,76765.41230266241,4
129702.45685606681,148054.40134458558,100485.91053317912,182069.12959446068,93113.36643855172,70780.66566952059,85470.18742205948,119691.71401163508,107126.72556957311,81533.06174672386,80035.98660659631,72925.18143954057,84088.11200715447,83067.53135532515,110139.85248087079,77786.95407950331,4
129331.70847078663,146882.23116186037,97517.75533172552,177853.1882587896,90967.68837782007,69583.55093998325,85534.38163213512,121286.06394363212,101875.40672724327,84074.76801571465,82493.00211584594,71327.81402204205,81343.36249153168,81727.63368220732,109909.45069902549,73621.50533455674,4
130169.36244599373,149625.14783443784,91707.32995359063,183523.44584744525,92456.2251515657,69563.9708118404,86402.47868329033,122055.58980173944,108693.56050414569,81484.04437113338,79046.2066586264,72705.32968107816,85003.12536992137,82799.60099453939,111737.26460185822,79277.50251024992,4
129144.84788714028,146293.91089605223,104037.84859631641,178404.38227705745,92172.22388651657,70759.38680879913,84913.13724674431,119113.74260350975,102915.58985895991,83107.54097790015,82137.05058539518,72050.22240283756,81801.86382554339,82382.47273951444,108971.92912959208,74290.35893563736,4
129953.98103642238,148866.14964796897,89947.35359517975,180878.0498359263,91134.58885366784,68841.92005895615,86453.97710251536,123071.16366281077,105412.21265938434,83065.76556751318,80581.771502706,71712.39813714006,83282.24221256284,81971.2006415368,111571.61582369993,76668.20456602628,4
129703.8203124786,148043.67250724704,100313.08684505068,182059.40658562264,93101.16238607913,70742.73475917992,85488.7840734463,119696.43022971514,107179.11805857637,81503.60214753177,79993.6300508535,72918.29710224833,84102.21595790578,83059.97646569926,110154.2470043,77833.60217018153,4
129323.1254009158,146811.17496623695,97613.95723986116,177793.44204586055,90967.84484003125,69581.2263585599,85520.99293720639,121201.77551529117,101849.34459320839,84060.14997484088,82495.66197343612,71332.15026046637,81327.6492151796,81729.4888769971,109872.77148637433,73601.43346803587,4
130247.50414460948,149671.01361406012,91527.37605898095,183704.69614323333,92460.6731487123,69558.49463444884,86479.4133877055,122240.03639698464,108693.42639367896,81492.04629564838,79038.24943760032,72711.49876254782,85026.72881206618,82797.20935788266,111769.16054119595,79293.72987672448,4
129216.1946554416,146379.76394650506,103975.59898800838,178732.50588566138,92222.31414584091,70774.31777409528,84954.84560189792,119161.79885408866,103022.07356954498,83070.63824780444,82112.4860182388,72115.60125536934,81901.46319883624,82429.34434763722,109037.24092689049,74401.42475383577,4
130000.15974046705,148893.66464539347,89894.06703639831,181010.39451484615,91135.4605717016,68839.05903566588,86472.8643265801,123075.052866346,105357.78616163567,83074.61685831749,80607.00662219604,71729.6313321151,83291.89816616752,81975.62628693895,111565.06676257453,76639.32611219003,4
129761.48781317328,148111.10772026872,100034.42764692637,182181.3577033708,93120.51899677742,70732.25179103039,85535.52157110233,119730.9636748986,107250.53188211107,81443.34184448027,79919.17639007287,72942.7722624269,84167.28188601517,83061.29521862212,110142.80291113889,77901.68558379241,4
129347.35469190535,146816.42762618395,97652.8492752134,177825.38268868718,90994.21989848852,69612.54115254177,85524.41275410805,121145.78439543062,101857.03359330102,84037.50765770765,82510.28001430989,71371.22110977425,81363.52376503036,81753.31583658647,109843.73657032689,73609.65890999543,4
130247.75001379849,149672.2876634941,91282.13271881733,183587.21537437625,92434.20868327722,69537.81927082769,86485.53776568625,122200.56321627655,108681.155285973,81478.0317518749,79019.51867574676,72708.28011134626,85027.8687510334,82784.62532575433,111728.14509012045,79271.82516715827,4
129219.77093455446,146379.98746394963,103905.1239377408,178665.58476276218,92248.04100370896,70801.0057569749,84963.048692113,119127.48892634976,103099.94704722728,83011.98727035371,82063.71451183732,72139.69643589217,81943.66329236786,82441.63780708764,108983.3285192643,74443.066053756,4
129998.7292288219,148875.55973238466,89904.3711905922,180939.3159674783,91130.02909779896,68862.46131211058,86484.64369590805,123117.23060813316,105305.68424531035,83094.55461437162,80645.3398639369,71728.84902105917,83266.32777051064,81972.8993741154,111524.6771603438,76577.38942830438,4
129783.92896460641,148203.24161091348,99829.93153690477,182354.9413508107,93135.44996207357,70731.64829393009,85563.68476911602,119808.14424850277,107370.2925289026,81438.31270197782,79903.32900325407,72979.89850996716,84243.74720379677,83095.31457368309,110213.59088582885,77993.43949478144,4
129363.17972697971,146844.8143416422,97799.74493977368,177909.1346751612,91029.33448902781,69664.28544095582,85526.31265238675,121192.8571692535,101843.8907675613,84024.20836975674,82524.473372039,71379.35714475598,81342.33431128673,81766.302200115,109786.04671788773,73577.87472937998,4
130249.58285684382,149746.51780683015,91133.76183912299,183729.77480051218,92420.70822962621,69519.02145374077,86479.72631212787,122250.89934478991,108697.49441116983,81516.43204884912,79053.13569940755,72718.53956205124,85041.50331515115,82801.63500328481,111804.5880561576,79284.65506847562,4
129183.42699807014,146377.03703368152,103898.93250452669,178595.22147121688,92262.79315504947,70802.14569594213,84916.49000841261,119007.66122432485,103136.64861162289,82948.68713005628,82016.08294440305,72141.30576149294,81930.49811488368,82442.62128384368,108926.39862613662,74449.74922534815,4
129934.17739083499,148786.59978945254,89965.52556342192,180651.3360919161,91097.70847531658,68851.7995300054,86422.10351492208,122988.41750483723,105205.50372666166,83107.42921917788,80682.75668415507,71700.52936083429,83186.39793233847,81952.6933971278,111456.32552579946,76476.4042468553,4
129740.94656001886,148156.86174116872,99676.75503215255,182130.79805741287,93122.5306537784,70709.92239831954,85540.77423104933,119751.66139026421,107401.71908160676,81397.34195439125,79856.32328466456,72963.40292255914,84230.04558444567,83079.48953860874,110178.63275750075,77998.13336111706,4
129260.38405422975,146679.05380476164,97921.5172435662,177473.45447223837,91003.58527941529,69647.16400470305,85439.23025598888,120941.17652668674,101782.98226392058,83995.84400604296,82530.17306687511,71363.30859223707,81278.92241226703,81753.91933368676,109690.62712080803,73501.14119066492,4
130193.72584745001,149611.58032555346,91002.62415440372,183303.34821979384,92373.36723486987,69485.22561612436,86469.44450967843,122212.36493734896,108623.24191608929,81493.7897317159,79025.17366709396,72665.02948582525,84963.94276189123,82755.74687191808,111698.35021476152,79199.2490529119,4
129240.4015946867,146432.33524946397,103961.7409064461,178862.59303839126,92316.45969348666,70856.28162101288,84975.25274458561,119224.51784903025,103260.14199973847,82949.1788684343,82019.32394734907,72191.1948551172,82010.87498794496,82495.46080773602,109003.40038578515,74554.66831382136,4
129951.7235102324,148836.1759586544,90036.98409044553,180927.17897023904,91088.92423974565,68857.99096321952,86421.45531433288,123055.18216552523,105174.3230431465,83165.32023731712,80755.22103967918,71719.57304711021,83185.4815108158,81975.08984507201,111529.88511680187,76462.50146180409,4
129802.45856075986,148296.22486784754,99509.02754175992,182526.06630636053,93137.86395047474,70712.98458730991,85587.84700487221,119912.37043289786,107483.30294886863,81379.10293091572,79819.53231329111,72980.59141404527,84276.0454745347,83097.97443127328,110235.47324365059,78071.04475153027,4
129306.67451699669,146782.9894164788,98078.2476756868,177862.5312879719,91036.35293678677,69689.4982087014,85446.04753804774,121015.13844908935,101806.6304095543,84007.3775061819,82566.22643068152,71395.42804901935,81306.37035445814,81789.41390388178,109734.43653994043,73529.48320263425,4
130241.0891939508,149743.7461905177,90861.02585327934,183631.94121503131,92360.91731320827,69473.02156365175,86491.10335005562,122318.08868862256,108623.77835795622,81517.39317386069,79051.41461508449,72667.97991609335,84980.43834929923,82762.40769176575,111763.23732891529,79215.25290194189,4
129241.005091787,146487.4770030352,103918.84790883637,178939.30422536188,92330.22836807113,70853.55470818935,84953.01275885258,119132.33925489656,103315.2390498208,82888.1139025824,81969.83718512503,72201.09667791089,82033.5620085671,82504.53561598487,108971.88442610318,74596.28726199715,4
129953.01991141081,148823.39076082598,90105.96157383462,180844.65632971007,91072.6968732711,68866.93166100164,86411.26291886126,123056.09858704789,105087.64297814883,83172.94218217638,80788.3686767064,71693.84618924215,83136.75470790324,81959.91301058687,111471.39060156234,76385.41029517775,4
129804.7384386943,148351.67954584118,99338.01434493237,182572.71439703877,93131.76192423844,70686.09543873018,85585.34360949321,119909.82233402996,107560.12589456153,81360.59568650671,79796.39825777987,72989.64387054967,84326.69452747042,83104.85876856551,110289.00567162105,78137.38472907362,4
129290.11187435531,146747.56190151715,98263.02954709883,177762.61899025668,91050.12161137124,69713.19105782402,85418.35372666761,120946.295076167,101772.1193161153,83988.15500595034,82572.4402156401,71386.66616519287,81281.22464194593,81780.02617121056,109674.33269910011,73484.4444375568,4
130208.61210925724,149709.86094592346,90781.18542208498,183468.81818399648,92325.06511510196,69441.03621733621,86472.43964343544,122281.34242073804,108582.40527896945,81537.62150259275,79063.50690883481,72639.88377331302,84958.01954961057,82735.40678446375,111767.61827082852,79164.3356280727,4
129208.17037918215,146450.26134851712,103980.18109562172,178831.97114848747,92340.10783912038,70854.04644656736,84925.45305793919,119043.87105034245,103369.95612024739,82856.1062045224,81931.52629512863,72203.48831456761,82058.59596235705,82501.33931652777,108961.35675446472,74617.34260527404,4
129874.38647441704,148676.56215149906,90229.7008311392,180456.6523977104,91026.16054131516,68843.52938455694,86351.69551988787,122889.22046294458,104955.9688515626,83186.86731897203,80804.88661585888,71643.3088950287,83051.48280280625,81908.70516403975,111380.17313244024,76246.6953690881,4
129765.89110683098,148270.1850855571,99231.19535818046,182309.12027467732,93109.4772350165,70661.03913319578,85582.1026065472,119872.0478859005,107575.01215636876,81333.57242746025,79734.3721669164,72961.01128590242,84323.78880069123,83070.79471001563,110249.6218978908,78123.21372308895,4
129244.26844647748,146636.42902808537,98473.49357289,177573.88086007605,91046.90296016967,69729.93251442105,85386.79306349672,120863.28069726,101735.93184184216,83995.15110196485,82580.66565759965,71382.93342386883,81263.56676382622,81773.32064787396,109636.71471318182,73436.72346314472,4
130199.69376321958,149655.90383480833,90728.92704354848,183373.08566249438,92292.99036180858,69425.18883051739,86487.59412617613,122342.49679356776,108518.05460668262,81561.89549707121,79066.50204259182,72606.24439790778,84921.76502010405,82701.83446429187,111756.55415732315,79104.23178723238,4
129209.8914635052,146439.6666216453,104026.0021717551,178909.3752395362,92357.47514456215,70862.27188852691,84925.20718875018,119043.71458813126,103419.75580689381,82838.47067814716,81900.70323952475,72216.98876821861,82090.93893658387,82511.84463642177,108986.0777838323,74653.08304465808,4
129890.43502693594,148667.06266010556,90360.21266701374,180571.9203438664,91019.45501797856,68851.1513294162,86353.79658386667,122953.8170044204,104877.91655992468,83235.68352886243,80859.55898279656,71634.4576042244,83023.02903211463,81908.83927450649,111399.21681871616,76184.982202647,4
129802.70442994886,148341.48715036956,99113.13344396753,182538.67269023333,93116.94271766457,70642.59894402015,85605.66134520309,119953.49764269563,107626.19765117142,81334.08651758272,79716.2225504187,72970.24255636246,84362.30085638772,83084.29516366663,110315.5371922895,78172.78989229082,4
129287.60847897631,146686.04990077615,98687.48917430511,177825.24857822046,91081.07877744184,69767.05876196132,85395.95727872339,120946.09391046691,101717.51400441099,84012.74192485117,82609.94644283611,71396.59033973102,81262.00214171436,81794.73361906214,109646.43772201988,73422.37364320441,4
130256.62365634725,149790.37192945147,90684.89410697152,183768.80094633115,92290.62107689632,69414.37058620102,86513.20922532192,122506.40213565853,108516.82526073758,81628.52604729249,79122.49316245236,72617.86730502454,84945.61433143787,82719.09001101137,111876.65008028151,79120.25798800684,4
129226.07412649086,146538.70720132676,104055.059439547,179164.5874577269,92378.70930179469,70855.38755123467,84903.74951407308,119009.35995690346,103479.34555761165,82824.03145122904,81879.49143403667,72237.48531788413,82120.4879427538,82533.57053203232,109031.83180473231,74707.57659764012,4
129882.92484079897,148666.79443917208,90488.33286623155,180523.0147269982,91004.59110791578,68853.74413177301,86328.56146437663,122933.05223382142,104766.22489288151,83261.38803498603,80890.96318375626,71600.9523392859,82946.85428701095,81885.68286725078,111348.14308263578,76085.62869854317,4
129823.91623543695,148431.96701192463,98997.73138734477,182670.12329937497,93119.22259559901,70630.84192643665,85617.35130755321,120025.02322495262,107685.56388444471,81340.41206126357,79695.18955888624,72972.29891685235,84393.01215326932,83093.88406203796,110382.0559837885,78224.78004989387,4
129252.53859192594,146657.75259229573,98863.88914154639,177736.13217307715,91080.02824545244,69771.6185178302,85342.55896121966,120820.94649326164,101679.42663185914,84007.332802693,82611.53341669243,71385.72739192574,81223.13245810657,81793.303107417,109612.26190474772,73379.32418338349,4
130224.07951642032,149734.78314099112,90599.4880914078,183508.80545482703,92246.78930601946,69378.38427762798,86492.22093727838,122452.82500419916,108436.18016674282,81633.15285839474,79108.38921170107,72564.51369100974,84874.02169394752,82678.43218784717,111826.53746921271,79038.47295504487,4
129212.12663795074,146511.97451495822,104089.52582949708,179066.6644652682,92395.38370315835,70863.79180714987,84898.65331633727,118976.99463093218,103537.32598272873,82793.92365144774,81839.52651495059,72241.70979758618,82138.05641389567,82543.15943040364,109021.4382435606,74740.97010385634,4
129840.05419493369,148560.9142256873,90602.86320482055,180283.76165434858,90971.6222848442,68839.30490485489,86298.40896110643,122840.80658445437,104668.68188007854,83288.6571632215,80924.55785567258,71572.0962371941,82879.061446078,81863.0181983731,111304.19955303664,75993.42775266503,4
129824.27386334824,148405.83782265638,98848.04175472759,182592.16041471486,93105.2751070589,70603.37163250109,85634.13746763916,120035.81911752453,107722.69013198497,81319.87080810915,79654.12940432184,72965.43693130458,84401.77403709579,83080.9647537428,110390.84021935944,78250.52925950638,4
129247.24122849003,146581.73430940323,99032.1754255504,177622.98764264438,91092.32170490286,69789.00817501642,85333.86413262655,120759.61330647628,101644.31204131986,83988.6243925839,82615.28850976093,71389.52718848315,81198.83611188366,81789.68212481524,109557.83540699905,73344.34370331094,4
130231.96968221304,149711.1796988463,90489.98689532124,183469.53343981903,92215.5192155265,69346.2201173568,86506.5707572187,122474.99793469883,108401.22203841472,81660.55609709694,79129.51161021132,72562.97142064231,84870.5348218125,82671.48079532156,111853.09134162562,79020.3009868027,4
129222.8554752893,146497.91526769582,104052.15371276782,179062.2164681216,92408.68299110926,70857.3768564912,84903.50364488407,118932.55936295503,103592.28892234432,82745.1297933018,81794.71126731769,72265.82732985346,82175.16030969148,82552.90479098615,109008.49658352097,74786.18768288943,4
129852.72763403984,148519.54114670053,90665.67160673995,180234.4984095691,90959.01590097141,68844.78108224644,86304.15335943144,122846.17100312364,104583.65584417056,83307.65614600852,80959.51598400068,71572.81149301666,82848.23839047413,81857.11733783691,111270.87310205378,75923.80206868674,4
129839.36129085557,148424.05449438747,98629.39699046577,182597.9495165288,93094.83684239828,70575.1637309985,85655.4163283606,120035.0815099575,107770.74638256388,81292.80284557377,79604.75440082006,72979.38441984469,84438.60971195814,83085.32334391157,110405.32414976647,78290.53888208138,4
129258.19358327313,146558.82377133655,99122.16354872746,177618.5619972422,91109.73371383354,69814.8244398623,85338.31212977316,120724.40930895918,101643.93206166412,83980.55541283553,82618.52951270694,71415.74578472922,81209.43083875548,81812.32444194847,109523.5031275157,73336.85586891841,4
130215.3846878272,149674.4334309618,90295.1690906488,183316.5581007669,92179.62231393126,69308.60213143851,86508.13537933056,122403.82998035313,108361.81591294002,81669.49679487906,79113.10542978114,72558.05403686214,84852.89929543725,82663.05418766191,111821.35186449908,78982.12420727304,4
129233.27138820547,146470.40027027135,103956.46589475464,178938.47721081701,92434.90158735533,70873.24659505446,84925.18483700573,118895.00843227012,103646.49190264844,82683.55073732743,81719.45294373667,72278.54547244853,82193.55579537818,82560.25851491195,108921.83887026775,74811.71337505738,4
129841.64116879001,148458.58793957092,90674.5005457998,180072.87294541276,90953.24915090193,68854.9064224847,86297.2690221392,122777.28292671239,104533.99026799087,83331.93014048698,80993.93767046186,71580.85812102057,82831.96632051066,81869.36609379841,111222.0568921634,75872.907146562,4
129852.70528229538,148431.1847008687,98376.15172578713,182528.90497790635,93099.97774362299,70566.44655066091,85688.0722270098,120049.90071653137,107835.02999961734,81261.35394112515,79549.277371082,72988.14630367116,84474.37250308663,83095.33692542755,110372.75765809508,78328.64860637768,4
129239.70869060859,146495.8365554615,99183.07205236818,177464.40201573397,91127.52570241997,69840.81951866383,85322.10711504307,120623.04414785435,101647.35187856578,83951.47579329918,82611.10873354778,71427.6592645239,81213.94589113544,81830.63052065737,109439.39351313037,73316.71694716418,4
130227.29816762188,149665.49273317968,90137.58929223887,183249.43581216765,92166.83711610283,69307.03750932665,86534.06340289873,122467.82302472867,108342.79457840856,81675.21884145962,79115.89939783805,72545.80528090063,84852.2287431036,82660.97547542756,111787.77954432722,78949.11068071255,4
129268.74360665603,146538.12605597093,103894.9762457581,179136.55837017996,92479.51566928813,70902.6838425021,84953.61625595287,118963.11419762543,103762.85508428277,82656.23690560304,81688.98751604409,72317.8174874565,82276.95015394094,82604.42556195565,108953.93597530556,74897.4770185324,4
129851.07360495016,148465.96401524116,90728.54706389274,180120.99625122503,90958.01007247092,68874.82182679437,86300.06299019611,122800.8863688572,104474.62403471758,83347.59871335015,81027.30882493363,71575.4937023513,82807.2452911431,81876.0269136461,111182.9413393666,75809.33878533111,4
129875.92874478445,148510.1087105404,98161.30675808272,182686.12714840498,93105.8786041592,70553.10255922111,85711.6309656657,120103.23197880173,107912.1211662437,81243.91958045002,79513.20165553113,73001.04326022188,84524.21689322196,83113.48654192526,110404.00539684361,78382.78453144843,4
129217.35694615329,146484.39246230037,99276.74821338037,177456.57890517463,91145.9658915956,69855.57167000433,85291.84285305058,120518.28152159233,101650.95050942308,83933.50499075711,82608.2477102575,71440.04213095213,81211.97893762338,81849.96477961121,109395.98642539817,73299.21553125567,4
130243.12320269624,149682.16713454333,90035.39711658921,183229.09572471332,92159.48339217703,69312.3125210181,86561.57840032321,122558.66051419504,108298.78399357606,81682.77373108552,79120.86148510713,72518.9161323209,84817.7176496646,82645.46336477558,111742.13728214947,78892.18078758488,4
129284.6133452193,146610.6574667284,103870.70225127962,179336.09239293248,92514.11616970494,70924.7897177684,84962.84752641291,118997.55823583106,103878.88298975027,82640.76949843997,81675.64352460427,72356.46365361974,82348.74395713139,82650.64896948922,109006.7754991979,74982.48070269593,4
129816.71897372234,148437.95727943865,90820.21156790396,180062.27821854095,90941.55918855181,68881.12501873076,86265.4624897793,122739.73199602748,104400.12567044803,83369.90575431654,81072.28053477772,71558.39461784299,82760.39603476478,81872.16006185533,111138.9307545341,75727.21847620231,4
129883.41657917698,148563.32821408848,98002.22939279431,182763.3300737536,93105.65508671464,70548.92278300796,85726.9866141065,120174.64580233644,107970.39216403868,81232.72135647791,79485.48549240656,72998.29399565388,84552.08951855774,83116.72754487128,110418.77989992856,78415.97687196457,4
129177.52613753393,146440.8736158459,99411.59628767923,177353.29149404663,91152.78317365446,69872.60369927928,85245.30652109462,120394.67637475448,101644.15557910867,83920.54097897303,82605.2972799894,71443.26078215371,81194.94690834843,81852.37876801238,109342.49870091662,73271.11938847534,4
130212.50131279246,149643.1633404688,89940.33514742079,183057.99312090792,92123.27356615943,69293.91703533138,86549.91078971754,122541.11439479762,108253.38760058733,81705.55015868547,79125.93533109849,72492.74223956374,84780.83727131334,82623.87157963176,111708.27438929968,78835.27324620167,4
129280.29945853943,146618.14530112094,103856.35243133933,179342.2391226577,92528.6895070898,70941.59822959879,84963.42867176875,119000.12868644342,103959.6398424673,82616.98724233953,81629.88950370425,72374.07682825052,82382.78566393683,82664.6635132627,108997.09719384876,75028.8605724407,4
129818.68592723442,148421.46169203063,90950.7681072674,180072.89529715723,90933.9148919481,68904.77316436448,86261.86385892199,122789.732848374,104335.21620454983,83407.70255419047,81114.61473877606,71550.25858286126,82720.4758191676,81866.14744259685,111115.90845774514,75657.99512362422,4
129886.00938153379,148617.7323600927,97848.02470779714,182876.13932801955,93094.50156623144,70527.35334960859,85731.233445553,120202.87605558349,108031.36772291276,81236.65526350203,79466.59826834181,73005.44655387958,84586.19828059654,83125.91411184242,110480.09073496948,78461.59678239784,4
129241.96621679858,146529.34182039998,99640.05346775692,177685.81839630826,91203.78985450148,69945.06805480339,85283.37154190202,120591.81876085029,101658.03601241541,83932.38740353435,82625.27973953245,71461.45510214033,81210.52607423379,81879.26791659211,109361.58709068145,73278.45076065669,4
130242.7432230405,149773.96574902127,89889.26141134041,183428.09330559892,92107.82851074083,69273.5545961326,86553.71058627494,122636.08695698822,108256.33803085543,81772.49363332911,79193.45995109796,72510.95891129482,84810.1180565498,82644.43518453064,111846.72109445586,78858.7649296242,4
129306.69686874114,146712.31320051113,103858.65466101821,179553.61956997152,92556.83035335904,70946.15798546768,84967.87666891536,119010.5893028485,104010.46770935867,82577.89404128719,81584.42605548217,72381.47525566522,82399.05773390028,82668.59742028682,109000.33819679478,75069.02665722689,4
129848.97254097136,148473.87653277835,91086.73376878902,180198.48974925157,90939.59223503974,68921.11228956131,86268.94936191433,122839.4431280426,104274.4641631203,83449.67913027754,81166.47078591237,71551.93496369541,82696.7159148116,81872.16006185533,111129.43126314059,75616.4432306818,4
129957.53496379078,148775.78154513618,97706.5605171395,183193.46704405153,93117.0768281313,70525.65461702998,85785.65994330168,120350.28581026624,108113.4656802971,81252.77087125431,79463.46902411808,73037.1413275172,84651.66654010613,83153.49616450026,110580.07008791807,78548.23214390661,4
129262.79804263092,146589.51271647366,99777.15906824579,177801.80159828684,91233.40591590476,69965.18462481316,85275.4813761093,120535.09003342272,101662.5957682843,83933.4602872682,82644.47988801956,71491.74171587726,81224.29474881825,81909.35336462896,109362.88349185986,73287.19029273871,4
130289.77129337446,149847.5700435126,89804.950631255,183504.82684431397,92104.56515605035,69270.09007574202,86584.37717966762,122714.34041432625,108219.74822518209,81805.17188372277,79222.0925357452,72512.45647817332,84811.52621645048,82653.1076613793,111870.0563156672,78836.63670261344,4
129357.6364943548,146806.97283827935,103829.53033799295,179708.29364160224,92602.65142949241,70967.36979095577,84994.11761690589,119035.77971884963,104090.4198992753,82550.11082292924,81553.96062778958,72421.57428521804,82467.7669963559,82710.79751381846,109041.64422054819,75143.3909110297,4
129836.3438053541,148442.24881437406,91170.86573491881,180003.91781376814,90935.6583280156,68924.53210646297,86238.32747201055,122724.08577490876,104174.79773459409,83465.59357232972,81195.59510893765,71542.61428625755,82656.34866432533,81880.45255904825,111078.8716171827,75534.00999713063,4
129975.66222854404,148782.68823417285,97536.64255579025,183035.08258284125,93115.62396474171,70515.48457330282,85804.36835341077,120369.64242096453,108127.30141011495,81225.25587382984,79409.57896823632,73022.36682443223,84661.25543847746,83160.08992911458,110548.37531428043,78556.65875156627,4
129277.72900792708,146577.9568645903,99920.12082578192,177741.87657140216,91261.81498310746,70002.60144503134,85271.7262830408,120516.694547736,101668.92131196515,83931.58274073395,82660.17081262718,71510.71834691982,81243.69606300547,81947.3960336919,109367.17502679527,73300.24371150062,4
130296.58857543333,149830.73917993775,89717.86823485712,183338.55221731093,92081.47580402801,69262.51283437166,86599.06227577476,122730.59013254526,108155.41990463971,81817.59945363992,79226.22760846945,72485.92495750487,84772.05303574241,82647.96676015458,111839.56853623016,78791.53088230263,4
129383.40805571176,146840.9027863625,103772.68985184311,179721.39176385305,92621.18102564586,70981.6525556627,85015.57529158298,119041.85939334148,104178.21755149575,82530.9330261866,81537.33092991482,72448.03875065313,82522.81934294931,82750.38245324879,109072.62373836324,75227.99226379303,4
129873.09007323862,148453.80466625746,91258.95395981717,180034.36088971628,90939.05579317281,68957.97031616811,86263.7637572007,122782.66969712613,104128.66373403833,83496.14840700012,81257.39768235656,71552.80668172917,82645.79864094242,81900.63618429139,111077.19523634855,75507.67964216229,4
130010.8885778056,148844.96019422534,97297.79181454085,183092.66067655812,93107.08559835979,70495.5915207376,85841.06991780638,120381.42179029249,108189.75218412306,81211.80012366774,79384.09797955728,73042.72926363102,84714.27377632544,83176.67492350041,110594.28579739164,78625.72564193317,4
129273.32571426938,146517.0930644385,99934.56005270005,177511.38538257903,91272.90144835728,70015.65486379324,85261.51153582473,120342.19447877342,101661.56758803935,83887.41569369027,82634.1533820812,71519.86021040204,81245.30538860624,81954.92857157333,109275.30935708397,73287.59262413891,4
130306.17747380465,149770.81415305307,89506.91247068792,183037.11659158667,92057.85001013876,69244.00558996268,86621.9951655859,122674.19668128452,108129.8271572384,81814.40315418282,79209.37439315014,72478.83945451253,84781.84309981384,82643.36230079678,111778.34710816707,78766.94396340179,4
129408.21849205716,146820.2497744858,103598.12272764716,179565.82362244412,92652.29465392765,70996.78468665894,85047.29241696507,118997.40177361987,104289.48453539427,82472.01382780241,81459.90448712165,72481.23109116925,82608.71709689107,82783.37362806483,109027.45086281907,75313.26416889002,4
129861.8024422887,148355.0770109984,91226.32041291242,179715.6697172725,90935.72538324898,68971.02373493002,86256.74530944173,122681.41629474358,104079.31108228101,83488.77233132986,81253.10614742115,71550.61621077254,82639.02606237246,81906.42528610531,110971.65029903059,75456.89647875982,4
129986.97221123842,148784.29755977364,96985.26972356674,182779.1327570835,93094.3227522758,70466.7354186458,85838.72298463857,120271.40650408347,108255.24279537711,81170.00236153632,79312.88532172267,73047.51253694446,84761.79358503742,83183.46985381482,110530.80684313856,78665.86937497489,4
129249.52110642448,146409.1564904638,99995.80383250759,177201.567852684,91303.03159988303,70057.16205324675,85246.49116355076,120256.3861318095,101674.7998207569,83845.66263504776,82598.18942525261,71534.61236174255,81255.2295631444,81969.18898453582,109151.07836140136,73270.00180125258,4
130304.54579645942,149742.11451317245,89419.6065568455,182962.97585522843,92053.51377171442,69255.40497963488,86636.43439250403,122756.4287491356,108121.6687705122,81846.65672143182,79230.40738468259,72483.26509991469,84793.37659995278,82653.66645499069,111766.81360802814,78748.99551260419,4
129369.84054682738,146776.5968175646,103547.56308168925,179466.49247008475,92667.20326747934,70998.66223319319,85022.92901550878,118906.87720857588,104350.0354111237,82423.7564115234,81398.88422475866,72489.18831219534,82626.66554768868,82787.70986648917,108978.85817037323,75341.56147737044,4
129837.1484681545,148282.41148977418,91388.66113289131,179618.48433238082,90935.63597627115,68997.7340695541,86244.76477441368,122679.58345169824,104012.43466287073,83516.62260492118,81292.84754906269,71543.0389694022,82595.66367812916,81901.91023372534,110916.64265592607,75380.36410574485,4
130034.96140658396,148875.0903457511,96912.91712676492,183087.96681022248,93118.30617407635,70484.84033165459,85899.0726946679,120489.98421311191,108335.68672367177,81198.00909733881,79320.32845262629,73070.95951687808,84809.35809723832,83207.05094421518,110612.59187610053,78725.70499488176,4
129288.1672725877,146507.2806486226,100230.74301847733,177654.2353813929,91348.18212368275,70105.71004220367,85258.09171892307,120374.60450823362,101722.90077482472,83887.25923147908,82645.37395779777,71575.6948680514,81285.29265943679,82012.86429320149,109226.87312684931,73302.74710687961,4
130291.33591548633,149802.57598192408,89413.10219920901,183177.95493339957,92027.38458244618,69222.45850830775,86609.47818869093,122748.98561823198,108080.78742990344,81904.25716689315,79283.13514985266,72480.00174522422,84763.98405599405,82649.01729214398,111830.8960593815,78707.44361966178,4
129382.67044814474,146857.33131853715,103604.26945737237,179704.24797585583,92700.59677369556,71008.4075937757,85021.05146897453,118953.6817614653,104418.83408055712,82417.54262656483,81380.35462860522,72506.75678333722,82643.31759730788,82795.62238402634,109007.46840327603,75373.88209985282,4
129811.84629343108,148281.11508859578,91616.62657459099,179677.67175169848,90931.88088320267,69004.68546207971,86199.48014014724,122660.8079863558,103933.9353363437,83571.20556488103,81359.67926498405,71530.1867163404,82533.30231109886,81886.53223354009,110923.45993798494,75294.10872389183,4
130002.17139746803,148900.37016873006,96854.28850105865,183124.0648775178,93099.35189477824,70446.64120038047,85862.63935120575,120476.17083503853,108356.56325299303,81214.59409172465,79310.42662983258,73052.89930735818,84795.20944299811,83179.60300202406,110661.81041739111,78723.40276520286,4
129236.89237080723,146467.51689523662,100492.63840826016,177619.83604667618,91352.808934785,70110.82859168394,85197.96552633829,120287.87973974702,101704.63939960473,83898.81508336248,82666.38459758575,71564.0943126791,81244.76894673932,81991.78659818013,109223.38625471429,73260.36819939235,4
130265.25142970699,149765.91912101736,89488.78520593468,183080.00958919642,91989.27485814987,69203.92891215431,86597.87763331863,122802.07101131332,107984.56317002335,81939.3941091769,79309.219635632,72425.68700619781,84673.01245606094,82590.32161120434,111815.54041094071,78606.0561068125,4
129383.25159350058,146898.79380450177,103669.17892327058,179861.13487018764,92706.8329103986,71000.67389019417,85015.79880902753,118987.49995082617,104504.48596530987,82431.13248719365,81377.62771578167,72524.97345506829,82678.32042912488,82806.48533183162,109105.25728526799,75444.49126058714,4
129804.06788636064,148256.12583829474,91804.58239371567,179684.37727503508,90910.62437422566,68998.85165677687,86183.11866320595,122652.91782056306,103851.03271615897,83613.11508573474,81412.69760283204,71515.21104755533,82470.76213011291,81866.43801527478,110926.52212697532,75222.71725210157,4
130032.41330771605,148960.94339620395,96691.56780142401,183231.95674800358,93080.03998756886,70406.09513593855,85890.13199688579,120528.58567578622,108403.77013728263,81221.7690016948,79300.8153797168,73060.38714175072,84819.1705130542,83180.69823750237,110730.40792112445,78774.90118442789,4
129238.61345513028,146418.4548161572,100556.81026659135,177464.69258841188,91355.84877203093,70102.82666716893,85185.24738374322,120156.7644067722,101696.52571636745,83863.05229223399,82642.28941706293,71570.35280112657,81229.74857446535,81991.33956329103,109153.33588759135,73255.56257433446,4
130303.22704353656,149748.01537370865,89321.77297136463,182956.20327665846,91966.36432008319,69174.35755423993,86629.84062788972,122807.72600266052,107968.73813494899,81961.29881874309,79335.19236268906,72434.20302083528,84689.21747079105,82598.41294269716,111814.22165801784,78615.19797029471,4
129445.0541669195,146923.24661293585,103504.3795114016,179853.73644277293,92740.51698929275,71006.57475073037,85066.80548987455,118996.44064860829,104609.76268169435,82371.90036438708,81315.8921975961,72561.74207469726,82760.70895918715,82839.81178281449,109080.75977334498,75545.09646238048,4
129837.48374432132,148210.1706516946,91797.09455932314,179551.54085773719,90915.54175800584,69012.53092438352,86196.55206162359,122600.27946237082,103813.77235815197,83610.65639384466,81431.36130945222,71532.19837334137,82486.60951693173,81884.76644572812,110868.0723152247,75205.08172572634,4
130113.88541625565,149017.62742014258,96420.08351326986,183306.45511227314,93101.74353143496,70413.24769416424,85960.36117796435,120644.54652602036,108487.36566154548,81196.69034441595,79259.41994898558,73092.19367411062,84905.64941235178,83206.80507502618,110742.67902883042,78862.58707792606,4
129341.16325869123,146519.77527377312,100644.63027055626,177804.50615936593,91429.69893571126,70180.25310996213,85244.39009957196,120313.85246680409,101784.56923777692,83861.71118756666,82655.36518756929,71640.47022348287,81329.86203788067,82057.7689478122,109198.88874279127,73347.74116846814,4
130375.60199208284,149871.1287821685,89226.15220858481,183273.9109723462,91979.84242198974,69192.64128120439,86667.54802078582,122946.6197427058,107971.84502742828,81998.53682500563,79366.23893573749,72463.81908223857,84731.3505090893,82623.82687614285,111877.05241168171,78636.32036880498,4
129486.65076335083,147048.37167839668,103418.07942605966,180133.64733858674,92778.26908567776,71018.53293401396,85070.20295503175,119002.49797135568,104723.24248829395,82346.79935536378,81278.52008086683,72612.03349972171,82844.19272472772,82874.47933846466,109139.70132347362,75648.607390953,4
129851.11830843907,148247.02867830143,91917.9951450819,179598.12189318205,90929.42219131258,69039.86710785236,86182.53751785011,122589.39416282109,103761.87160752674,83634.21513250055,81466.49825173596,71539.32857982261,82466.76116785541,81888.14155914087,110837.94216369894,75162.14402462769,4
130082.97295367396,149018.83441434318,96206.44553976602,183084.79286250984,93082.4763277145,70376.70259197982,85947.10659350237,120548.09874869572,108501.93899893035,81164.61559112258,79205.88752101512,73070.71364768907,84892.84186277889,83186.19676663837,110685.10093511354,78861.17891802537,4
129280.2100515616,146431.55293840801,100723.73309418358,177443.39137594597,91434.63867123588,70184.4105344308,85199.35133449452,120123.16973485587,101799.12022341731,83831.84925697438,82632.16407682469,71637.31862751469,81318.52970344183,82065.368540927,109103.89382885622,73336.98997938514,4
130295.4039329772,149718.9804576612,89106.50332051556,182670.70444473083,91922.66665967306,69152.2740307181,86632.45578199098,122784.94957506057,107881.45457285101,81986.44453125531,79348.87163029572,72401.72593614172,84649.36431042723,82579.57042212134,111735.85644195754,78535.5810565449,4
129432.69365223571,146934.86952005263,103298.76581415723,179682.8126529232,92773.30699840868,71008.22877982007,85061.70929213874,118897.19890322673,104789.09072745929,82285.2202993894,81202.21122529641,72596.32022336964,82855.21213474419,82872.5123849526,109037.77736875742,75676.90469943342,4
129810.57224399713,148115.08633078175,92014.04059100636,179247.64654012283,90920.90617667511,69060.34130577341,86176.16727068035,122560.69452294047,103705.79108068837,83641.27828374843,81486.74893221247,71515.43456499989,82424.31520513479,81885.81697771752,110741.5390898632,75097.90511106314,4
130109.19154992004,149068.56704575624,96038.38277320657,183245.5913121213,93090.83588014077,70378.26721409168,85990.96071612368,120710.30535820787,108597.06802333213,81182.02760005326,79205.5969483372,73088.77385720896,84963.89805840231,83215.09757221909,110767.28829947571,78950.72000631334,4
129242.03327203194,146385.88832448583,100812.15659524877,177403.53821558217,91446.57450277502,70194.11119152441,85161.66629334287,120012.84152422447,101795.8792204713,83791.63846869928,82610.75110563649,71630.99308383383,81303.48697942341,82061.12170948049,109045.17579617213,73327.22226705817,4
130267.77717683044,149682.0777275655,89018.48215085056,182591.1545862144,91894.59286863719,69126.50246936113,86616.943671339,122753.61242933423,107840.84145317573,82007.18695010984,79372.85505209626,72382.57049114353,84631.01352822942,82567.27696267092,111726.84868894205,78504.93681489669,4
129430.77140221256,146929.6392118501,103218.05366492912,179680.3092575442,92796.91044055349,71013.28027406696,85068.50422245315,118877.95405125071,104860.90688239419,82233.6101214421,81144.61077983509,72600.90233098296,82888.94091712724,82877.27330652157,109009.50241202145,75729.69951983685,4
129762.00190329575,148010.0331318418,92090.50590878796,179015.5683774434,90899.53790897584,69053.56872720346,86130.5250085026,122415.60934968106,103630.24218442943,83647.87204836274,81508.58658654531,71502.33644274907,82386.80897793878,81873.9258496673,110672.13692332947,75029.12879337416,4
130054.56388647127,148965.6149107951,95773.604008389,182883.89538334555,93047.00410926391,70323.37132970945,85967.15610827877,120561.26392617989,108600.68900593389,81138.46405010988,79141.96153187293,73063.65049644119,84959.33830253343,83185.28034511571,110691.40412704994,78942.09223295358,4
129260.94284784113,146322.7893498885,100918.41678838931,177316.52287441766,91483.61134333747,70244.80494794904,85188.60014541152,120064.27288821613,101826.29994467497,83766.09042478686,82586.87944255823,71647.86865089758,81333.12539257115,82079.98658180077,108978.50054246194,73348.09879637943,4
130297.63910742273,149698.32744578453,88951.20340004009,182714.7820847967,91888.44613891198,69135.19729795425,86651.76768920037,122885.3536111538,107831.11844433767,82053.16448845441,79421.60420675328,72392.9864040597,84658.55087739836,82583.68314310112,111772.31213716415,78513.85516093436,4
129462.17560317226,147009.21142211097,103116.35322765747,179961.11422313622,92827.21940603488,71024.63496025026,85094.70046695478,118955.20168008826,104977.80650589544,82206.67626937345,81107.28336659473,72634.85463081057,82969.29543844408,82914.33249882847,109059.57031960135,75838.5525153342,4
129787.08056057461,148058.53641730984,92231.09838141184,179290.85246215493,90916.0111446394,69087.27515784206,86135.35298530495,122504.47988563537,103603.24127712742,83676.45992952108,81557.06752026887,71512.59589345407,82390.42996054054,81899.13861741289,110690.24183633827,75016.27654031236,4
130137.08652700025,149151.17909326305,95661.44295471227,183437.57044524795,93076.08372880027,70342.45971947428,86031.12680090986,120837.53148764749,108680.32827142815,81157.59714336362,79151.39396803308,73087.03042114145,85026.90762602183,83218.2938716762,110807.901419151,79026.53712350572,4
129276.8125864044,146436.82795009948,101079.08112753405,177720.3965449806,91518.45771294329,70269.28010812761,85168.9976655242,120073.41475169835,101871.11519230786,83766.09042478686,82602.01157355447,71683.98906993736,81371.95037269001,82117.87278865252,109043.76763627144,73395.08216322448,4
130309.41847675068,149769.78597280814,88973.5998479843,182890.19857528195,91874.61040909415,69131.4198531413,86654.94163691302,122972.59246976287,107752.84263525518,82079.56189865612,79446.23582914303,72367.03602874708,84615.1661414106,82561.21963992354,111776.31309942163,78452.32080844889,4
129491.27757445308,147142.7854469759,103132.088855754,180307.052172071,92856.85781918262,71034.44737606613,85104.57993800401,119041.05473054109,105074.88013206485,82206.18453099544,81092.26299432076,72668.49400621581,83036.82005844355,82939.25469389615,109156.39807658174,75929.94879841195,4
129791.0815228321,148109.78896734584,92463.46711676921,179440.05035639412,90925.26476684389,69110.36450986439,86122.03134560959,122540.73441514188,103525.01017153385,83719.755258531,81611.18109359517,71510.89716087547,82351.20264902146,81887.44865506276,110697.88613294199,74955.45744364947,4
130163.84156511327,149262.64724286165,95577.60156126041,183626.35327891746,93076.6201706672,70328.71339663427,86056.87601052238,120941.86943076485,108703.0599955392,81186.47559719987,79147.99650287587,73090.29377583192,85046.33129195348,83207.92266224894,110880.25401595283,79058.05308318771,4
129298.87375818178,146508.91232596783,101286.88529573505,177906.96655594904,91552.25355055972,70302.91948353285,85169.77997658015,120111.83740041703,101892.05877686248,83783.14480580627,82613.38861148222,71711.41466038402,81390.97170722148,82130.85915218106,109085.43128793614,73419.5796751475,4
130349.9198377037,149876.71671828232,89016.00110721601,183130.7256973655,91867.81547877974,69132.93977176426,86678.32156161328,123110.48038130766,107713.05653012474,82155.15549840397,79511.86055086381,72378.61423237494,84612.97567045399,82560.12440444523,111876.20304539241,78440.09440423184,4
129531.35425226144,147254.03007912997,103113.13457645591,180508.41903786888,92883.07641542869,71039.78944299095,85127.51282781515,119091.39085905443,105139.74489447415,82188.05726624219,81058.0871770486,72694.5561402507,83072.44873910531,82947.63659806688,109212.99269354258,75995.52881664381,4
129774.16125227945,148078.4518216195,92618.2082436333,179289.93604063225,90908.52331024686,69106.72117551818,86084.61452539141,122418.6938904159,103434.79853091223,83740.87765704127,81646.98858821257,71506.33740500658,82301.91705249752,81878.39619855836,110676.18258907588,74892.20200684095,4
130155.41495745361,149247.04572523187,95395.03251254947,183406.97090708863,93044.65717609611,70284.05461121257,86053.6126558319,120881.11738933533,108705.56339091819,81171.38816969254,79118.69336589496,73078.06737161486,85044.38669018587,83191.15885390746,110884.56790263271,79073.29697290623,4
129296.54917675843,146445.58983392594,101410.35633210617,177665.14303268708,91567.98917865625,70321.80670759759,85156.97242700726,120033.09220470098,101888.21427681617,83744.90097104323,82585.58304137982,71716.08617497518,81381.85219548372,82131.75322195927,109024.0310459174,73417.50096291315,4
130343.19196262264,149812.07547331756,88978.2043073421,182871.7136826174,91836.0312981643,69110.45391684222,86673.11360515519,123081.08783734892,107649.80109331621,82179.83182428264,79540.98487388907,72361.85042403346,84586.3100393188,82548.47914558402,111867.59762377711,78396.44144731063,4
129536.11517383042,147240.32845977886,103041.7207529212,180395.72154232522,92898.76734003631,71033.75447198802,85133.23487439571,119065.97692560876,105221.14994778037,82152.3391786026,81016.4235253839,72710.06825090268,83119.27564373918,82962.6793220853,109224.83911810389,76066.18268086704,4
129754.53642064768,147999.5725154367,92777.95616125538,179101.55553836294,90904.36588577818,69117.00297796763,86066.19668796024,122365.07205546762,103363.71998354436,83761.26244798451,81685.79121658698,71499.00603282524,82263.82967994567,81875.04343689006,110637.20114674582,74832.29933170072,4
130150.78814635136,149237.65799256062,95241.49837988596,183308.42206578518,93027.64749856562,70258.86419521144,86069.12476648387,120906.95600592566,108720.42730098097,81168.23657372434,79103.38242094307,73070.35601977778,85047.98532104318,83180.13944389099,110898.38128070609,79085.92570852349,4
129279.94183062814,146407.03307474055,101564.29279616986,177603.09459007916,91589.89388822245,70346.08070207604,85143.53902858961,119978.97863137469,101907.056797392,83736.58612210586,82588.19819548109,71734.32519845071,81387.52953857536,82142.32559708663,109007.11077536474,73424.11707927192,4
130372.89743100374,149824.2124705568,89022.79603753044,182934.34327058116,91829.5716440167,69131.64337058585,86710.217500951,123226.39652805288,107586.74682220779,82232.5595894527,79594.49495011508,72351.38980762838,84558.12448956067,82537.2809216119,111888.13887693154,78349.94981884358,4
129602.87983451842,147377.21054282316,103044.2241483002,180829.926530114,92940.36393646765,71066.76799854852,85183.39218895342,119242.6451137835,105339.48008292676,82172.56750733465,81021.40796439743,72759.73382708238,83208.41440062695,83004.34297375,109361.63179417036,76186.16684510313,4
129841.30589262318,148126.55277568733,93028.38510613264,179569.1316806235,90944.28610137536,69182.65005143287,86109.40260999235,122579.87231968313,103326.12434937053,83818.21469285664,81760.58015353444,71521.69305344738,82263.18147935647,81892.83542547649,110708.99494993627,74817.83775303814,4
130273.52157515545,149505.05191147947,95172.45384126352,184061.51939171785,93063.79026934985,70275.91857623083,86137.81167719504,121190.91256748588,108817.2327062169,81240.56681878172,79165.05088389527,73127.59883732782,85149.19401993681,83230.25205495978,111128.51484161793,79207.00510823788,4
129357.6364943548,146594.49715548722,101728.57811791636,178131.66864295825,91643.60513014856,70381.61997575998,85153.01616823867,120037.89782975888,101954.86717878189,83748.90193330073,82618.3506987513,71780.86153040666,81437.73155662198,82184.45863538489,109103.46914571157,73491.26171961566,4
130363.48734658807,149844.03846788866,88967.83309791483,182833.0004612208,91793.85355637713,69084.32472757396,86673.4041778331,123092.88955842133,107482.96767270181,82243.7131099359,79608.91182528876,72321.90785669183,84494.35496262967,82505.16146482962,111852.53254801423,78269.99762892695,4
129641.14602102591,147423.29983988998,102957.32056585797,180763.5642008262,92964.74968966839,71065.51630085902,85208.22497704327,119251.13877667651,105404.09897614706,82127.97577714632,80969.59662075003,72771.20027198795,83241.78555509873,83009.01448834116,109340.44234042673,76237.3970433947,4
129816.31664232216,148052.45674281797,93135.94170045159,179249.0547000235,90929.64570875713,69175.00575482914,86075.15973748681,122423.67832942943,103260.07494450509,83830.0387656735,81799.49454063113,71520.66487320243,82230.68204291846,81890.28732660858,110660.44696097935,74762.2489645778,4
130298.48847371203,149502.1908881892,94987.15787972903,183841.37706057754,93052.83791456676,70263.40159933586,86177.06134045856,121243.39446346695,108836.36579947064,81228.36276630912,79136.06067133673,73113.96427321009,85154.55843860608,83218.27151993175,111105.6713587846,79216.50459963139,4
129348.6287413393,146556.1862654908,101810.20668866715,177946.66325410167,91658.51374370024,70395.47805732228,85141.594426822,119948.28968623755,102003.25870552764,83731.55697960341,82617.45662897309,71804.12969638464,81461.71497842252,82207.9503188074,109089.52165717146,73522.01771998618,4
130351.35034934884,149782.92879854786,88918.25692871296,182551.2343706172,91758.8060210712,69069.88550065583,86677.98628544644,123065.32985750794,107416.89591609192,82266.19896485793,79635.57745642394,72297.54445523555,84450.85846791965,82485.4695779645,111813.10407079507,78208.35151771922,4
129639.46964019176,147412.36983685134,102834.98946845406,180622.99407994677,92967.45425074748,71056.53089958798,85216.07043934708,119200.66853769643,105502.24548605032,82097.68916340938,80928.84939060801,72792.79205713178,83295.56385225819,83026.94058739432,109355.9097475898,76319.38324205676,4
129799.0387438582,147946.0177357218,93253.64598675322,178927.41309731163,90922.60490925371,69197.96099638475,86070.6670368513,122360.37818913201,103179.63101621045,83821.79097196949,81810.3574884364,71497.19554152436,82170.82407126714,81871.71302696623,110550.7893026816,74683.88374851749,4
130264.87145005126,149429.59242219836,94735.56664414008,183544.5682459555,93012.09068442472,70216.73115691319,86174.80381426857,121149.27126756565,108869.58049173123,81216.33752779216,79108.23274948988,73105.6494242727,85168.72944459075,83211.45423787288,111101.06689942682,79247.93115233554,4
129326.81343875092,146432.0670285305,101853.90434907727,177621.55713099922,91671.76832816224,70419.61794133401,85139.96274947676,119845.02462685402,102017.49676674567,83677.66692372167,82569.40037839417,71799.3911265601,81454.473013219,82205.31281296168,108981.76389715241,73522.50945836419,4
130343.68370100067,149697.03104460612,88830.54868347033,182332.56725461094,91733.1015149476,69063.55995697498,86690.07857919676,123052.99169456861,107387.30220643309,82295.54680532776,79660.76787242507,72291.15185632132,84443.97413062741,82488.35295299924,111801.68232937841,78186.67032559757,4
129657.97688460075,147384.8771911713,102695.38047258621,180557.70463439284,92992.62231500415,71072.78061780699,85255.27539912169,119234.17380263493,105589.46199291492,82043.30736914961,80858.15082289587,72799.85520837965,83332.28776839827,83036.3953752989,109317.08476747094,76380.4258561642,4
129800.06692410314,147913.00420916133,93357.78276417051,178976.45282464658,90935.68067976007,69224.51486879765,86066.53196412706,122356.24311640777,103183.0061296232,83858.91721950975,81858.68195994878,71524.01763487073,82189.48777788732,81906.15706517185,110571.28585234712,74685.13544620699,4
130280.38356070324,149454.31345156592,94529.34944979542,183602.6380780504,93012.8059402473,70204.32593874048,86204.68809660531,121220.34981493352,108898.92833220105,81199.2160915394,79068.3125338927,73101.91668294868,85176.57490689456,83206.02276397024,111089.17577137658,79256.51422220639,4
129346.88530527179,146478.60336048645,101953.05668748102,177839.9783778165,91721.16568340847,70457.97353481932,85148.90344725888,119889.59400529791,102091.72691008174,83671.29667655191,82566.62876208172,71844.78751954885,81503.98212718751,82249.07752860518,109006.08259511979,73576.44421773484,4
130369.16468967972,149762.32049016005,88825.00545084542,182563.32666436752,91740.7011080624,69077.19452109272,86713.90553878613,123190.85725436894,107352.50054031618,82341.54669541678,79700.64338453334,72295.93512963476,84433.40175550006,82497.60657520372,111830.42667274794,78160.36232237368,4
129696.66775425289,147530.0294196641,102629.06284678732,180962.02533984487,93034.93416725805,71089.65618487075,85280.24229767827,119351.16283311401,105707.07687223874,82040.9157324929,80838.54834300856,72843.61992402315,83407.92607163503,83080.6071258315,109408.59280927097,76484.4508748592,4
129793.74138042229,147951.96329974692,93531.0311354436,179124.06374502945,90947.23653164346,69246.53133708613,86040.80510625901,122346.31894186961,103122.34349517149,83884.37585644434,81901.35144011395,71527.10217560556,82155.87075422655,81916.57297808802,110562.38985805391,74634.24052408226,4
130285.72562762805,149536.81374035045,94386.05241609245,183748.99730074374,93002.16650988656,70180.6107378734,86205.22453847225,121260.06886483061,108928.94672500453,81217.5668737372,79070.86063276061,73101.53670329294,85195.93151759285,83212.90710126246,111153.79466459688,79289.39363830014,4
129315.86108396783,146462.30893877853,102068.8387237595,177768.43044381507,91733.01210796979,70468.94824134686,85105.45165603777,119767.06174219391,102105.4955846662,83645.16748728364,82555.49759334298,71846.3074381718,81494.50498753846,82252.72086295139,108965.17890276658,73571.86211012151,4
130320.32612804486,149672.4888291942,88816.5117879524,182235.33716623034,91693.51657551725,69049.2995440125,86673.94061970004,123091.9060816653,107251.58241410047,82354.46600371195,79722.86101852191,72248.39296917833,84357.94226621893,82456.74758633944,111755.123645678,78052.73867282138,4
129643.71647163827,147449.809008814,102528.7482176719,180652.1407547165,93015.97988795995,71054.45218735364,85242.60196001554,119204.17776157592,105763.1126955882,81994.6029179815,80786.4687784277,72831.21470585045,83418.76666769585,83066.32436112457,109368.62789018487,76505.64032860284,4
129737.34792916155,147789.8237454681,93708.05695152962,178700.92287074603,90927.03055465587,69253.66154356737,86000.7507801951,122224.70310028829,103034.34467725095,83880.75487384258,81919.92573975632,71492.7251926333,82087.98850631577,81887.87333820741,110451.52520555559,74529.90258096487,4
130278.46131068008,149483.52718156902,94268.19166757962,183576.7771097156,92979.43478577552,70165.27744117707,86228.53740793913,121326.81117377416,108938.5132716314,81225.47939127439,79065.42915885797,73082.15774085019,85198.12198854948,83198.44552259988,111151.26891747344,79285.54913825383,4
129322.34308985986,146441.320650735,102220.00357151075,177828.75780209992,91760.52710539426,70501.00064289579,85114.48176079772,119808.4795246696,102152.50130325572,83638.8419436028,82559.65501781166,71864.8593860697,81524.25515940848,82278.40301733054,108979.86399887371,73608.13899137247,4
130332.77604970647,149690.01259684714,88862.8246024638,182390.21240356116,91681.58074397812,69050.70770391318,86689.83271000776,123193.8747398704,107204.1073088774,82408.31135610478,79784.10479832946,72242.24623945312,84342.47485905586,82460.0109410299,111804.61040790206,78020.88743697255,4
129649.88555310793,147501.57564897247,102454.09339119119,180845.25982681036,93028.45216136602,71045.04210293795,85251.34149209756,119221.50036352879,105840.22621395902,81971.17828979234,80754.50578385661,72844.22342112345,83456.2505431474,83076.89673625192,109414.44896631825,76569.70042821174,4
129723.24397841025,147757.45841949683,93870.21885755287,178724.90629254657,90931.00916516891,69267.76549431866,85982.15412880828,122185.3416783025,102975.31372014448,83896.1999292612,81950.56998140455,71487.38312570848,82048.15769769641,81884.05118990556,110418.39992027283,74473.86675761543,4
130297.39323823372,149520.1393389868,94118.8149593848,183697.67769547435,92973.6456839616,70147.39604561283,86251.98438787276,121399.00730836479,108963.30135623233,81236.78937396877,79050.49819356183,73083.47649377305,85216.09279109155,83194.33280162011,111195.61477847277,79305.91157745261,4
129322.09722067085,146428.1107697619,102312.71860751136,177877.2834393124,91792.95948659892,70522.77124199524,85107.95505141676,119763.23959389205,102178.27286461269,83610.14230372218,82528.4296308076,71882.2713950004,81536.7944880479,82279.85588072013,108957.60166139623,73617.39261357697,4
130328.4621630266,149667.19146575828,88839.77995393038,182359.9928450576,91668.46026998285,69043.59984917639,86694.32541064327,123205.00590860915,107148.5408721615,82449.23740020244,79807.21650209624,72235.80893704998,84324.88403616953,82448.58919961324,111803.13519276801,77974.57462246116,4
129703.03800142265,147588.16630699235,102376.64459665354,181116.20767309758,93072.0157113094,71066.45507412613,85306.86322532455,119366.33966759917,105951.69436355763,81962.17053677684,80719.68176599524,72880.67911633005,83537.34267203126,83109.84320757905,109479.29137698309,76665.23178401373,4
129767.4333771984,147825.899461019,94057.72764178844,179019.2564152785,90972.76222381143,69316.98403560926,86011.88194893383,122311.04788911915,102956.94058620222,83937.50595301461,82008.84097919954,71512.64059694298,82061.14406122496,81914.5389693426,110458.49894982565,74466.69184764527,4
130311.27367154048,149618.84464250144,93959.71524235193,183918.78115162626,92969.97999787093,70121.06569064446,86271.92214392689,121465.68256207497,108990.48107749,81255.56483931124,79047.63717027154,73085.51050251847,85238.4668872913,83202.78176102422,111254.93630825715,79341.27203718091,4
129355.66954084272,146530.79468378957,102430.13232113508,178166.87264047537,91843.31796685672,70561.01507675828,85127.31166211507,119840.44251924069,102235.06864727363,83604.59907109727,82543.62881703721,71905.98659586748,81575.19478502212,82318.45734339445,108997.61128397123,73674.56837589364,4
130363.95673322162,149771.19413270883,88880.63894279469,182604.72209509875,91672.17065956243,69057.56968946096,86720.67811735609,123336.43416600635,107110.58761007639,82496.1760635586,79870.15901448239,72233.99844574911,84314.28930929772,82467.74464461145,111864.13310338654,77957.92257284196,4
129696.4665885528,147676.72391852428,102256.36985973953,181228.03345060747,93071.1216415312,71040.12471915779,85296.04498100818,119294.0541260307,106031.80301568545,81942.9927400342,80690.33392552543,72895.07363975927,83584.39309410968,83135.123030558,109540.19988062381,76741.45123260633,4
129713.34215561656,147731.79861686213,94139.0656398613,178640.6178642056,90947.03536594336,69307.30573026011,85968.07252980144,122099.84625576095,102863.46559089013,83916.49531322662,81999.87792967295,71477.86128257052,81993.01594412517,81893.34951559897,110335.43024485472,74374.89323316733,4
130296.83444462233,149556.39386849332,93720.46216970232,183529.30200449252,92932.76434335284,70085.6381756828,86292.82102499259,121389.23959603782,108994.88437114768,81231.76023146632,78997.99394583631,73062.62231619624,85239.40566055843,83193.30462137517,111199.54868549689,79334.63356907769,4
129322.61131079332,146399.4558333702,102415.98366689488,177694.58028013472,91846.15663840255,70566.8041785722,85121.07552541203,119641.60140056627,102266.20462729987,83547.57977099178,82480.0157523174,71911.50747674794,81586.79534039443,82331.06372726723,108885.87491343915,73681.96680330834,4
130327.1657618482,149599.04099691403,88773.73054906495,182035.7137365,91631.91516779842,69039.91181134127,86727.0260127814,123218.81928668253,107026.83562360235,82491.79512164535,79855.6974358198,72201.76723024454,84267.79768083068,82442.75539431041,111732.48132854479,77876.07048464663,4
129704.35675434551,147612.70852240425,102063.02727020113,181004.00191593193,93089.36066500672,71050.09359718485,85340.86022864106,119300.91611157848,106130.26245001107,81897.01520168963,80615.8802647448,72912.57505566777,83646.86621986225,83151.126879588,109501.88899062741,76820.88933240049,4
129696.17601587488,147624.1973190543,94241.66014691116,178433.23837914926,90959.66410156061,69344.05199814463,85963.53512567701,122049.71129294769,102818.15860487922,83916.78588590454,82008.08101988805,71482.46574192832,81976.72152241725,81897.05990517854,110263.34586898636,74335.82238385944,4
130302.86941562527,149548.25783351157,93546.72206005122,183552.4360600038,92931.17736949651,70086.4875419721,86320.00074625025,121473.93035577898,109025.0815779068,81247.00412118484,78986.75101837529,73067.83027265433,85272.128614441,83192.92464171942,111221.22987761855,79365.30016247036,4
129324.80178174995,146389.08462394294,102525.08253158124,177824.39921193116,91885.69687434398,70614.05576635072,85122.34957484598,119679.71112486257,102308.31531385367,83534.63811095216,82463.02842653137,71936.00498867095,81615.18205585267,82344.98886406289,108877.42595403505,73709.81707689966,4
130305.41751449318,149581.13724960535,88796.28345922036,182113.31899324883,91610.79276928816,69040.15768053028,86703.82490203678,123230.12926937692,106973.79493400991,82552.8824392417,79912.5155702252,72200.89551221079,84253.38080565701,82436.83218202976,111760.91274749194,77833.19983878134,4
129704.02147817869,147628.98059236773,101990.56291467702,181094.61588795375,93106.61621172621,71055.43566410967,85348.77274617825,119336.47773700688,106190.29923561803,81872.16006185533,80569.90272640024,72914.87728534667,83666.26753404946,83145.4718882408,109490.71311839976,76853.6346380275,4
129689.358733816,147613.7367026492,94444.27871039853,178555.32360736415,90970.5717528548,69372.43871360287,85946.70426210217,122066.63156350036,102796.8126889244,83964.05982542751,82073.41516893091,71496.56969267961,81972.2511735262,81914.40485887586,110283.41773550723,74308.79912481298,4
130311.38543026274,149595.9117526903,93435.11979998587,183698.59411699703,92920.73910483588,70069.03082955252,86336.25046446925,121566.15365340158,109041.01837170344,81264.70670279345,78994.95410859038,73058.62135393874,85273.6261813195,83185.61562128254,111259.65252633722,79370.99985730647,4
129331.88728474228,146447.33326999345,102671.6876234636,178084.77468309103,91921.21379628347,70641.83898470867,85115.26407185366,119713.05992758989,102372.57657916268,83540.38250927717,82479.61342091722,71961.26245990544,81649.15670742473,82375.25312605538,108933.19355645103,73758.67799027896,4
130287.78198811795,149590.2120578542,88856.7225762275,182173.82516548934,91593.24664989075,69030.9934653036,86687.0163902064,123244.92612420632,106890.981720803,82585.9406692911,79958.31429461412,72170.94417464068,84190.28183105968,82414.39103059663,111766.18775918339,77752.51004129769,4
129715.37616436198,147710.67621835187,101977.10716451492,181325.71057387718,93129.43734281509,71060.42010312321,85360.26154282827,119421.81669733724,106265.08817256549,81864.7169309517,80554.90470587072,72927.23780003045,83698.23052862055,83154.94902788986,109561.88107274545,76907.85997007608,4
129656.27815202215,147607.96995257973,94691.62311454095,178629.44199197795,90970.23647668798,69386.85558877654,85906.15819766023,122027.11367930338,102731.32207767035,84003.3318404355,82130.30035856967,71492.5687304221,81924.70901306976,81907.36405937244,110308.51874453053,74245.40957753774,4
130299.69546791262,149630.065218218,93382.36968307135,183762.90008579494,92897.2250696689,70047.4837478976,86337.34569994756,121631.97954082246,109010.5305922664,81286.41024665955,78991.31077424416,73032.44746118158,85234.98001515628,83150.97041737681,111294.76711687651,79337.53929585687,4
129319.68323226969,146471.04847086055,102840.97973596808,178199.99792575813,91937.30705229129,70655.78647324878,85095.2816123106,119691.69165989062,102405.54540223425,83553.50298327244,82489.82816813329,71978.56271011385,81655.75047203904,82383.41151278157,108985.18371405409,73779.62157483358,4
130289.59247941882,149596.87287770188,88952.9468361076,182187.37032262926,91572.66069324741,69029.47354668065,86691.33027688626,123304.96290981329,106804.4581180165,82638.57902748336,80008.96334754984,72147.6760086627,84125.12649597246,82389.15591110659,111776.42485814392,77678.12343575043,4
129727.35669939003,147773.70813771585,101892.86343966288,181426.96397625972,93129.83967421528,71037.19664063414,85362.63082774053,119429.46099394096,106346.02383923816,81864.31459955152,80533.02234804897,72941.05117810384,83730.50644761401,83164.38146404999,109628.3775125,76977.95504068793,4
129654.46766072128,147585.81937382455,94838.71994480133,178559.88336323304,90970.3705871547,69393.06937373512,85885.32637182789,121968.52975708601,102679.48838227849,84016.78759059758,82158.50826007227,71485.75144836324,81881.8830706934,81905.37475411591,110272.28656676848,74200.32610897138,4
130302.93647085864,149634.8708432759,93160.37215714123,183631.71769758675,92870.20181062244,69999.33809034087,86341.32431046061,121585.86789201116,109022.44407206107,81286.74552282639,78984.0911607851,73027.46302216804,85238.53394252466,83151.9315423884,111304.31131175892,79353.47608965352,4
129291.43062727817,146366.86698995437,102795.53863949045,177803.67914482107,91944.1019826057,70640.18495561897,85072.30401901055,119486.99438416892,102417.30241981774,83479.38459865864,82421.87886498915,71974.85232053428,81645.80394575643,82382.18216683653,108853.75545665687,73772.1113886966,4
130254.43318539062,149447.8761491628,88825.49718922343,181703.81268308315,91532.33814625004,68992.41435437374,86678.03098893535,123149.50652712662,106735.01124799387,82637.08146060485,80013.29958597418,72135.76252886803,84106.73101028574,82386.33959130521,111683.64276690994,77618.80190596604,4
129679.27809706666,147609.2887055026,101583.44824116805,180869.42206256653,93110.63952572817,70986.12290455376,85356.32763580413,119206.68115695492,106390.32499674858,81764.29054311402,80423.25293102895,72936.24555304594,83756.68034037118,83159.66524596993,109496.01048183566,77002.20668342194,4
129665.84469864902,147418.047179943,94887.35734073608,178171.2088788997,90992.61057288773,69437.12466205654,85924.62073858033,121965.26640239554,102634.2260997565,83973.00052320964,82137.16234411745,71489.30537573164,81880.07257939251,81914.36015538695,110118.46186142706,74149.16296591317,4
130346.43296556866,149627.67358156128,92913.74300882137,183680.53390747713,92874.8286217247,69998.35461358483,86403.52921527973,121701.47111433401,109094.9531310741,81295.61916537514,78982.50418692878,73068.70199068809,85334.4899814713,83192.54466206368,111359.96715545263,79428.3991370677,4
129339.35276739034,146406.63074334036,102799.5172500035,178072.4812236406,91997.3661896427,70685.96132826345,85104.1329031149,119551.97090530049,102518.48876696691,83451.55667681179,82405.89736770361,72034.97851311904,81745.67153998275,82432.67475756106,108884.89143668312,73862.65830548505,4
130286.26206949497,149473.42419307522,88790.42730217306,181870.6237519531,91536.45086722981,69013.82732556193,86701.99205899144,123233.32556883403,106687.31262532625,82654.06878639088,80034.46668797334,72139.2270492586,84105.43460910734,82384.52910000434,111669.06942952507,77581.69801017022,4
129770.1826417664,147783.25233259826,101466.90624557808,181402.77938875908,93167.68117757812,71031.74281498704,85430.7142413514,119446.04598832679,106531.85624263958,81767.30802861549,80404.49981743096,72992.66135605113,83871.7024173382,83207.07329595964,109602.94122730986,77135.1548594421,4
129655.38408224394,147468.74093636763,94976.42904239047,178381.0470558461,91005.26166024944,69448.97108661784,85893.3729998318,121877.80402634192,102631.00744855494,84003.46595090222,82181.88818477251,71519.32376853512,81893.70714351024,81942.1880772338,110146.08861757381,74153.72272178206,4
130331.16672410569,149648.59481437146,92690.91846834643,183609.67887755382,92858.40008955004,69965.81047365791,86407.95486068189,121673.82200644279,109088.62758739325,81278.430673889,78945.08736671059,73043.60098166479,85312.5405684162,83172.629257754,111303.99838733654,79417.37972705123,4
129337.29640690047,146410.8552230424,102823.9700584376,178032.80687723242,92036.34763197275,70714.57156116625,85111.93366192981,119544.23720171896,102572.98231994896,83410.69768794748,82363.36199800516,72043.96391439009,81760.33428434543,82454.7582810829,108823.58060164221,73904.03138447182,4
130257.4506708921,149433.52632922248,88760.43126111403,181718.9895175683,91523.82213161256,69004.37253765733,86688.1116256847,123208.29161504407,106628.19226124196,82671.50314706602,80062.87575517605,72122.30677870593,84068.28600982261,82385.8478529272,111629.64095230591,77537.73212882664,4
129768.50626093225,147814.72358879133,101314.57910711518,181419.16321744482,93189.16120399967,71025.28316083946,85438.38088969958,119469.80589268278,106629.35455195363,81736.75319394509,80362.41148262161,73008.24052193649,83923.91609238579,83234.38712768402,109621.0237885742,77216.73872670397,4
129638.97790181375,147440.82360754296,95126.6551168746,178341.03743327112,91024.77473315892,69476.41902880896,85867.71319719711,121868.32688669287,102597.59159059425,84006.10345674795,82206.83273158464,71516.01571035573,81871.44480603276,81951.21818199375,110105.36373917625,74122.38557605572,4
130327.94807290412,149680.02136707562,92560.0490045606,183663.63598866892,92847.02305162228,69950.1642525392,86408.29013684871,121746.24165847799,109096.09307004132,81287.57253737123,78947.92603825641,73031.53103965892,85314.61928065054,83164.47087102782,111336.69898947467,79427.46036380058,4
129310.11668564282,146409.3576561639,102900.45772796366,178063.33936015837,92053.80434439235,70723.66872115956,85076.21557429023,119478.76894220937,102620.90446006114,83389.9329173485,82349.99565482089,72056.54794651842,81773.99120020762,82459.89918230762,108828.45328193347,73931.92636155205,4
130218.37982158421,149389.51574439,88799.07742727727,181594.9596875858,91492.01559925266,68989.86625550584,86654.29343632382,123165.97976279019,106558.74539121932,82707.73532482807,80105.74640104132,72098.65863307222,84014.46300917423,82359.0928148142,111607.60213227298,77465.49129074709,4
129720.74058303125,147769.55071324715,101192.40447192246,181215.2259010346,93167.16708745564,70991.24145403403,85413.57045335419,119373.60398454714,106668.24658730587,81691.26739397853,80298.7537144129,72987.54280657087,83913.0084410916,83203.09468544659,109575.40387814092,77226.66290124213,4
129569.10634864646,147300.72287329708,95280.27865651592,177970.28904799093,91000.0760555358,69473.96033691887,85817.82410357286,121712.82580051731,102519.8969268676,83991.19484319627,82200.68600185943,71481.81754133911,81805.1048284894,81915.70126005427,109993.1132785217,74033.49268835696,4
130325.44467752513,149655.23328247468,92436.60031993393,183550.7820309141,92824.09016181114,69934.36156920929,86434.44167786142,121821.92466520365,109099.69170089862,81299.82129333273,78945.08736671059,73010.94508301557,85318.95551907487,83147.75176617525,111335.82727144091,79421.78302070893,4
129323.95241546065,146422.58988888146,102990.78112730755,178161.86584971737,92083.2862953289,70750.55786973928,85091.07948435302,119518.57739908427,102687.84793470478,83374.7784346078,82335.51172441384,72075.16694964969,81820.81810484148,82486.9224413541,108844.7924071303,73986.73283895646,4
130250.47692662204,149419.40002672674,88878.71669277153,181762.24014308932,91488.97576200674,69006.58536035841,86681.02612269236,123298.41384868788,106499.133288757,82749.98012184861,80161.37989299058,72082.99006020905,83999.26382294463,82357.14821304659,111630.91500173986,77429.92966531869,4
129743.89699028696,147872.07816506366,101082.97033106927,181539.5497130811,93178.87940155024,70975.66228814868,85422.93583428096,119425.41532819455,106769.65645189959,81687.15467299875,80288.11428405218,73012.2861876829,83992.98298275268,83230.63203461553,109687.11789692854,77338.98041713005,4
129593.89443324739,147333.51288241302,95492.64258058579,178169.93482946572,91022.56191045785,69510.28192165875,85819.99222278503,121772.88493786872,102475.10403097917,83996.13457872088,82226.81519112768,71478.08480001507,81783.33422938993,81917.31058565505,109985.04429877333,74006.84940896624,4
130342.23083761107,149725.0377804086,92340.01843214255,183757.84859154804,92804.59944064611,69908.61235959678,86443.89646576601,121895.4172009727,109107.29129401343,81323.6482529221,78958.94544827288,73008.57579810331,85333.97589134883,83142.40969925043,111419.37809221484,79450.92969547864,4
129312.66478451072,146432.58111865298,103099.81293676054,178246.0648710805,92093.83631871181,70750.08848310572,85060.09996653795,119451.27629652934,102719.31919089785,83346.92816101649,82312.93646251399,72085.0687724434,81835.25733175961,82482.20622327403,108858.80695090377,74021.17687716208,4
130239.72573753903,149385.87241004378,88977.1537753527,181703.9914970388,91460.76786050414,68998.89636026578,86667.25744810789,123319.67035766487,106396.9634648518,82776.15401460577,80190.14658810456,72048.54602200341,83936.34366230294,82316.44568639346,111609.63614101842,77350.17864110216,4
129822.68688949192,148004.24403002788,101097.70013066533,181936.91902600756,93214.61984093426,71006.97708213057,85485.4760152669,119688.09302903332,106863.75729605643,81698.59876615986,80277.56426066927,73034.54852516038,84054.71850093824,83241.38322369853,109799.99420642784,77428.18622925118,4
129611.59701485599,147410.91697346175,95760.63999660492,178513.2799760437,91036.50939899795,69530.93493353545,85795.56176609537,121807.30662432988,102461.06713546123,84058.40653877337,82307.75085780035,71502.93993984937,81792.87842427235,81932.12979222892,110099.30641642887,74014.49370556996,4
130354.23372438356,149801.68191214584,92291.00105655206,183932.68393667747,92779.23021068933,69873.38601033522,86436.18511392894,121940.59007651688,109076.46823840955,81357.22057309396,78981.20778575038,72987.38634435968,85314.59692890607,83113.97828030327,111488.89201747085,79440.42437558465,4
129341.07385171342,146499.81516597452,103260.99136602777,178439.4074606189,92122.29008940341,70767.7016577365,85053.81912634602,119494.37045983916,102748.5999761343,83342.10018421414,82298.34077338467,72090.23202541257,81844.6227126864,82480.75335988443,108898.25777986739,74055.53150838989,4
130231.61205430176,149388.0628810004,89091.39354126377,181700.28110745922,91431.62118573442,68971.71663900813,86630.198255801,123282.18648221332,106307.35532133047,82833.82151530046,80249.4904696334,72028.56356246037,83888.95796405768,82291.25527039234,111654.54079562913,77292.82406482984,4
129816.54015976671,148002.00885558236,101024.31935361856,181835.665623625,93206.1485297857,70964.41936068767,85466.38762550207,119616.61215026524,106887.33838645679,81675.28589669298,80236.43705087151,73021.87508605422,84056.12666083893,83219.65732808797,109814.16521241251,77457.62347669882,4
129603.55038685208,147328.84136782188,95986.12439467006,178310.90728174537,91038.25283506548,69535.42763417098,85771.53364080592,121749.81793759084,102377.22574200938,84062.1392800974,82316.6245003491,71484.74561986275,81740.1953625912,81906.76056227215,110046.69040998106,73947.39376871512,4
130361.78861400946,149781.07360375806,92214.96042191511,183842.47229605584,92752.9892626988,69834.67278893862,86444.47761112185,121972.12838794332,109049.75790378546,81376.37601809217,78987.06394279766,72972.70124825255,85306.79617009118,83087.53616661266,111533.23787847017,79434.2999976039,4
129332.28961614247,146451.20012178423,103373.04066098222,178332.23084595572,92134.53884536492,70760.59380299972,85040.16221048382,119418.62039788013,102761.13930477374,83312.81939897769,82275.02790391778,72098.30100516093,81849.85302088893,82474.09254003674,108889.29473034081,74072.51883417593,4
130223.69953676457,149326.61793549274,89191.305838979,181557.5652191121,91405.71551391072,68955.28810683348,86627.56074995527,123277.51496762216,106208.9182387493,82869.1149197954,80300.78772315833,72010.21278026256,83846.04261470349,82266.98127591387,111647.87997578144,77224.71829947452,4
129821.27872959123,148001.04773057078,100947.38464920339,181800.32751564117,93200.94057332762,70941.70998832108,85484.55959374424,119635.49937432997,106928.15267183217,81647.70384403513,80205.63634701209,73021.07042325383,84079.21601286126,83206.89448200399,109831.6219248321,77502.75164875409,4
129555.20356359525,147232.66181143068,96172.78381261633,178103.4383897112,91016.05755282135,69522.30716017571,85725.31023327235,121597.91548227257,102313.99265694531,84063.88271616492,82350.71091064345,71475.08966625806,81704.00788831805,81895.11530341093,110007.57485718429,73904.07608796074,4
130317.21923556559,149677.339157741,92094.81979546783,183482.58685858094,92703.10016907456,69781.00625050144,86430.97715747084,121894.83605561688,108977.00297558344,81356.28179982684,78971.46242516786,72922.49923020593,85246.78173622867,83036.97652065475,111456.92902289976,79373.07856954081,4
129283.518109741,146344.51524549906,103442.15225483803,178061.43946187967,92133.46596163107,70748.21093657147,85011.28375664756,119291.84130332964,102794.4657557566,83275.8496136486,82249.166935583,72099.99973773953,81857.83259365948,82471.18681325756,108844.43477921901,74095.51877922044,4
130153.96209406402,149145.23352923794,89251.23086586368,181116.76646670897,91355.22292318619,68924.88973437426,86589.65219135907,123165.71154185673,106079.59104533089,82869.18197502875,80313.66232796459,71955.80863425836,83753.8193170809,82213.1582752655,111540.92687856281,77104.04123116031,4
129802.90559564896,147927.1528634015,100845.01365959807,181664.54066807518,93190.88228832273,70917.81597349835,85486.54889900076,119647.63637156921,106982.10978294729,81619.40653555472,80164.48678546987,73018.16469647465,84104.67464979585,83192.47760683032,109837.43337839049,77543.02949226255,4
129565.39595906687,147165.3830606202,96403.43146365065,178132.16038133626,91033.78248617442,69558.53933793776,85729.78058216341,121672.86088143122,102270.47381049083,84076.2432308487,82383.41151278157,71475.58140463608,81685.00890553104,81885.95108818426,109991.88393257666,73865.11699737514,4
130340.15212537673,149713.2360593362,92015.44875090705,183725.8632452325,92687.14102353348,69759.14624442413,86446.9586547564,122008.94171106121,108990.99516761246,81403.89101551665,79008.25339654129,72930.12117506519,85278.56591684412,83034.83075318704,111570.96762311073,79403.05225885537,4
129324.8241334944,146398.76292929208,103547.69719215599,178393.67579146335,92170.88278184924,70777.46937006347,85026.3711841549,119385.38335387509,102842.79022726897,83256.24713376131,82239.15335406702,72117.50115364805,81893.97536444372,82477.98174357197,108885.38317506113,74145.83255598934,4
130174.99508559646,149191.79221293834,89343.18594255281,181403.98638295967,91348.71856554969,68924.08507157386,86585.40535991256,123231.06804264404,106020.44832950215,82928.1235251574,80385.7690555774,71956.47918659201,83747.09144199984,82211.99598455381,111616.78869924412,77079.61077447067,4
129788.35461000857,147953.01383173632,100698.09564329335,181728.86898861756,93179.86287830626,70874.49829274396,85466.87936388009,119558.20704200353,107011.70349260612,81585.72245666057,80117.14579071353,73005.93829225759,84114.86704526747,83175.22206011083,109847.80458781775,77579.32872525796,4
129487.83540580695,147014.68759950253,96502.85202298785,177724.82219038275,91011.05076206336,69536.65698011601,85658.81379351781,121409.98201489235,102170.5615127756,84037.2841402631,82364.94897186148,71435.03534019415,81606.53193074846,81846.18733479826,109853.52663439831,73774.52537709777,4
130347.28233185796,149654.94270979677,91880.64538009708,183524.54108292356,92670.73484310327,69750.67493327557,86476.15003301502,122089.02801144458,108951.90196656012,81394.0115444674,78987.95801257587,72899.9016165616,85252.43672757587,83005.01352608365,111523.60427660994,79375.58196491981,4
129314.54233104496,146358.52978927252,103555.76617190435,178336.76825008015,92188.02656984646,70782.02912593236,85014.50240784913,119325.86065839061,102894.71332963865,83224.95469152388,82216.60044391161,72143.58563942739,81925.24545493668,82492.6668396791,108893.16158213158,74199.70026012663,4
130184.15930082314,149131.01781976435,89373.13728012292,181294.99927699557,91337.36387936638,68933.13752807827,86595.28483096181,123266.5402610946,105926.16867138966,82938.53943807357,80410.08775354478,71941.45881431804,83691.72617098405,82188.37019066456,111568.35246900946,77009.26983466982,4
129842.15525891249,148036.02821064333,100557.16789450264,182012.3561635442,93202.9969338175,70881.49438875847,85511.64990802406,119695.58086342584,107117.71781655763,81587.04120958343,80112.29546216673,73052.85460386927,84201.94944166535,83208.48145586031,109961.30674616179,77696.98830807071,4
129545.86053441293,147076.31135896582,96673.14996399284,178056.3879676328,91048.0876026258,69583.05920160523,85684.09361649676,121531.4860977514,102154.98234689026,84054.87496314943,82409.29483286082,71463.73498007476,81619.94297742164,81865.9239251523,109887.54598945928,73785.14245571404,4
130379.31238166243,149728.5470042881,91721.18803515293,183748.68437632138,92656.58618886308,69721.08122361675,86490.81277737771,122148.01426506213,108937.30627743082,81411.49060863144,78999.75973364827,72900.54981715081,85261.69034978037,82996.69867714628,111581.49529474918,79392.61399419475,4
129340.93974124668,146398.58411533645,103568.46196275497,178469.8728883115,92220.1236748843,70794.03201270486,85014.27889040457,119304.58179766916,102942.300193584,83191.49413007428,82189.37601916505,72164.84214840438,81958.21427800826,82503.30627003983,108890.14409663012,74253.12092937481,4
130175.19625129655,149101.1335374276,89377.71938773626,181223.78661916096,91312.73225697664,68914.1608970357,86567.43455737049,123197.07103932752,105853.74901935447,82971.82118556753,80454.63478024422,71932.78633746938,83667.0498451054,82177.1943184369,111556.30487874805,76965.66158123751,4
129873.67121859446,148055.98831844193,100405.06427348427,181990.54086095584,93211.44589322161,70876.84522591176,85537.66733857004,119758.54572755644,107153.65942164176,81542.49418288401,80052.90687714898,73045.00914156546,84218.132104651,83193.61754579753,109921.945324176,77730.00183463118,4
129525.5204469586,147025.08116067425,96798.94558178731,177947.37850992425,91049.87574218224,69590.94936739796,85645.44745033354,121442.2132303969,102123.7569598862,84058.69711145129,82427.33269063625,71473.07800925708,81610.95757615061,81871.3777507994,109859.96393680143,73765.85290024911,4
130377.85951827283,149719.9862861617,91586.71994050979,183664.0383200691,92633.78740951866,69697.07545007174,86492.0644750672,122177.96560263225,108913.9040009861,81425.03576577136,78997.18928303591,72884.56831986527,85252.16850664241,82978.8843368154,111579.90832089285,79379.42646496612,4
129341.29736915797,146400.1040339594,103620.09449244673,178479.23826923827,92243.83887575137,70810.10291696822,85006.45577984522,119308.96273958239,102988.18832495074,83156.02191162371,82154.41789083695,72174.07341886443,81980.58837420802,82510.03414512088,108875.16842784506,74290.35893563736,4
130157.0242830544,149058.6428712181,89466.38875799045,181137.77710649694,91293.44270151171,68914.71969064709,86551.60952229614,123224.25076058517,105754.708439673,82992.07186604403,80484.00497245848,71897.2694155299,83604.12968446371,82149.32169310114,111521.45850914223,76883.31775466415,4
129864.88698302353,148095.97558927245,100286.26475170431,182086.0722167578,93209.5459949429,70850.11253954322,85533.57696933472,119786.53011161448,107229.29772487852,81529.8430955223,80027.55999893666,73048.36190323376,84255.90655278046,83195.89742373198,109992.62154014368,77801.03567851016,4
129491.0093535196,146969.2465030249,97004.80514822068,177864.38648276168,91052.8932276837,69602.48286753689,85608.29885104882,121377.70609589889,102064.92716847983,84045.82250664502,82439.62615008667,71453.98961949225,81557.60396213579,81847.10375632092,109810.70069202194,73710.75585016678,4
130372.04806471444,149726.4906437982,91516.62486989795,183674.56599170758,92609.31224934009,69672.55558640428,86500.93811761595,122259.77298733867,108888.4006605626,81443.36419622472,79009.90742563098,72860.31667713127,85228.69917496433,82948.9329992453,111616.07344342154,79361.6344763797,4
129350.3274739179,146437.1632262663,103731.20501413406,178660.53326851528,92272.47146039862,70824.38568167516,85009.24974790213,119359.03064716229,103054.28243330508,83142.83438239509,82148.3382163451,72191.4407243062,82011.2549676007,82517.90195916915,108926.01864648088,74347.28882876501,4
130157.96305632152,149083.16273488555,89598.04053283221,181298.6426113418,91281.48451822813,68907.50007718803,86543.56289429223,123285.0028020147,105686.60267431769,83050.34286383902,80558.97272336158,71889.91569160411,83571.96552419252,82136.62590225053,111580.86944590443,76840.15653612097,4
129901.27562299678,148196.06670094334,100214.38154153604,182340.68093784823,93227.65090795171,70843.42936795109,85567.41751044006,119912.41513638677,107278.98565280267,81519.49423783949,80006.54935914867,73049.97122883455,84278.61592514705,83186.84496722757,110052.63597400617,77854.23283031379,4
129508.48841768366,147025.21527114097,97223.67342992705,178095.4364651962,91077.25662913999,69624.45463233646,85603.51557773538,121415.39113705054,102049.0350781721,84077.91961168285,82493.38209550169,71468.69706734385,81557.73807260253,81862.63821871737,109860.94741355747,73715.06973684666,4
130387.04608524396,149808.49919420472,91422.41226701884,183865.8522207561,92590.26856306418,69639.22913542141,86509.1635595755,122322.626092747,108872.32975629924,81476.9812198855,79043.94913243642,72852.20299389398,85227.11220110802,82941.48986834167,111691.68939491385,79373.92793583011,4
129328.46746784062,146444.74046763664,103750.51692134344,178626.22334077637,92276.3830156783,70808.02420473388,84980.14777662132,119244.63441904003,103073.05789864754,83095.89571903893,82111.79311416068,72190.45724755016,82007.49987453221,82513.54336900037,108901.8564107247,74377.1060558684,4
130139.03112876788,149016.19690849746,89642.83342872065,181058.85309682527,91251.7343463581,68896.57007414938,86531.67176624201,123241.66276951585,105570.73123106138,83052.51098305118,80578.2175753376,71850.64367659613,83494.963764544,82103.50061696775,111505.45466011223,76755.53283161316,4
129887.01521003428,148180.77810773588,100029.86789105748,182209.252680451,93207.91431759768,70801.87747500867,85559.5943998807,119842.23065879711,107344.02922916762,81490.99576365898,79970.49599534227,73059.47072022804,84320.32428030066,83195.87507198752,110088.24230292348,77928.32886318312,4
129501.17939724677,146947.67706962553,97341.3777162287,177912.5544920629,91078.88830648521,69639.05032146578,85591.24447002941,121356.33782819961,102009.89717363086,84053.98089337122,82498.14301707066,71469.59113712206,81537.97913050403,81864.0240268736,109799.92715119448,73686.23598649932,4
130382.4192741417,149747.83655975302,91235.70814558366,183630.51070338616,92552.0470800456,69604.44982104895,86519.89239691406,122299.89436863594,108832.76716861334,81461.49146097797,79024.1007833601,72828.46544128245,85206.50389272021,82919.31693784201,111653.89259503993,79347.41876690612,4
129369.92995380521,146453.7705723966,103747.25356665297,178685.36605660513,92311.16233005075,70837.77437660389,85014.92709099378,119301.07257378967,103162.42017297987,83054.00854992968,82085.26159349222,72223.09079445491,82074.77862534269,82542.98061644801,108919.38017837766,74454.06311202802,4
130165.94262909207,149002.96467577992,89688.29687694274,181083.68588491512,91249.02978527901,68918.02774882648,86550.5813420512,123299.82200858856,105516.93058215745,83070.99587571573,80622.54108459248,71853.83997605323,83487.67709585156,82104.59585244607,111503.59946532243,76717.91484569489,4
129942.04520488325,148270.0956785793,99878.68069156179,182479.95465754924,93222.77822766046,70810.2593791794,85608.47766500445,119979.20214881924,107436.49839597922,81474.76839718442,79951.96639918881,73087.79038045292,84395.20262422593,83217.86918853155,110163.41121952668,78023.70375677393,4
129519.15019978884,146962.69744189948,97495.62710471477,178045.10033668284,91099.11663521727,69679.12699927414,85591.87031887416,121364.65267713698,101981.86808608391,84044.14612581088,82529.4354593081,71478.50948315972,81530.31248215586,81867.98028564219,109786.80667719922,73677.74232360629,4
130404.03341102999,149805.68287440334,91131.81723735538,183773.85244057805,92531.08114374652,69598.5266087683,86545.21692338191,122390.17306449093,108816.7409678389,81479.17169084212,79039.76935622327,72823.19042959099,85211.95771836731,82914.08662963947,111701.03242409616,79361.20979323504,4
129421.76364919706,146558.6896608698,103804.94341909212,179008.03583956193,92351.5966357704,70878.85688291275,85050.08638502198,119409.21031346444,103238.72902855028,83046.76658472617,82085.99920105925,72253.33270470295,82133.89898942698,82572.75314006247,108989.92228387861,74550.77911028614,4
130143.00973928091,148992.83933554165,89739.86235140114,181042.93865477308,91215.2339476626,68898.17939975017,86519.89239691406,123194.23236778169,105421.17570891092,83099.67316385188,80674.6430009178,71833.9022199991,83441.61015052917,82090.29073599467,111501.85602925492,76671.57967943903,4
129938.24540832585,148266.56410295537,99682.2312095441,182311.75778052304,93207.55668968639,70779.59278578672,85623.43098204506,119922.67458709177,107456.95024215583,81421.77241108089,79883.07832277755,73063.51638597446,84391.17931022398,83193.19286265288,110119.15476550517,78055.48793738938,4
129503.14635075885,146879.05721414773,97618.62875445232,177785.03778994535,91101.03888524043,69691.95690059148,85574.97240006595,121245.38376872346,101946.55232984452,84027.56113142504,82522.66288073813,71470.86518655601,81505.88202546621,81867.2203263307,109716.75631007628,73656.26229718474,4
130413.15292276775,149775.01628101067,90988.74372109697,183600.40290360487,92504.97430622272,69577.18069281349,86564.68529280249,122402.31006173017,108796.98202574039,81489.45349329156,79043.97148418087,72807.20893230545,85205.85569213101,82901.79317018905,111699.53485721766,79358.61699087823,4
129379.83177659892,146464.16413356832,103778.16602923466,178699.02297246733,92350.05436540299,70870.8773101422,85017.16226543931,119231.15631713347,103268.47920042029,82979.0407990266,82016.57468278107,72248.3482656894,82129.69686146938,82562.82896552431,108910.41712885108,74568.86167155048,4
130153.04567254135,148939.77629420476,89860.07003308178,180950.78241238385,91213.95989822864,68929.89652513225,86528.94485341846,123281.38181941293,105354.12047554499,83137.31350151463,80716.61957700487,71821.80992624878,83404.77447566683,82082.06529403511,111476.41974406478,76613.17457117731,4
129933.97622513489,148286.2559898205,99591.68429275564,182384.93739186972,93211.1553205437,70771.79202697183,85622.13458086665,119947.79794785952,107513.79072830567,81412.58584410977,79860.19013645532,73071.11597908926,84412.50287443434,83189.70599051786,110172.53073126444,78099.49852222187,4
129478.17945220227,146835.69482990442,97868.45420222929,177796.8171592733,91115.32164994736,69726.53504926384,85542.18239095002,121214.62776835296,101902.34057931193,84038.04409957459,82550.84843049628,71471.75925633422,81466.8335279028,81859.19605007124,109703.05469072518,73609.72596522879,4
130366.25896290052,149723.16023387437,90952.98092996847,183495.57322210947,92464.69646271426,69540.38972144005,86534.6221965101,122361.13814844348,108731.89374588654,81515.69444128209,79060.17649891097,72773.70366736695,85148.52346760315,82861.42591970277,111704.20637180882,79297.55202502634,4
129330.63558705278,146386.53652507503,103876.49135309356,178572.10976745008,92350.45669680319,70861.69074317107,84981.95826792221,119126.01371121571,103283.6783866499,82951.88342951339,81988.03150511163,72241.95566677519,82107.881558881,82546.22161939403,108882.9468349155,74562.58083135854,4
130072.6017442467,148763.77865836368,89990.58186895632,180556.38588146996,91161.09802259183,68896.74888810502,86478.18404176045,123131.44631760674,105212.70098837627,83154.90432440095,80745.63214130785,71768.6351261896,83290.86998592257,82024.28603461816,111382.5871208414,76474.16907240976,4
129917.88296912707,148235.67399211813,99536.81076011786,182291.10476864636,93200.8958698387,70752.25660231788,85639.92656945308,120000.81628570752,107552.07926655762,81412.07175398729,79838.59835131149,73059.56012720587,84416.41442971402,83174.35034207706,110182.0525744024,78123.4372405335,4
129449.36805359938,146775.36747161957,98113.56343192619,177817.09019149427,91117.66858311517,69737.21918311348,85523.07164944072,121214.49365788624,101874.69147142071,84067.34723655549,82593.33909670581,71468.74177083276,81439.74321362296,81858.27962854858,109706.31804541565,73577.71826716879,4
130370.79636702494,149757.62662382444,90957.63009281518,183714.28504160466,92449.38551776238,69522.95536076491,86552.8835717301,122512.68297585048,108702.79177460574,81564.86827908376,79104.12002851011,72755.75521656933,85125.34470860299,82842.69515784922,111777.74361106678,79276.11670209368,4
129348.27111342803,146476.9269796523,104032.3500671804,178975.96108626857,92388.16408969929,70883.0366591259,84992.37418083838,119252.0999016881,103336.49555879779,82958.72306331672,81998.11214186098,72261.46873968467,82127.95342540187,82556.54812533238,108970.43156271358,74609.92182611488,4
130049.75826141337,148809.95736240834,90202.9904965151,180849.4396030235,91147.08347881836,68891.31741420239,86447.42804138995,123170.0254285366,105128.94900190223,83226.40755491347,80830.74758419367,71765.34941975468,83239.3492149531,82012.86429320149,111474.47514229717,76415.89807461477,4
129911.53507370176,148314.86622272327,99523.75734135597,182561.91850446686,93193.78801510192,70728.0943665617,85632.03640366036,120065.74810335018,107562.80810389617,81414.17281796609,79824.36029009346,73048.07133055585,84399.91884230601,83147.19297256386,110263.85995910883,78138.72583374093,4
129423.5964922424,146783.9058380015,98404.8290139233,177958.82260308537,91121.91541456169,69750.38436059766,85481.51975649831,121182.24009063722,101812.77713927951,84092.73881825672,82637.68495770515,71466.10426498702,81389.63060255416,81839.48181146166,109744.11484528957,73534.66880734787,4
130352.57969529387,149761.04644072612,90962.36866263971,183715.38027708296,92409.062970765,69487.32668010314,86539.2713593568,122523.79179284476,108617.87749742002,81601.27927080146,79128.39402298856,72719.92537020748,85055.80843160253,82793.40956132527,111809.5948469156,79217.55513162079,4
129327.55104631795,146461.97366261168,104110.00002741815,178929.0894781458,92389.48284262215,70868.01628685193,84964.18863108024,119170.11370302603,103354.4440095954,82945.24496141016,81979.98487710774,72254.36088494789,82114.5870822176,82536.47625881151,108985.13901056517,74631.53596300316,4
130063.68339820903,148771.8252863676,90351.51783842062,180762.37955837007,91131.39255421073,68895.02780378197,86452.43483214795,123224.36251930744,105014.61982901333,83269.97110485687,80881.30723015156,71725.47390764642,83162.12393786001,81975.55923170559,111447.8542146509,76332.6154747743,4
129963.30171386024,148406.84365115687,99389.69157811304,182773.0307308472,93197.00666630348,70704.51327616135,85669.52027911191,120171.13657845695,107640.41336064499,81437.01630079941,79830.43996458531,73063.04699934089,84452.66895922054,83160.1793360924,110375.37281219636,78232.96078836451,4
129463.87433575086,146805.07294000065,98543.83451269085,178060.9253717572,91142.56842643839,69766.74583753894,85491.17571010301,121180.76487550317,101789.03958666798,84096.20333864729,82659.76848122699,71470.52991038917,81380.53344256085,81842.38753824086,109739.26451674277,73531.47250789076,4
130425.06640256244,149834.89660440644,90819.45160859247,183869.76377603578,92403.11740673988,69471.59105200661,86590.72507509292,122638.32213143374,108605.3828722695,81628.74956473704,79154.99259889039,72725.24508538784,85076.32733301251,82791.19673862419,111867.37410633256,79238.78928885332,4
129428.51387602257,146600.12979508995,104073.61138744491,179314.36649732193,92440.84715138044,70894.07842088681,85019.03981197356,119291.34956495161,103469.86841796261,82926.62595827889,81972.00530433719,72317.2139903562,82220.66846140247,82582.00676226697,109078.1893227326,74759.58910698761,4
130090.10316015521,148784.61048419602,90337.07861150248,180763.69831129294,91117.26625171499,68883.7625245765,86443.8517622771,123137.74950954314,104939.00387752103,83271.35691301309,80910.85623632149,71732.425300172,83149.31638828712,81965.36683623397,111430.28574350903,76289.40955274219,4
130008.36283068215,148424.8368054434,99148.27038625126,182674.39248256595,93202.57225067285,70692.55509287777,85701.21505274953,120162.59821207503,107672.0634307937,81368.79877672181,79754.80166134855,73068.43376975463,84484.87782298063,83143.14730681745,110331.51868957505,78263.82854745729,4
129483.58857436044,146768.61724479406,98627.54179567598,177941.47764938805,91164.02610111548,69796.49600940896,85480.29041055327,121104.16544725484,101788.90547620124,84073.85159419199,82667.92686795317,71506.1809427954,81413.23404469897,81861.3194657945,109712.24125769631,73538.78152832766,4
130407.36382095383,149771.21648445327,90624.29852775318,183561.86849616392,92364.98533069913,69438.2422492793,86573.71539756244,122542.67901690949,108556.11962749001,81612.05281162892,79132.4843922239,72709.37534682457,85054.64614089087,82765.76045343405,111813.26053300627,79193.95168947599,4
129400.14951230878,146513.4273783478,103999.29183713101,178977.27983919144,92446.85977063893,70895.55363602086,84996.17397739578,119153.372246429,103512.09086323869,82852.68638762074,81905.10653318245,72322.98074042569,82231.79963014122,82579.41395991016,108992.1798100686,74777.69401999642,4
130071.26063957938,148684.07233763605,90381.93856262429,180458.21701982224,91102.91643177468,68900.0122427955,86433.1005731941,123108.60283477341,104866.27130106346,83283.4045032745,80942.39454774793,71718.36605290962,83106.17752148838,81958.61660940846,111362.47055083163,76220.54382807539,4
130032.05567980478,148447.92615746573,98962.21446540528,182659.2156480808,93213.7481229005,70698.54536039178,85737.82721016732,120252.36281780755,107752.75322827736,81349.93390440154,79726.61611159041,73075.83219716934,84525.42388742256,83162.12393786001,110350.85294852889,78327.77688834393,4
129471.18335618776,146734.9331658999,98737.51237839609,177880.21151783605,91183.85209844734,69825.06153882283,85460.41970973251,121052.89054547437,101793.48758381458,84061.088748108,82684.80243501693,71508.79609689667,81397.40900962461,81883.33593408298,109672.25398686576,73531.85248754651,4
130412.95175706765,149791.82479284107,90496.5583081911,183585.4272348198,92350.88137994784,69426.97697007383,86580.4879761324,122605.91210197356,108546.84365354106,81632.70582350562,79159.39589254808,72689.99638438183,85037.569408127,82769.9402296472,111834.27117279425,79184.20632889347,4
129418.92497765124,146560.52250391516,103990.32878760443,179107.47875064358,92488.81399498154,70925.30380789087,85007.14868392333,119203.32839528662,103588.66793974256,82807.55821556547,81870.7742536991,72327.29462710556,82252.92202865149,82602.39155321021,108991.88923739067,74829.63947411055,4
130099.06620968178,148733.29087892664,90503.08501757206,180661.01439726524,91120.1049232608,68939.21720257011,86444.18703844394,123242.62389452744,104825.993457555,83322.7659252603,81010.94734799235,71711.36995689511,83078.81898627509,81975.6486386834,111391.37135641235,76185.36218230274,4
130056.55319172778,148583.31067363152,98817.55397529055,183016.77650413234,93225.05810559489,70690.16345622104,85740.64352996869,120349.27998176575,107850.34094456924,81359.34398881721,79739.20014371874,73095.41232531218,84576.09529210273,83192.34349636358,110480.02367973611,78420.26840689998,4
129483.02978074907,146795.3499311626,98914.35938052648,178084.3276482019,91214.36222962884,69865.36173407576,85442.85123859064,121092.6319471159,101777.79665920696,84047.23066654571,82708.33882192837,71504.884541617,81363.97079991947,81889.92969869729,109669.97410893132,73516.36272863898,4
130438.23158004662,149878.90718923893,90425.30094686759,183756.44043164735,92344.28761533352,69427.22283926283,86595.77656933983,122722.72231849699,108522.90493522942,81657.8738877623,79197.86324475566,72672.22674753985,85008.62389905738,82760.61955220933,111882.86386524008,79173.41043632156,4
129451.11148966689,146685.4687554203,104004.4550901002,179407.2379955337,92521.9392802643,70943.7439970665,85009.62972755787,119246.22139289635,103700.00197887445,82804.18310215272,81879.49143403667,72366.11960722442,82311.88593052459,82643.13878335223,109091.26509323897,74934.4915073504,4
130069.78542444533,148702.06549192258,90568.88855324847,180500.32770637606,91089.41597812367,68923.90625761822,86400.37761931153,123120.42690759027,104719.19682254754,83328.55502707422,81041.34572045157,71681.03863966926,82994.70937188977,81944.6467691239,111330.84283242737,76092.82596025777,4
130044.66206367756,148578.14742066234,98631.18513002219,182844.93629275993,93201.85699485028,70657.10522617164,85737.29076830039,120285.2869373902,107885.85786650871,81328.67739542454,79693.11084665189,73087.23158684155,84577.50345200342,83178.23954561229,110465.78561851807,78446.17407872368,4
129475.47489112317,146726.4395030069,99053.8789694165,177861.65956993814,91217.96086048614,69892.56380707787,85433.35174719713,121020.77108869208,101750.03579259347,84029.61749191493,82698.68286832367,71503.49873346076,81335.29351178331,81884.36411432792,109594.0675847611,73484.62325151244,4
130471.31216184047,149879.6224450615,90350.04262328657,183715.49203580525,92324.12634183482,69431.7378916428,86633.19338955802,122831.75412794997,108499.03327215115,81692.6308503903,79219.7456025774,72666.39294223701,85001.04665768704,82753.66815968373,111898.82301078118,79162.65924723855,4
129456.58766705844,146686.9663222988,103998.26365688606,179427.08634461003,92535.59619612648,70952.46117740407,85007.19338741225,119214.81719193664,103771.72872683153,82784.69238098769,81850.1212418224,72392.67347963732,82349.07923329821,82662.13776613925,109115.0026458505,74999.44567673751,4
130060.55415398529,148650.1423895529,90676.22163012286,180422.27541473813,91068.60650403578,68932.82460365588,86382.07154060263,123099.19275035773,104645.7489902674,83366.28477171478,81080.26010754825,71668.7675319633,82950.69878705726,81936.51073414215,111315.12955607529,76034.8455351407,4
130065.0468546208,148579.93556021876,98512.98910534252,182828.97714721886,93200.00180006049,70655.09356917067,85762.81646046836,120358.22067954787,107910.0201022649,81306.28094748032,79648.09443331891,73071.67477270064,84577.52580374788,83160.91694365942,110457.29195562506,78463.65314288774,4
129475.02785623407,146702.74665388427,99257.05632651525,177915.77314326444,91234.6352618498,69921.1516882362,85412.96695625389,120998.82167563698,101757.12129558579,84051.11987008093,82733.70805188514,71524.59878022657,81351.99026489143,81906.91702448334,109631.08207357909,73492.2004928828,4
130446.2335045616,149839.8139881866,90310.65884955632,183627.58262486252,92282.82031808142,69397.24914994826,86607.98062181243,122792.57151991982,108438.72826561073,81720.50347572607,79237.22466674146,72641.18017449143,84968.63662822684,82729.43886869418,111912.65874059901,79110.24440649086,4
129458.46521359269,146669.93429302386,104062.0555355615,179427.48867601022,92547.62143464344,70962.96649729807,85002.47716933217,119214.39250879199,103805.21164002558,82754.45047073967,81809.82104656947,72389.90186332486,82364.56899220575,82655.36518756929,109111.73929116003,75022.69149097103,4
130055.72617718294,148598.19693543875,90875.42037670856,180370.9781612132,91054.41314630666,68947.19677534065,86372.4379387424,123108.73694524015,104542.34982041715,83405.22151055593,81127.01995694876,71643.55476421771,82899.35683004343,81916.52827459911,111306.9711693491,75952.59111554518,4
130070.0536453788,148619.58755488248,98439.16129340665,182951.97879695642,93187.17189874315,70629.50082176934,85766.61625702576,120381.86882518159,107956.15410282066,81328.36447100216,79646.26159027357,73074.0440576129,84616.06021118883,83166.30371407315,110556.91368066236,78518.61608250333,4
129423.88706492032,146598.52046948916,99460.63601501418,177684.16436721856,91220.50895935405,69918.55888587939,85362.49671727381,120826.7132433311,101673.65988178967,84028.11992503643,82712.36213593032,71488.27719548669,81281.1352349681,81871.66832347731,109544.93845044833,73414.28231171159,4
130417.24329200308,149764.60036809449,90279.18759336324,183419.53258747252,92235.09934366934,69361.84398673105,86605.65604038908,122766.24116495147,108363.7828664521,81751.03595865202,79250.65806515909,72599.15889491545,84922.77084860454,82690.23390891957,111904.03096723926,79052.24162962934,4
129467.24944916362,146650.75649628122,104123.63459153588,179423.68887945282,92564.13937379592,70975.41641895968,85030.34979466794,119246.86959348555,103847.00940215701,82725.7284791146,81766.548069304,72386.4820464232,82380.5951929802,82650.1572311112,109107.49245971353,75055.03446519787,4
130040.66110142006,148546.3632400469,91040.59976823328,180346.10066963444,91033.69307919659,68947.1744235962,86368.70519741836,123098.96923291318,104463.13523806754,83452.942484968,81183.68162914296,71628.98142683285,82865.27041974908,81905.86649249394,111322.05859685644,75889.91682409249,4
130059.61538071817,148607.96464776574,98308.29182962082,182941.56288404024,93163.76962229844,70595.74968764183,85781.03313219943,120369.57536573117,107978.2376263425,81318.8426278642,79617.22667422613,73062.44350224061,84629.00187122845,83147.9305801309,110584.98747169823,78536.51982981204,4
129444.27185586357,146584.97531234924,99671.77059313901,177789.68695279205,91247.66632886724,69959.50728172151,85387.39656059702,120890.05808711745,101657.96895718205,84025.12479127942,82718.46416216662,71491.9205298329,81276.7319413104,81875.13284386789,109536.71300848878,73398.90431152633,4
130398.71369584963,149755.63731856793,90211.8417873194,183442.01844239456,92197.63781996224,69328.47283225929,86598.97286879693,122736.73686227047,108316.28540948457,81790.86676727138,79284.49860626443,72580.96457492883,84902.40840940576,82679.84034774786,111959.1280173216,79022.51380950378,4
129446.93171345374,146623.48736804575,104119.00778043363,179366.66957934733,92572.96831285577,70976.01991605996,85023.35369865343,119171.45480769334,103879.41943161719,82676.37582735727,81714.2896907675,72378.74834284167,82379.70112320199,82644.41283278618,109076.78116283193,75072.2676601729,4
130010.12861849411,148471.0378612325,91159.93573188016,180198.62385971833,91013.86708186474,68953.23174634359,86352.47783094381,123061.53006095054,104369.12380088853,83474.66838057857,81218.72916444889,71600.01356601877,82803.46784633015,81887.8286347185,111281.3113667144,75803.99671840628,4
130053.37924401513,148616.59242112548,98174.56134254472,182955.28685513578,93156.46060186156,70580.41639094548,85797.1040364628,120413.63065405258,108015.00624597148,81307.42088644754,79589.24229016808,73048.25014451149,84632.95812999703,83137.98405384828,110612.81539354508,78561.66554232425,4
129431.30784407948,146563.80821035008,99850.22692087018,177835.4186219476,91265.05598605347,69990.2185786031,85375.81835696916,120883.64313645878,101648.04478264389,84021.01207029964,82730.39999370575,71492.25580599974,81258.64938004606,81879.33497182548,109531.19212760832,73381.64876480684,4
130450.61444647485,149842.20562484334,90207.77376982853,183752.6182833455,92202.39874153123,69350.98103892578,86650.58304674424,122971.72075172911,108299.78982207655,81842.38753824086,79331.90665625414,72575.75661847075,84901.87196753884,82680.57795531487,112048.42323642055,79014.2436640553,4
129485.9578592727,146757.59783477758,104148.64619358137,179817.9960033889,92607.97114467277,70993.96836685757,85037.323538938,119262.73933204882,103978.66117699876,82682.18728091566,81722.04574609348,72417.50626772718,82445.83993504524,82683.39427511624,109209.17054524072,75164.62506826223,4
130028.07706929173,148518.58002168895,91297.26484981357,180404.41637091833,91009.10616029575,68964.56408078242,86344.36414770654,123091.03436363154,104286.9140847819,83503.36802045918,81268.73001679541,71587.4965891238,82752.66233118324,81879.87141369241,111302.88080011378,75739.91426705293,4
130098.48506432594,148729.96046900278,98045.05533517068,183217.91985248565,93158.27109316243,70566.155977983,85819.43342917364,120485.9385473655,108071.08677280984,81311.13127602712,79581.06155169745,73063.31522027437,84670.95609557106,83151.68567319938,110709.44198482537,78623.28930178753,4
129391.23116627111,146513.89676498136,99944.99831736069,177670.30628565626,91252.24843648059,69971.08548534937,85312.7864376052,120645.48529928748,101618.09344507378,84000.35905842294,82733.46218269614,71497.15083803545,81231.11203087712,81876.36218981292,109496.12224055795,73355.38546507186,4
130395.65150685926,149697.34396902847,90062.93446575815,183208.28625062542,92139.2997669339,69292.19595100833,86611.8921770921,122775.78535983388,108193.06024230245,81817.21947398418,79293.59576625774,72523.94527482335,84812.75556239553,82620.8987976192,111917.06203425671,78909.05635464864,4
129450.7538617556,146612.62442024046,104069.3645559984,179337.29938713307,92596.34823755601,70976.71282013808,85018.14574219534,119109.83104823007,104009.01484596907,82615.4002684832,81640.73009976507,72413.10297406948,82442.08484197674,82664.32823709586,109103.15622128919,75170.70474275408,4
129975.7292837774,148324.27630713896,91347.37746088237,179896.3165159603,90970.45999413253,68952.69530447666,86312.26704266871,122940.38360600277,104201.37395875144,83514.38743047565,81275.25672617635,71573.3479348836,82701.40978114722,81857.20674481473,111208.10940362328,75658.82213816907,4
130083.84467170772,148618.7158368487,97841.72151586074,182891.29381076025,93138.24393013048,70544.54184109472,85837.91832183818,120462.9833058099,108093.4161655207,81279.74942681188,79515.77210614349,73053.97219109205,84674.30885723936,83133.58076019058,110652.80266437563,78635.06867111548,4
129380.4352736992,146412.73276957666,100052.89018784645,177533.2006851674,91266.73236688762,69999.36044208532,85309.21015849235,120603.32990924477,101629.02344811244,83993.00533449714,82734.1774385187,71516.68626268939,81244.38896708358,81898.44571333478,109463.2875279531,73364.14734889833,4
130414.56108266844,149668.84549484798,89972.25343850297,183226.74879154548,92125.86636851626,69294.4534771983,86645.82212517525,122874.53536683743,108159.15264596375,81841.78404114056,79299.13899888266,72516.14451600844,84800.70797213411,82616.62961442824,111924.68397911597,78885.56467122611,4
129439.42152731676,146606.09771085953,103989.85940097088,179403.4829024652,92606.20535686081,70969.24733749001,85009.02623045757,119027.57662863453,104095.58315224448,82588.80169258139,81613.46097152961,72443.52369827314,82494.54438621335,82689.63041181928,109137.15322460572,75245.67249365717,4
129982.8818420031,148262.83136163134,91421.80876991854,179834.8492187082,90967.91189526462,68976.030525688,86321.47596138429,122960.83545217938,104114.51507979812,83515.50501769842,81295.48505490841,71550.95148693938,82646.62565548727,81840.77821264009,111129.11833871822,75579.04876220808,4
130153.58211440827,148730.0051724917,97682.33122614995,183279.83418462684,93158.71812805154,70556.09769297812,85897.48572081157,120670.74277052197,108198.13408829381,81303.77755210132,79524.19871380314,73092.99833691101,84760.96657049259,83171.39991180896,110775.71490713536,78736.45618396475,4
129425.16111435427,146486.56058151252,100176.51768642875,177891.92383193062,91300.5505562485,70038.00660824854,85321.21304526486,120673.80495951236,101655.30909959188,83994.27938393109,82760.15016557577,71548.06811190463,81271.52398485232,81922.92087351333,109497.21747603625,73388.51075035462,4
130418.22676875911,149712.05141688007,89840.82518110576,183385.31206671146,92091.51173728846,69260.03179073714,86633.03692734682,122843.75701472248,108138.41022710923,81875.6245822459,79334.58886558877,72513.77523109618,84805.267728003,82616.67431791715,111981.8820931771,78876.93689786636,4
129450.32917861095,146621.27454534467,103910.80128083246,179427.62278647695,92620.77869424567,70972.04130554693,85012.04371595905,118993.82549450702,104145.67341156882,82525.79212496187,81557.11222375778,72442.87549768394,82510.59293873227,82685.78591177297,109088.11349727077,75272.69575270364,4
129957.17733587949,148204.56036383635,91481.86790726995,179707.64544101304,90945.2695781314,68972.07426691942,86289.71413251331,122866.42168360016,104050.70084937822,83527.59731144874,81332.61130244867,71543.8883356915,82613.81329462687,81833.53624743655,111092.88616095617,75514.96631085471,4
130090.55019504431,148644.37563948342,97424.21328118007,182930.8340467017,93108.56081349384,70497.51377076075,85862.54994422794,120489.51482647835,108199.56459993895,81243.76311823883,79454.55067808041,73062.06352258487,84740.76059350498,83136.30767301413,110702.1329643885,78713.90327380935,4
129413.62761421534,146394.76196703457,100286.44356565995,177656.62701804962,91316.93438493424,70077.41273372325,85325.63869066701,120657.62229652671,101645.29551807589,83944.1667728623,82734.71388038564,71542.48017579081,81251.675635776,81919.07637346702,109386.8669136604,73346.60122950093,4
130406.22388198662,149674.4781344507,89751.32879630671,183284.01396084,92067.5283154879,69250.08526445452,86642.49171525142,122886.31473616538,108108.32477907238,81890.80141673106,79358.05819726684,72508.81314382711,84790.00148654003,82609.05237305789,111985.57013101222,78836.56964738008,4
129491.99283027565,146699.6844648939,103892.69636782365,179701.45400779892,92665.05750001162,71010.03927112094,85052.65683563433,119149.68420859388,104256.24749138922,82504.20033981805,81545.26579919647,72482.59454758103,82577.22348895353,82720.18524648968,109144.01521015349,75354.21256473215,4
129933.12685884559,148210.55063135037,91577.95805668332,179828.61308200518,90936.88767396065,68972.92363320872,86256.54414374163,122825.7415086915,104008.67956980225,83559.98498916447,81400.962936993,71551.59968752858,82594.3449252063,81842.63340742986,111120.75878629195,75474.39789466833,4
130102.46367483899,148693.37066332946,97267.12522114816,183038.41299276508,93112.53942400687,70486.40495376647,85882.35358981533,120558.71582731199,108231.88522242132,81218.70681270443,79426.7004044891,73051.55820269087,84737.51959055896,83121.82374260708,110701.3283015881,78726.84493384897,4
129349.90279077325,146328.55609995796,100386.8476017532,177530.63023455505,91315.12389363335,70068.13675977431,85257.73409101178,120459.29526797477,101646.83778844331,83923.62551970787,82740.05594731045,71546.68230374841,81232.72135647791,81919.65751882286,109346.49966317412,73333.68192120576,4
130351.84208772685,149561.08773482894,89666.39216737654,182948.60368354365,92019.74028584246,69214.8365634485,86612.58508117021,122806.87663637122,108014.00041747099,81876.20572760174,79345.4294616496,72450.85507045449,84700.68391569662,82552.81538400834,111873.54318780222,78735.33859674199,4
129444.27185586357,146622.3474290785,103860.62161453029,179523.80234286815,92659.93895053136,70994.0577738354,85018.10103870643,119040.20536425179,104320.19583227586,82463.07313002028,81497.4330660621,72485.72379180478,82594.36727695075,82714.91023479823,109119.11536683029,75392.29993728398,4
129916.85478888212,148116.65095289363,91755.25209370282,179693.98852515084,90924.19188311003,68993.75545904106,86247.49168723723,122860.4537678306,103914.42226343421,83574.31245736033,81425.25928321591,71523.2800273037,82522.90874992714,81809.8657500584,111044.69579991054,75376.22903302063,4
130108.36453537519,148717.42114036335,97162.34024314169,183176.05503512087,93098.88250814468,70468.16593029094,85892.85890970934,120639.49503177346,108286.78110680355,81234.15186812304,79425.00167191049,73057.50376671598,84764.63225658325,83116.34756521555,110773.144456523,78767.07807386853,4
129338.36929063432,146312.99928581706,100571.65182490967,177648.26746562333,91321.24827161411,70084.16296054875,85231.76136395472,120433.05431998425,101648.26830008844,83922.99967086312,82755.0316160955,71556.67353351993,81221.70194646144,81918.56228334455,109343.79510209503,73320.29322627702,4
130352.64675052724,149567.81560990997,89644.62156827707,183039.93291138805,91984.87156449218,69193.1777230713,86612.18274977001,122861.21372714207,107955.5282539759,81912.66142280835,79378.2865259989,72425.97757887574,84659.5790576433,82524.89805518366,111889.27881589877,78675.27945939059,4
129477.93358301326,146685.6699211204,103851.94913768163,179746.6268833431,92679.51907867422,71003.66902395118,85040.072803506,119120.0681471906,104391.49789708828,82435.33461515125,81462.16201331164,72496.02794599866,82619.98237609654,82721.25813022353,109136.23680308304,75437.22694363915,4
129913.03264058026,148107.46438592247,91873.91750501604,179764.7764998408,90907.89746140211,68994.00132823006,86224.02235555917,122821.87465690073,103854.67605050518,83603.97322225252,81473.94138263958,71515.50162023326,82490.09638906675,81810.87157855887,111044.09230281024,75316.63928230277,4
130100.83199749375,148727.4570736238,96964.05791807866,183165.10268033776,93072.08276654276,70426.21170594833,85887.53919452896,120589.58358640475,108306.09301401293,81212.49302774585,79386.2884505139,73046.0373218104,84771.58364910886,83109.06089652311,110775.15611352398,78769.9390971588,4
129318.520941558,146236.4669128021,100669.12778247926,177474.3261902721,91327.84203622842,70097.90928338877,85210.88483463346,120326.03416753223,101615.32182876133,83875.45751040668,82715.60313887634,71550.97383868383,81198.25496652782,81918.96461474475,109243.07814157942,73275.03094375503,4
130361.05100644243,149540.16650201875,89572.76070985326,182983.80768106077,91963.03391015934,69188.64031894688,86630.08649707872,122908.82294283187,107903.82866905078,81941.9422080448,79394.64800294019,72422.26718929615,84656.02513027491,82532.1847238761,111891.71515604439,78640.32133106249,4
129473.32912365547,146677.28801694966,103783.91042755968,179765.5811626412,92691.6784276579,71007.44646876413,85039.24578896115,119068.01093435418,104443.93508958044,82398.38718156662,81421.68300410308,72523.94527482335,82668.50801330901,82750.47186022662,109149.69255324514,75487.67483087479,4
129838.06488967716,147954.3772881481,91943.8561134167,179381.91346906585,90871.21824875096,68980.50087457905,86163.80675599656,122614.22695091093,103713.45772903654,83588.68462904509,81477.16003384114,71487.65134664194,82408.22194912696,81788.54218584803,110923.41523449603,75193.28000465393,4
130095.24406137993,148679.0878986225,96815.41881745086,183026.87949262615,93055.07308901228,70420.28849366767,85909.53331107298,120650.53679353438,108298.24755170912,81189.94011759045,79341.80847904783,73032.87214432623,84768.8567362853,83102.17655923088,110737.0910927166,78767.83803318001,4
129310.13903738727,146198.42424373917,100824.11477853237,177514.71579250286,91343.77883002507,70133.13563265033,85199.77601763917,120324.67071112046,101611.54438394838,83871.03186500452,82742.46993571162,71571.26922264925,81205.1169520756,81940.6905103553,109251.99648761709,73282.20585372519,4
130373.5232798485,149551.16356029076,89546.5868170961,183091.34192363525,91938.4022877696,69190.00377535865,86647.67731996505,123010.25515917006,107841.62376423166,81972.63115318194,79425.38165156623,72408.83379087852,84621.55874032484,82524.58513076129,111914.22336271088,78599.9540805762,4
129468.12116719737,146707.66403766442,103724.99122917549,179908.3194027328,92688.25861075624,70997.23172154806,85030.64036734586,119029.90121005788,104511.169136902,82371.45332949798,81394.12330318967,72544.68769367787,82700.76158055801,82765.22401156712,109193.79254505546,75547.15282287035,4
129876.37577967356,147974.33739594667,92077.98893189299,179556.57000023962,90871.86644934016,69013.42499416173,86190.58414585402,122721.49297255195,103648.05652476032,83606.96835600953,81518.75663027247,71487.29371873065,82374.94020163301,81787.29048815853,110916.44149022597,75143.21209707405,4
130145.20021023754,148788.54439122014,96615.03542840904,183323.9118246927,93050.49098139895,70399.05433643512,85947.41951792473,120728.27616074994,108365.66041298634,81192.2199955249,79330.0738132088,73059.85069988378,84824.33376602338,83120.90732108442,110845.5641085582,78842.5599148941,4
129363.62676186881,146265.36771838283,100893.27107587708,177742.5024202469,91377.2170397302,70165.54566211053,85217.47859924777,120343.28971425173,101640.55694825137,83848.92598973823,82741.79938337796,71603.18751373142,81231.6261209996,81963.91397284437,109253.15877832875,73306.79277262602,4
130393.30457369145,149575.03522336905,89389.6999227643,183099.20973768353,91912.0942845457,69160.2759552331,86641.95527338449,122971.31842032891,107798.39549045509,81981.43774049732,79438.18920113912,72408.11853505594,84611.41104834212,82516.73966845748,111913.57516212168,78571.03092325103,4
129520.2677870116,146767.52200931575,103600.53671604833,179984.02476120292,92724.04375362919,71011.98387288855,85054.66849263532,119058.17616679386,104590.71899541844,82317.98795676089,81338.57921821823,72570.10162712356,82746.67206366922,82783.99947690958,109172.78190526747,75611.52584690164,4
129877.00162851831,147953.5279218588,92120.92663299163,179447.20291461982,90868.2454667384,69017.91769479724,86155.93894194829,122619.65842481356,103602.28015211585,83625.47560041853,81557.15692724669,71499.0730880586,82353.21430602245,81797.9522702637,110879.00231826334,75096.720468607,4
130141.2215997245,148774.88747535794,96399.09522522632,183109.08920873277,93034.62124283568,70374.89210067893,85938.79174456498,120658.00227618245,108384.21236088424,81161.77691957676,79280.07296086228,73051.20057477958,84815.59423394135,83107.29510871114,110785.16969503996,78828.67948158736,4
129367.3371514484,146224.4193225407,101038.28919390313,177597.26078477633,91405.17907204379,70210.71853765471,85210.48250323326,120306.67755683394,101652.0904483903,83824.33907083739,82727.8295430934,71618.85608659459,81221.03139412779,81975.6039351945,109182.14728619425,73268.77245530754,4
130390.64471610126,149561.11008657338,89384.08963490602,183017.15648378807,91889.78724357931,69156.85613833144,86646.47032576446,122983.25425186804,107764.80081853877,82023.0119851842,79468.90049802071,72408.94554960079,84586.5112050189,82512.47048526652,111921.19710698094,78503.86393116284,4
129529.74492666066,146784.91166650198,103607.10812891819,180009.72926732653,92746.41784982894,71025.35021607282,85078.5848592025,119069.5532047216,104660.88112126365,82295.81502626122,81305.43158119102,72591.31343261164,82765.20165982266,82790.23561361262,109165.9199197197,75625.29452148611,4
129895.62063164958,147945.39188687707,92334.45284777318,179512.40295319594,90880.42716746655,69059.49193948411,86182.38105563892,122691.38517277065,103544.90322409908,83670.73788294052,81620.27825358848,71509.33253876359,82314.59049160368,81799.76276156459,110869.1228472141,75020.41161303659,4
130151.1234225182,148837.4276563439,96297.41713969913,183272.59221942333,93024.76412353088,70357.92712663735,85964.07156754394,120721.25771299098,108427.48533814971,81183.63692565405,79281.14584459613,73067.20442380958,84831.15104808225,83111.02785003519,110852.60490806162,78848.59488589704,4
129313.73766824458,146175.6031126503,101192.22565796682,177510.78188547873,91404.66498192132,70211.76906964411,85160.52635437564,120144.38154034395,101634.70079120407,83813.87845443231,82738.8266013654,71625.38279597554,81182.7652076203,81966.52912694564,109140.55068976292,73228.33814958789,4
130346.3659103353,149497.13939394229,89403.02156245966,182827.36782161807,91855.74553677387,69144.49562364764,86623.62684293115,122963.40590279174,107667.43661969145,82048.94000875235,79485.91017555121,72372.86983404992,84499.20529117648,82466.73881611096,111875.73365875885,78393.13338913124,4
129523.48643821318,146819.93685006344,103687.32853976829,180150.03116727248,92773.5975710866,71050.9206117297,85072.37107424391,119145.66089459193,104732.96549713201,82300.91122399703,81301.96706080045,72613.24049392229,82787.26283160006,82792.15786363577,109232.63987691878,75658.03982711314,4
129821.25637784677,147880.7059384234,92579.49502223672,179432.51781851266,90857.49427765541,69057.81555864996,86104.21700527871,122589.2377006099,103445.12503685059,83717.38597361874,81685.45594042014,71491.40643971044,82226.83754287215,81761.295409357,110868.63110883608,74900.09217263367,4
130138.27116945639,148870.77645907123,96307.0283898149,183394.00689530457,93016.91866122707,70343.89023111943,85957.50015467408,120833.48582190106,108432.67094286335,81218.52799874879,79279.58122248427,73051.4911474575,84800.93148957867,83074.84037576204,110914.80981288075,78823.47152512927,4
129289.75424644402,146185.99667382202,101465.96747231096,177659.30922738425,91423.23928156368,70227.34823552945,85124.31652835805,120151.77996775866,101627.0341428559,83842.60044605737,82774.9917238941,71628.19911577691,81146.3989193915,81952.38047270542,109184.13659145076,73197.15746607273,4
130341.22500911058,149523.78267333301,89473.7201301718,182946.41321258704,91832.18679811798,69124.4684606157,86619.06708706226,123047.09083403241,107599.68848224742,82116.75520142975,79538.54853374345,72347.38884537088,84432.37357525511,82430.88661800465,111922.60526688163,78324.64764412018,4
129524.98400509168,146876.19619085744,103683.28287402188,180328.80041942603,92780.01252174527,71029.64175100825,85069.01831257562,119162.02237153321,104799.57369560882,82299.14543618506,81279.74942681188,72621.35417715958,82798.46105557216,82790.72735199063,109293.36956660385,75708.06303120412,4
129826.82196221614,147882.18115355744,92722.36737279504,179509.00548803873,90849.87233279615,69057.23441329414,86096.95268833074,122607.92375897453,103378.62859709605,83750.39950017924,81730.47235375314,71479.06827677111,82174.66857131345,81750.03013015153,110872.87794028259,74846.35857896312,4
130158.56655342181,148922.07371259615,96053.00081408034,183466.6947682732,92994.67867549404,70298.9408730198,85979.27075377354,120850.22727849809,108482.51533299868,81212.67184170149,79254.86019311669,73055.15683354817,84818.85758863183,83069.02892220365,110966.21882512794,78868.19736578433,4
129320.26437762551,146196.41258673818,101480.36199574018,177689.193509721,91452.34125284449,70245.11787237143,85139.60512156549,120113.93846439582,101680.67832954864,83804.53542525,82751.52239221602,71657.45754926892,81171.70109411492,81970.61949618095,109156.50983530401,73234.4848793131,4
130355.39601509525,149494.45718460766,89294.36973266241,182791.2921060672,91804.13535882656,69097.98164343616,86632.14285756861,122997.89464448628,107558.31540326064,82120.15266658696,79547.84685943686,72345.31013313653,84421.75649663885,82422.5047138339,111883.15443791801,78290.31536463683,4
129553.7283484612,146873.40222280053,103434.61971695659,180220.14858962878,92794.40704517449,71018.24236133604,85096.04157162209,119095.8612079455,104907.59967656132,82221.49547594732,81192.75643739181,72650.67966588493,82864.42105345978,82806.32886962043,109250.05188584948,75783.32135478513,4
129848.5478578267,147822.32318190613,92731.0398496437,179312.19837810975,90862.5457719023,69085.86699794138,86113.71649667222,122553.72077867041,103347.13498915851,83730.48409586956,81729.33241478592,71493.95453857834,82173.37217013504,81758.546144789,110777.39128796951,74801.36451737458,4
130217.53045529491,148962.61977703808,95798.0121133342,183488.93475400624,93009.02849543435,70306.13813473441,86041.94504522622,120955.63810534932,108549.54821462014,81194.45516997042,79215.40936415308,73079.4531797711,84882.31419114044,83088.58669860206,110960.94381343649,78915.6724710074,4
129330.65793879723,146192.81395588088,101498.53396398235,177687.9418120315,91481.21970668074,70272.56581456253,85132.02788019514,120033.31572214553,101737.04942906492,83772.59478242336,82729.70708962764,71697.10954393263,81225.3229290632,82005.53292102015,109137.44379728363,73266.91726051776,4
130358.07822442988,149474.54178029796,89178.76651033957,182675.97945642227,91785.49400395084,69093.1089631449,86633.23809304692,122987.29991761447,107510.88500152648,82123.19250383288,79545.2317053356,72331.31794110751,84401.84109232917,82412.75935325139,111828.95145761389,78232.2678842864,4
129530.61664469441,146841.79685614072,103276.01173830174,180045.91674159965,92795.904612053,71003.82548616237,85077.37786500191,118977.26285186564,104978.54411346247,82164.58793456412,81119.28625336722,72661.67672415695,82897.45693176473,82808.4969888326,109196.92178927921,75818.65946276898,4
129822.95511042538,147720.53333765667,92814.16598727298,179024.08439208084,90857.38251893313,69104.01661443908,86094.60575516293,122479.42358010098,103281.10793603754,83725.007918478,81740.50828701357,71483.51627391772,82129.92037891393,81747.63849349481,110664.15735055893,74721.59114141359,4
130215.31763259384,148952.49443679984,95583.39066307434,183377.95834278566,92994.67867549404,70286.04391646909,86060.25112393513,120984.13657952983,108587.92615984991,81186.09561754414,79181.88174747012,73075.83219716934,84901.4919878831,83085.79273054513,110948.76211270835,78938.62771256301,4
129361.6821601012,146221.6030027393,101597.0828052858,177815.10088623775,91527.21959676976,70320.08562327453,85158.09001423002,120127.12599362446,101788.03375816748,83762.93882881866,82729.81884834991,71721.22707619991,81253.68729277699,82032.69029053334,109120.30000928641,73302.68005164624,4
130388.18602421119,149552.92934810274,89134.21948364013,182902.98377311038,91786.49983245133,69096.88640795785,86659.30022708181,123108.44637256222,107504.98414099029,82178.60247833759,79606.43078165421,72342.71733077972,84411.05001104475,82433.8594000172,111889.81525776569,78236.8723436442,4
129579.85753772946,146989.07250035673,103202.76507172169,180431.1937607758,92841.70333644192,71024.63496025026,85114.03472590861,119101.67266150388,105097.27658000906,82160.47521358433,81105.47287529384,72695.6066722401,82961.87465928492,82852.77579459856,109268.6932407252,75917.87885640608,4
129835.31562510916,147798.29505661668,92937.54761666628,179249.0547000235,90878.3037517433,69127.6647600728,86082.13348175687,122511.83360956117,103250.79897055615,83762.6706078852,81797.57229060798,71487.40547745294,82111.0331548492,81767.08451117094,110678.14954258795,74690.74573406526,4
130254.45553713507,149089.0859471662,95429.85653041083,183653.3988897084,93009.56493730127,70280.72420128873,86086.9167550703,121116.68242414981,108639.58104128612,81197.33854500516,79182.06056142575,73077.82150242585,84922.3461654599,83096.78978881714,110998.74061331042,78974.47991066932,4
129379.54120392099,146315.99441957407,101714.63062937626,178060.14306070126,91567.94447516734,70349.07583583306,85147.13765944692,120133.31742683858,101844.76248559506,83770.40431146674,82751.70120617167,71752.65362890407,81282.40928440205,82068.54248863965,109163.03654468496,73339.24750557513,4
130388.16367246672,149594.99533116762,89095.64037271027,182908.83993015767,91774.45224218992,69084.39178280733,86655.41102354659,123119.93516921224,107446.84725366202,82207.1009525181,79640.31602624846,72322.6231125144,84365.45245235592,82416.22387364195,111877.38768784853,78174.98036324745,4
129635.04399478961,147109.3248855263,103146.08104778302,180663.76366183325,92885.04336894077,71048.28310588398,85155.83248804003,119230.95515143337,105202.7768138381,82142.2361901088,81076.50501447976,72722.83109698667,83017.77637216763,82876.5133472101,109317.53180236004,75996.35583118866,4
129867.14450921351,147868.97127258437,93085.38205449368,179419.97848987323,90896.87805138565,69160.54417616656,86092.90702258433,122565.54485148727,103228.89426098994,83800.7356286926,81856.80441341453,71506.27034977321,82107.25571003625,81788.36337189238,110713.33118836061,74671.59028906707,4
130267.30779019688,149174.82723889677,95224.1757779331,183710.17232062487,92999.12667264065,70253.54448003108,86105.04401982356,121110.20041825777,108681.06587899517,81201.89830087403,79172.56107003226,73086.33751706332,84945.52492446006,83102.5118353977,111044.8075586328,79011.4943994873,4
129354.26138094204,146273.39199464227,101757.94831013064,177788.74817952493,91581.02024567369,70359.46939700478,85127.82575223754,119970.57437545949,101845.92477630673,83715.15079917322,82704.4272666487,71751.02195155883,81259.38698761309,82066.10614849403,109057.40220038917,73323.19895305621,4
130401.28414646199,149579.41616528228,89037.59289235984,182714.15623595193,91761.48823040584,69094.85239921241,86683.01542794889,123168.9748965472,107407.39642469841,82228.7597928953,79667.74161669513,72313.57065601,84348.64394052554,82415.03923118583,111839.43442576342,78136.73652848441,4
129634.68636687832,147133.95650791604,103011.07651127297,180582.7832916717,92901.89658426006,71050.0712454404,85166.53897363413,119197.80751440616,105300.34217838553,82103.12063731202,81030.68393834638,72751.24016418937,83076.20383217381,82901.07791436648,109318.78350004954,76073.44699781502,4
129824.7432499818,147770.95887314784,93185.56257314236,179059.73542448707,90886.7527111474,69171.54123443857,86055.57960934397,122425.01943409676,103148.15976001737,83785.6258494408,81862.99584662865,71488.61247165353,82051.64456983145,81774.57234556346,110597.7503177822,74581.848035079,4
130273.61098213328,149173.41907899608,95065.90307544507,183579.59342951697,92993.29286733782,70249.8787939404,86127.5745782345,121171.75712248769,108721.45548122592,81198.54553920573,79159.06061638125,73085.28698507392,84975.76683470808,83108.4126959339,111049.68023892406,79031.90154217501,4
129368.56649739343,146294.3355791969,101904.01696014607,177881.55262250337,91621.23103394879,70406.09513593855,85133.86072324046,120028.48774534318,101905.67098923576,83718.4588573526,82710.79751381846,71784.08018160822,81303.30816546777,82103.6794309234,109081.27386346745,73358.58176452896,4
130386.01790499901,149579.32675830447,89052.38974718926,182694.4643490868,91741.48341911835,69086.78341946405,86672.04072142133,123186.25279501114,107344.72213324573,82266.73540672487,79706.63365204736,72297.18682732426,84314.66928895346,82406.32205084826,111849.20213809039,78074.82219634322,4
129617.96726202575,147159.482200084,102959.28751937003,180597.64720173445,92910.97139250892,71036.66019876722,85155.43015663984,119150.35476092754,105374.92994963289,82088.56965167161,80995.52464431818,72762.63955386158,83110.62551863499,82920.61333902042,109353.22753825517,76123.5149053949,4
129805.29723230569,147726.5236051707,93378.74870046959,178958.03498721542,90891.44657748302,69187.9250631243,86035.32892886746,122385.4344946664,103086.29013136508,83814.23608234359,81892.99188768768,71477.45895117032,82008.99744141071,81777.99216246512,110564.08859063251,74516.26801684714,4
130281.99288630401,149209.58420152476,94945.56128329769,183618.10548521348,92986.56499225677,70227.7282151852,86148.5852180225,121228.44114642634,108751.33976356266,81218.30448130424,79151.17045058853,73084.48232227354,84993.64823027233,83115.14057101496,111098.89878021464,79054.43210058595,4
129339.39747087927,146238.90325294773,102013.94283937727,177726.92325436155,91636.69844111186,70410.38667087397,85110.7937229626,119898.42294435775,101904.46399503518,83680.93027841214,82664.14942314022,71782.13557984061,81285.04679024778,82101.13133205549,109019.22542085951,73341.14740385383,4
130398.55723363844,149555.45509522618,89053.06029952291,182627.78909537665,91729.63699455703,69084.12356187387,86695.84532926623,123237.4382898138,107301.35974900244,82308.73433455639,79735.93678902827,72293.63289995586,84302.15231205849,82405.94207119252,111859.66275449548,78037.33832089166,4
129661.1508323134,147209.1030727748,102879.46943992013,180733.6128632561,92945.72835513692,71053.08873094186,85204.9616223528,119231.64805551148,105472.13768626901,82064.89915429344,80952.92221938637,72796.90477811155,83175.15500487745,82942.45099335325,109391.04668987355,76206.14930464617,4
129809.05232537417,147712.44200616385,93508.50057703264,179002.71612438158,90898.7555979199,69209.06981337903,86036.87119923487,122361.1828519324,103047.77807566858,83840.74525126758,81935.61666436394,71501.30826250414,82011.07615364506,81793.66073532829,110570.77176222466,74496.19615032627,4
130300.36602024628,149238.30619314985,94747.90480707942,183639.02671802364,92977.15490784108,70207.47753470868,86180.86113701596,121269.47894924629,108766.4718945589,81208.76028642182,79124.88479910909,73086.69514497461,85010.94848048073,83111.43018143537,111106.34191111826,79076.33681015216,4
129354.95428502015,146249.7214972641,102102.07576776455,177783.98725795595,91669.26493278325,70443.55665964563,85120.42732482283,119884.4978075621,101948.78750429006,83661.03722584691,82649.75489971101,71814.74677500091,81320.83193312073,82136.46944003933,109007.84838293176,73381.73817178466,4
130383.89448927576,149533.6397926378,89009.63086004625,182519.45019000175,91703.6419157555,69072.32184080147,86692.89489899813,123206.79404816557,107232.18109991326,82335.80229709177,79764.39055971988,72279.1042660599,84273.07269252214,82404.86918745867,111835.25464955029,77987.31511680069,4
129628.31611970856,147191.06521499934,102753.60676689229,180589.377056286,92943.6943463915,71032.39101557626,85189.13658727844,119129.120603695,105535.75075098882,82024.50955206271,80888.90682326637,72801.3304235137,83204.50284534728,82955.25854292614,109362.0117738261,76254.09379650281,4
129769.26622024372,147607.61232466844,93657.609064294,178702.95687949145,90893.48058622844,69225.7889182316,86016.53111178054,122293.61352844401,102954.77246699006,83838.75594601106,81937.76243183165,71472.42980866788,81942.67981561182,81778.23803165412,110449.31238285452,74401.91649221379,4
130313.73236343055,149255.71820208052,94623.60675616346,183631.20360746427,92978.47366076395,70208.05868006453,86222.54714042511,121397.73325893084,108789.67300530351,81225.61350174111,79116.05586004924,73080.1013803603,85025.05243123203,83113.0171552917,111129.58772535178,79100.3202319527,4
129367.73948284858,146306.3384659694,102266.45049648888,178039.5794558024,91712.60496528208,70483.99096536529,85123.98125219122,119948.066168793,102020.82717666951,83688.7533889715,82676.06290293491,71860.54549938983,81380.7569600054,82184.3021731737,109093.20969500658,73454.62721045341,4
130358.74877676355,149520.87694655382,89027.5122556105,182509.86129163043,91676.52924973122,69052.71936091415,86672.97949468845,123193.89709161487,107139.95780229066,82371.20746030897,79800.80155143757,72252.63980062483,84217.55095929516,82377.06361735627,111830.73959717031,77912.86145602005,4
129682.54145175713,147289.90462898073,102751.68451686914,180897.62996406914,92984.12865211113,71059.9283647452,85239.04803264714,119308.94038783794,105620.10623456315,82018.72045024877,80868.34321836749,72826.76670870384,83259.42108147396,82975.39746468037,109435.57136482852,76331.69905325164,4
129759.0738247721,147608.86402235794,93847.12950553054,178798.04120040432,90890.82072863827,69234.21552589125,85989.93253587873,122246.18312670985,102894.22159126063,83869.78016731504,81988.99263012322,71479.76118084922,81917.57880658851,81779.62383981036,110484.04699373805,74357.34711376991,4
130307.51857847198,149283.36730997174,94481.60612363889,183653.48829668624,92950.13164879462,70168.40668540081,86218.81439910107,121372.38638071853,108800.15597345305,81233.39190881157,79116.23467400488,73082.2024443391,85038.03879476056,83104.92582379888,111186.96465336856,79112.94896756994,4
129336.75996503353,146223.8605289293,102349.3084131847,177791.9668307265,91711.42032282596,70481.95695661986,85096.7791791891,119798.6224053648,101995.45794671273,83632.18112375512,82635.0027483705,71852.63298185266,81350.47034626846,82162.93390547442,109002.81924042932,73416.58454139049,4
130361.78861400946,149466.7410214831,89014.30237463741,182329.75093480956,91651.49529594128,69046.17029978875,86691.68790479755,123226.50828677515,107071.24853983505,82394.34151582021,79828.62947328443,72241.03924525253,84189.23129907028,82358.13168980261,111811.11476553856,77855.48452800329,4
129693.47145479578,147297.63833256226,102622.13380600618,180866.0916526427,92992.77877721534,71050.25005939604,85259.79045150167,119299.97733831136,105702.56181985878,81988.43383651183,80831.44048827178,72853.40998809457,83314.89811121204,82986.05924678556,109465.65681286536,76405.4821616986,4
129798.52465373573,147614.60842068295,93983.25162926337,178855.708701099,90918.78276095186,69279.07547701306,86021.33673683844,122333.06435740762,102866.57248336941,83894.18827226023,82033.5620085671,71501.1741520374,81921.19978919027,81795.2030056957,110475.30746165603,74339.80099437249,4
130353.40670983872,149368.03571796845,94272.5502577484,183819.27118531123,92954.57964594122,70155.7108945502,86262.37794904447,121476.81373081372,108849.10629381017,81251.74269100938,79115.18414201548,73103.86128471629,85090.23011806372,83120.05795479512,111255.07041872387,79167.4872240409,4
129378.82594809843,146294.4249861747,102390.41327123801,177992.6631441907,91761.39882342803,70514.1434686355,85114.3923538199,119823.83517311039,102066.06710744704,83618.90418754867,82624.51978022096,71894.96718585101,81409.79187605284,82201.82594082665,109027.7861389859,73481.27048984414,4
130383.022771242,149489.53980082748,88940.38515572372,182331.71788832164,91648.34369997308,69042.23639276462,86701.92500375808,123238.77939448111,107016.9561525531,82417.07323993125,79848.5001741052,72233.52905911554,84170.34407500555,82360.76919564835,111794.32860545261,77813.6644141274,4
129717.16430391841,147345.35930697434,102444.77271375332,180876.7534347479,93021.07608569576,71048.14899541724,85278.96824824432,119288.82381782816,105797.46732681601,81946.72548135824,80768.7661968191,72872.20780518149,83371.44802468397,83012.9483953653,109455.9785075162,76480.06993294596,4
129777.84929011457,147561.00893747914,94053.39140336412,178677.2300216234,90923.8119034543,69289.51374167368,85993.66527720276,122226.46888810027,102832.70959051962,83898.56921417346,82047.75536629622,71503.49873346076,81911.3873733744,81811.6091861259,110412.4096527588,74304.4852381331,4
130342.52141028899,149336.2068338641,94039.17569389055,183589.11527265495,92938.75461086686,70131.61571402737,86271.87744043797,121459.69229456095,108856.68353518052,81230.62029249911,79069.45247285992,73082.6047757393,85085.73741742819,83107.94330930035,111195.70418545058,79163.7321309724,4
129359.02230251102,146234.14233137874,102416.36364655061,177783.7637405114,91790.59020168665,70538.7527392808,85103.46235078125,119746.31932333938,102113.51986092566,83584.39309410968,82591.72977110503,71908.467639502,81429.08143151777,82220.89197884702,108958.96511780801,73508.4502111018,4
130351.4174045822,149413.38740746825,88877.66616078213,182056.94789373255,91630.90933929794,69037.00608456208,86691.2632216529,123198.03216433909,106965.3459746058,82442.28600767684,79878.22799423075,72217.793431019,84140.28097871316,82351.42616646603,111741.44437807136,77763.75296875871,4
129718.21483590781,147348.15327503125,102302.72737773984,180818.39302997506,93048.2111034645,71058.49785310005,85296.22379496382,119321.68088217746,105895.92676114164,81916.75179204367,80725.94025444273,72890.24566295692,83421.51593226385,83030.71803220727,109447.59660334548,76554.14361407085,4
129741.88533328597,147481.63789291834,94152.05200338984,178480.33350471657,90928.01403141189,69305.71875640377,85960.7411576201,122131.36221544293,102790.1071655878,83900.67027815226,82072.18582298588,71501.64353867096,81877.5244805246,81812.07857275946,110340.74996003509,74254.10440613085,4
130352.0656051714,149347.98620319203,93846.52600843026,183555.2300280607,92934.12779976461,70125.98307442464,86299.23597565127,121536.73875769839,108891.28403559733,81229.27918783178,79058.83539424365,73082.96240365057,85103.8870339259,83111.7654576022,111193.69252844961,79185.10039867168,4
129379.85412834337,146267.75935503954,102487.17397298504,177924.57973057983,91831.89622544005,70586.40665845951,85120.76260098966,119807.54075140247,102189.13581241797,83566.3775880787,82585.00189602398,71947.8290614878,81475.37189428472,82261.14747061103,108960.19446375305,73563.99429607324,4
130370.95282923614,149467.61273951683,88866.26677110992,182254.29144552845,91624.18146421689,69049.67952366824,86706.61887009369,123300.62667138895,106947.55398601938,82490.43166523358,79933.19093384636,72233.90903877128,84148.03703403915,82370.02281785283,111787.19839897138,77755.16989888786,4
129734.24103668226,147448.2443867021,102175.70241400033,181092.47012048605,93065.95838856202,71057.64848681075,85308.80782709215,119362.04813266375,106004.66799791671,81897.66340227883,80694.6478122053,72928.13186980867,83489.06290400779,83061.36227385548,109509.71210118677,76650.05494952858,4
129753.01650202472,147501.12861408337,94306.54726106493,178576.31189540768,90948.6670432886,69346.55539352362,85968.3407507349,122183.2406143237,102734.0489904939,83901.16201653029,82088.5249481827,71501.39766948196,81841.24759927364,81812.4585524152,110282.63542445129,74204.79645786244,4
130369.41055886872,149449.0831433634,93689.54970712063,183775.14884175645,92934.15015150906,70109.75570795008,86318.10084797155,121611.61710162368,108951.3655246932,81262.56093532575,79077.8120252862,73107.43756382914,85154.55843860608,83136.55354220314,111290.40852670772,79251.01569307038,4
129383.49746268959,146320.95650684315,102576.35743336171,178060.90302001275,91866.89905725708,70605.09271682415,85110.01141190666,119781.63507957877,102238.86844383103,83545.79163143535,82565.4888231145,71968.05739021985,81501.8363597198,82282.11340691011,108955.05356252832,73605.88146518248,4
130346.20944812411,149442.10939909332,88845.18907608856,182106.5911181678,91599.08045519359,69023.86325882236,86686.50230008391,123247.04953992958,106861.29860416635,82504.26739505141,79948.18895437586,72200.47082906614,84091.80004498959,82347.29109374179,111733.19658436735,77683.44315093079,4
129765.42172019741,147502.26855305058,102075.097212207,181130.08810640432,93095.1721185651,71064.57752759189,85345.68820544341,119445.06251157077,106085.290740167,81863.95697164023,80646.59156162638,72932.02107334389,83531.33005277277,83074.41569261739,109504.9958831067,76717.7583834837,4
129741.84062979707,147512.12567235538,94428.72189625763,178615.18157901545,90952.35508112372,69350.33283833657,85938.45646839816,122116.40889840233,102737.06647599537,83940.814011194,82145.74541398829,71522.09538484758,81866.50507050814,81849.89772437785,110322.06390167045,74215.23472252306,4
130356.33478836236,149433.8616053893,93503.58319325247,183601.7887117611,92910.79257855327,70073.63528891031,86318.05614448263,121582.80570302079,108921.68240805656,81230.3744233101,79030.3592718076,73066.37740926474,85125.18824639182,83105.4622656658,111220.53697354042,79213.15183796309,4
129372.99214279559,146283.5843901139,102644.44084697257,177930.32412890485,91893.81055758127,70624.40462403353,85102.74709495869,119731.99185514354,102273.11131633655,83507.05605829431,82533.97286343251,71975.1875967011,81520.63417680672,82297.71492453992,108895.30734959929,73614.39747981996,4
130350.00924468151,149438.95780312514,88870.8265269788,182075.99158000847,91594.69951328034,69032.73690137111,86696.94056474455,123314.08242155105,106822.63008625866,82544.4334798376,79993.07125724212,72195.53109354152,84088.33552459902,82355.7847566348,111731.43079655539,77635.81158349653,4
129732.29643491465,147510.22577407668,101970.2675307116,181106.50701600398,93095.66385694312,71036.28021911148,85318.79905686367,119355.43201630499,106166.09229637294,81841.7169859072,80612.48279958758,72949.9695241415,83582.31438187533,83095.91807078339,109535.61777301047,76765.63582010697,4
129702.50155955572,147426.80906376947,94615.3813142039,178395.97802114225,90961.07226146129,69373.39983861445,85911.32145062942,122070.65487750231,102653.06862033233,83929.61578722189,82155.40136759297,71497.79903862465,81805.59656686742,81832.9103985918,110220.7210923101,74112.17082883965,4
130299.98604059053,149386.38650016623,93370.74677595458,183413.2517472806,92874.89567695805,70023.2321051636,86294.16212965992,121527.99922561637,108920.74363478943,81239.38217632558,79024.07843161565,73052.07229281335,85122.08135391252,83097.37093417298,111232.62926729074,79204.63582332562,4
129303.34410707286,146173.27853122694,102732.5514236154,177646.65814002254,91892.58121163622,70612.98288261687,85053.99794030166,119575.06025732282,102265.37761275502,83464.36422638467,82505.13911308517,71960.03311396041,81497.65658350666,82284.05800867773,108826.66514237704,73595.33144179959,4
130277.72370311305,149285.89305709518,88889.736102788,181658.01395869424,91549.54898948062,69004.26077893506,86663.30118933931,123209.8785889004,106703.65175052307,82556.2799043989,80009.09745801658,72150.00059008606,84013.59129114047,82315.81983754873,111650.94216477183,77533.93233226924,4
129688.82229194908,147409.77703449453,101845.27657571752,180844.65632971007,93075.5696386778,71009.4134222762,85320.02840280872,119284.71109684839,106199.79872701154,81800.8579970429,80547.05924356691,72939.50890773641,83598.1841204386,83081.43414037635,109502.6936534278,76795.00601232125,4
129650.37729148594,147257.516951265,94732.54915863862,178070.33545617288,90938.58640653925,69374.18214967039,85890.13199688579,121943.47345155162,102567.9084739576,83924.13960983034,82158.4412048389,71483.02453553969,81766.1457379038,81815.83366582796,110134.93509709062,74046.54610711886,4
130341.69439574414,149378.98807275156,93199.33124772683,183473.1991259097,92867.34078733216,70024.46145110864,86367.74407240679,121681.04161990187,108938.80384430932,81253.64258928807,79008.02987909674,73059.35896150577,85166.78484282314,83102.28831795315,111264.77107581748,79238.20814349748,4
129368.63355262681,146232.5106540335,102773.45511596861,177990.87500463426,91940.21277907048,70663.11784543013,85116.38165907642,119696.76550588198,102347.34145967264,83458.5527728263,82488.57647044379,72015.57719893185,81587.13061656125,82331.37665168961,108878.02945113534,73683.4420184424,4
130303.91994761468,149314.7938626759,88814.72364839599,181849.05431855374,91532.8522363725,68998.35991839886,86687.03874195085,123238.60058052548,106657.38363950058,82583.32551518983,80038.95938860887,72160.21533730213,84025.39301221288,82322.65947135205,111665.87313006796,77520.52128559606,4
129774.13890053498,147546.36854486092,101685.03691971743,181244.5290380155,93119.96020316603,71039.45416682413,85395.64435430102,119472.71161946197,106294.41366129085,81767.06215942648,80493.50446385199,72974.3776290867,83682.36079005728,83112.54776865814,109533.96374392079,76901.98146128433,4
129695.59487051904,147354.05413556745,94836.61888082253,178423.49301856675,90967.26369467542,69414.25882747876,85899.58678479037,122007.53355116052,102563.77340123337,83946.24548509663,82195.23217621233,71521.91657089193,81801.19327320973,81857.11733783691,110172.41897254217,74075.42456095511,4
130400.72535285061,149521.48044365412,93035.13533295815,183815.76196143174,92877.75670024833,70031.72576805661,86410.63707001651,121847.78563353844,108957.2216817405,81256.7271300229,79004.96769010636,73070.4901302445,85197.89847110493,83113.12891401397,111306.70294841564,79280.85527191822,4
129377.77541610903,146315.56973642943,102835.3247446209,178223.37785045838,91968.86771546218,70684.97785150741,85100.71308621325,119670.72572359155,102398.19167830846,83437.87740920513,82466.73881611096,72052.36817030527,81626.98377692506,82364.77015790585,108908.0031404499,73742.65178950451,4
130320.70610770061,149364.97352897807,88856.65552099413,181945.47974413392,91525.09618104651,69011.10041273838,86694.59363157673,123319.22332277577,106578.54903680671,82611.28754750342,80068.73191222333,72152.70515116515,83986.67979081628,82312.40002064705,111658.0500195086,77466.16184308074,4
129787.39348499698,147618.38586549592,101593.9759128065,181338.8533996169,93132.4324765721,71038.58244879037,85413.0563632317,119497.11972440717,106357.13265623244,81738.67544396824,80448.93508540811,72991.49906533946,83708.86995898127,83113.37478320299,109555.44377034233,76952.69756945343,4
129729.59187383555,147393.25909534207,95051.39679329358,178536.01170015475,90995.80687234484,69467.03129613773,85924.19605543566,122100.13682843886,102527.4518164935,83975.90624998882,82234.66065343149,71538.2333443443,81783.66950555677,81863.73345419568,110164.23823407153,74040.60054309375,4
130437.27045503503,149635.69785782075,92927.62344212813,184019.45340865297,92875.94620894745,70026.69662555416,86444.6564250775,121963.25474539456,108987.91062687762,81293.47339790742,79031.47685903036,73088.81856069787,85225.30170980713,83121.37670771798,111393.15949596876,79312.12536241119,4
129389.17480578124,146381.37327210585,102943.21661510666,178343.67493911684,92001.5683176003,70711.91170357606,85097.80735943405,119661.9414880206,102439.29653636177,83428.31086257826,82464.32482770977,72074.11641766029,81643.23349514407,82379.5446609908,108916.29563764282,73769.09390319514,4
130325.17645659167,149399.48462241705,88923.8448648268,181957.52733439533,91519.84352109952,69018.83411631991,86693.20782342051,123371.28053561218,106507.62695165002,82656.41571955869,80122.39845066052,72136.47778469059,83943.20564785071,82300.62065131911,111661.78276083265,77403.39814465024,4
129813.67913647642,147735.374895975,101560.15772344563,181550.79264054212,93163.50140136498,71050.13830067376,85426.33329943816,119600.54124600187,106447.90309046545,81746.20798184967,80443.21303882755,73013.42612665011,83762.44709044065,83140.26393178273,109640.24628880576,77030.19106747999,4
129665.84469864902,147363.84419963887,95254.57415039232,178401.52125376716,90988.00611352995,69463.49972051379,85847.19429578714,121948.83787022089,102457.51320809285,83999.04030550008,82271.38456957157,71521.60364646955,81729.9359118862,81856.73735818117,110145.97685885154,73972.89710913862,4
130403.09463776287,149627.87474726138,92861.73049947388,183845.93681644642,92848.54297024524,69996.25354960603,86422.59525330011,121971.6366495653,108951.00789678191,81306.28094748032,79016.72470768985,73050.32885674582,85181.69345637482,83090.39718990293,111385.78342029851,79274.2615073039,4
129362.9338577907,146360.0497078955,103088.16767789933,178217.07465852197,92020.18732073157,70724.02634907083,85068.3254084975,119620.09902240027,102459.27899590481,83416.4420862725,82444.67764433357,72072.4623885706,81632.50465780553,82377.48830050092,108906.7514427604,73776.9170137545,4
130283.57986016035,149335.82685420834,88981.91469692168,181689.90989803194,91484.08072997103,68995.65535731976,86658.6073230037,123300.31374696658,106426.64658148844,82699.80045554644,80162.34101800216,72110.2144849556,83883.21356573267,82279.3641423421,111650.96451651628,77335.78411767294,4
129835.78501174272,147769.37189929152,101463.77700135435,181533.5370938226,93177.06891024935,71041.4658238251,85455.99406433036,119668.02116251245,106531.52096647274,81738.45192652369,80410.13245703369,73022.16565873213,83801.0262013705,83154.34553078956,109676.7913909902,77104.44356256051,4
129674.89715515342,147341.26893773902,95373.84305880584,178321.25613942818,90998.51143342393,69473.78152296324,85849.74239465504,121918.59595997287,102430.75816997983,84012.80898008455,82298.45253210695,71525.47049826033,81711.1380947993,81867.84617517545,110122.37341670675,73957.04972231982,4
130414.13639952379,149628.45589261723,92615.52603429867,183687.53000349164,92830.03572583625,69954.3663804968,86448.32211116816,121936.90203868176,108963.36841146571,81298.94957529898,79001.25730052678,73042.05871129736,85185.96263956578,83088.92197476888,111369.53370207951,79291.1594261121,4
129376.88134633082,146328.10906506886,103012.4623194292,178031.24225512057,92048.46227746752,70729.94956135149,85087.34674302897,119530.17795445657,102529.3517147722,83364.42957692499,82392.75454196389,72094.83648477036,81673.96714377012,82408.26665261587,108833.66123839155,73831.924656859,4
130311.58659596284,149288.44115596308,88854.95678841553,181490.7335031907,91478.91747700184,68993.62134857432,86691.710256542,123303.24182549023,106391.7108049048,82700.96274625811,80171.95226811794,72111.37677566729,83882.16303374327,82291.50113958135,111582.79169592759,77314.43820171812,4
129831.00173842929,147730.8151401061,101123.02465713318,181313.70768710467,93173.47027939204,71003.87018965128,85460.1738405435,119519.78439328485,106640.8209968592,81674.21301295912,80333.19775261852,73055.51446145946,83876.86567030736,83183.380446837,109641.34152428407,77201.18191256309,4
129682.45204477932,147232.72886666405,95350.28432014995,178014.65726073473,91016.83986387729,69510.37132863657,85865.23215356257,121857.1063109763,102410.79806218125,83958.89657245834,82262.06389213371,71536.35579781006,81708.9923273316,81878.06092239152,109970.06862998828,73929.17709698404,4
130436.46579223464,149602.572572538,92320.21478655515,183572.15029861336,92822.10085655462,69948.66668566069,86486.7671116313,121972.93305074371,109017.63844700319,81282.78926405779,78973.138806002,73068.38906626572,85248.16754438491,83110.08907676805,111361.9341089647,79346.88232503919,4
129405.26806178906,146334.36755351635,102961.65680428229,178114.5472067055,92089.41067330966,70772.86491070568,85110.97253691823,119554.42959719058,102630.53806192137,83319.27905312527,82353.75074788938,72149.3300377524,81754.00874066458,82451.45022290353,108830.44258718999,73918.35885266768,4
130337.42521255318,149308.4906707395,88811.95203208351,181583.51559442468,91481.17500319183,69025.71845361215,86720.29813770035,123398.16968419192,106367.0568307706,82714.91023479823,80191.42063753851,72127.53708690847,83886.56632740097,82299.88304375208,111572.42048650033,77292.75700959648,4
129890.79265484723,147866.4455254609,100977.44774549577,181660.2714848842,93207.62374491975,71035.60966677782,85512.40986733555,119684.40499119819,106766.12487627564,81657.29274240647,80300.43009524705,73103.92833994965,83962.89753471584,83217.645671087,109711.68246408492,77309.11848653776,4
129682.31793431258,147272.09028864984,95450.64365275427,178132.47330575864,91027.41223900464,69536.23229697136,85848.62480743228,121818.32603434635,102404.74073943387,83970.58653480846,82289.84711049165,71563.26729813425,81711.1380947993,81898.66923077933,109966.00061249742,73925.60081787119,4
130449.92154239674,149671.17007627132,92125.95577549408,183623.87223528294,92807.12518776956,69934.54038316493,86511.2646235543,122031.58402819444,109037.37503735723,81282.0293047463,78963.4381489084,73069.52900523294,85253.42020433191,83111.13960875745,111357.9331467072,79367.35652296025,4
129435.46526854817,146419.5053481466,102974.48670559964,178267.72371145771,92126.38045863873,70806.81721053329,85135.80532500808,119610.91245542913,102722.9401734996,83297.30728832571,82335.93640755849,72182.00828814605,81801.41679065429,82490.85634837823,108820.1384329961,73998.57926351778,4
130336.17351486368,149343.73937174553,88798.76450285489,181591.74103638425,91468.1886396633,69021.4939739101,86712.5644341188,123394.43694286788,106329.52825183014,82749.22016253712,80247.09883297668,72128.00647354203,83871.63536210482,82317.29505268276,111562.831588129,77275.97084951054,4
129922.24155929584,147951.8738927691,100814.28001097203,181740.4471922454,93234.3564312883,71041.0634924249,85549.78198406482,119772.33675388536,106848.6698685491,81615.83025644187,80257.38063542613,73112.77963075395,84001.14136947886,83240.37739519804,109698.27141741174,77385.36028687481,4
129714.05741143912,147354.52352220102,95613.20789017771,178370.47468071876,91066.63955052372,69580.48875099287,85854.90564762421,121909.65526219073,102433.21686186992,84003.1306747354,82356.94704734649,71601.08644975263,81747.63849349481,81955.30855122907,110012.29107526435,73967.3538765137,4
130429.06736481993,149728.3011350991,91956.61895950067,183653.46594494177,92782.85119329109,69891.35681287727,86485.1130825416,121998.7493155896,109038.1349966687,81285.44912164798,78975.41868393644,73058.88957487221,85249.93333219687,83116.124047771,111383.77176329754,79377.4371597096,4
129440.22619011716,146450.28370026156,103050.81791291451,178285.98508667768,92166.21126725808,70836.27680972539,85127.87045572644,119627.07276667033,102769.83413336685,83251.88854359252,82305.67214556602,72187.61857600434,81811.07274425897,82508.78244743138,108785.09089769017,74025.46841209751,4
130349.74102374805,149399.64108462824,88884.1258149297,181707.88070057402,91471.67551179833,69040.00121831908,86714.73255333096,123500.71948775287,106306.3941963189,82802.37261085185,80318.37854604465,72135.33784572338,83868.77433881455,82339.62444539362,111618.53213531163,77260.99518072548,4
129902.0579340527,148018.61620171263,100695.12286128079,181807.6588878225,93233.66352721018,71013.9061229117,85530.33596638871,119734.8081749449,106933.33827654581,81599.78170392296,80229.35154787917,73124.20137217062,84042.00035834317,83257.61059017308,109753.03319132724,77451.54380220697,4
129673.86897490847,147306.37786464428,95784.53401142765,178185.9610302402,91070.10407091428,69592.96102439893,85817.42177217267,121815.42030756717,102379.0585850547,83994.94993626475,82359.65160842557,71582.57920534363,81700.85629234985,81945.339673202,109941.39134185211,73903.60670132717,4
130478.04003692152,149806.73340639274,91880.33245567471,183770.16440274293,92794.40704517449,69907.09244097382,86543.00410068085,122209.92859720334,109062.56545335836,81313.56761617275,78992.4954167003,73057.05673182687,85272.93327724139,83122.4719431963,111431.89506910981,79401.6888024436,4
129436.89578019331,146514.52261382612,103103.16569842884,178433.0595651936,92191.26757279248,70841.30595222783,85109.40791480636,119573.51798695541,102866.99716651406,83253.18494477092,82308.3767066451,72231.15977420328,81879.8267102035,82556.8834014992,108863.29965153929,74119.23398008752,4
130318.761505933,149355.56344456237,88909.07036174183,181499.89771841737,91443.60172076247,69023.55033439999,86689.69859954102,123424.27652171571,106207.4206718708,82813.30261389048,80340.59618003323,72100.37971739528,83800.7803321815,82314.63519509259,111541.37391345191,77176.34912447323,4
129902.57202417518,148039.33626882272,100558.5313509144,181744.91754113647,93234.17761733265,71000.58448321634,85537.26500716984,119738.45150929112,107011.01058852799,81573.6525146547,80190.6830299715,73130.37045364028,84081.85351870698,83269.0546833342,109759.55990070819,77519.33664313992,4
129639.71550938077,147215.4509682001,95936.23530104582,177909.8946344727,91062.07979465483,69609.18839087349,85778.70855077608,121709.83066676029,102318.5971163031,83974.02870345459,82353.05784381126,71563.26729813425,81644.93222772267,81932.7332893292,109837.88041327959,73841.62531395261,4
130440.91378938124,149755.65967031237,91755.27444544727,183551.13965882536,92752.16224815397,69870.25676611147,86517.83603642417,122157.11142505544,109063.63833709221,81328.27506402435,78992.9424515894,73047.4454817111,85269.60286731755,83120.10265828403,111438.22061279067,79406.0920961013,4
129397.0426198295,146429.8095023405,103188.19173433683,178204.065943249,92195.53675598346,70850.11253954322,85078.13782431338,119490.07892490375,102884.18565800019,83206.20157792588,82251.80444142871,72224.63306482232,81869.9248874098,82552.70362528606,108791.03646171528,74122.89966617819,4
130278.41660719116,149251.29255667838,89009.45204609062,181262.6786545132,91413.98565935918,69021.11399425435,86662.16125037208,123409.21144595284,106115.24207773712,82837.64366360231,80358.47757559748,72067.70146700162,83742.28581694196,82291.81406400372,111497.45273559722,77099.19090261351,4
129883.0589512657,148018.7950156683,100502.00378918694,181710.76407560875,93230.71309694208,70986.0111458315,85530.17950417752,119747.99570417353,107066.4205630327,81561.35905520429,80147.99119806185,73131.21981992958,84108.76501903117,83270.77576765725,109796.39557557054,77570.4103792203,4
129621.36472718295,147168.44524961058,96181.34453074272,177916.30958513136,91073.88151572723,69635.89872549758,85758.07789064382,121709.62950106019,102282.9907873858,83998.74973282215,82380.12580634664,71563.75903651226,81631.43177407167,81940.60110337748,109843.87068079361,73813.95385431693,4
130404.81572208593,149713.50428026967,91678.74207243229,183470.82984099744,92713.44902675737,69827.76609990193,86498.99351584834,122119.20286645924,109023.20403137256,81349.3974625346,78999.98325109282,73021.02571976492,85248.83809671857,83098.08618999555,111462.22638633566,79376.87836609822,4
129373.8862125738,146366.68817599872,103267.96511029782,178124.42667775473,92203.00223863152,70850.98425757697,85064.57031542901,119425.97412180594,102904.77161464354,83176.31729558914,82213.49355143233,72221.41441362076,81871.46715777721,82546.15456416066,108761.73332473438,74131.68390174913,4
130241.22330441754,149137.52217740085,89067.63363690778,181048.481887398,91373.48429840617,68996.92940675371,86638.8483809052,123320.31855825408,106024.8292714154,82866.16448952729,80395.49206441546,72043.2039550786,83692.39672331771,82266.69070323596,111462.3604968024,77022.680881343,4
129883.39422743252,147971.23050346738,100370.30731085627,181629.44842928034,93226.24274805102,70964.17349149866,85550.2960741873,119743.1677273712,107120.82470903693,81534.60401709127,80105.43347661894,73133.36558739729,84143.34316770354,83270.50754672379,109791.27702609028,77621.08178390047,4
129601.11404670645,147067.28125420585,96317.55606145336,177795.78897902835,91073.21096339358,69641.46430986695,85737.42487876712,121625.78810760834,102248.30087999116,84004.71764859172,82395.9955449099,71570.73278078232,81626.44733505814,81947.93247555882,109807.2138198869,73794.93251978548,4
130457.69994946719,149732.1009316565,91568.39151005645,183585.6284005199,92717.36058203704,69831.90117262617,86555.0293391978,122298.73207792427,109020.6335807602,81361.73562547394,78998.77625689223,73017.04710925187,85262.80793700313,83093.07939923757,111478.69962199923,79389.35063950428,4
129439.89091395032,146467.69570919225,103352.2982421277,178541.93491243542,92260.44622188166,70894.19017960908,85100.10958911295,119568.13121654167,103004.88507805885,83180.8323479691,82214.02999329925,72275.79620788053,81958.79542336409,82596.75891360747,108855.07420957973,74239.59812397935,4
130288.02785730695,149237.30036464936,89164.5955043549,181440.68794735527,91386.60477240144,69016.73305234111,86651.34300605571,123453.0432168297,105986.89836107474,82930.24694088065,80466.72707399454,72057.35260931881,83706.63478453575,82287.9695639574,111547.34182922148,77017.27175918482,4
129938.31246355921,148127.87152861018,100274.97712075438,182059.47364085598,93253.33306233086,70964.53111940993,85576.60407741119,119880.72036274915,107197.13356460734,81532.32413915684,80089.4519793334,73150.8670033058,84198.12729336349,83287.45016902091,109881.0416318228,77700.07284880553,4
129633.16644825536,147169.71929904455,96552.51759916755,178145.32555882045,91107.36442892128,69677.20474925099,85726.24900653947,121693.89387296366,102232.2299757278,84037.55236119656,82446.93517052355,71584.05442047768,81627.520218792,81967.26673451265,109852.83373032018,73792.49617963984,4
130465.92539142673,149836.57298524058,91500.48691040122,183794.59485943257,92701.02145684022,69801.41339318913,86545.68631001549,122347.43652909239,108997.54422873787,81405.81326553981,79033.64497824252,73000.86444626623,85256.19182064437,83083.46814912178,111551.0298670566,79385.0367528244,4
129399.23309078612,146474.35652903994,103421.34278075014,178475.57258314762,92265.76593706202,70875.23590031099,85046.39834718686,119423.44837468248,103026.38745622487,83149.8304784096,82180.05534172719,72265.62616415336,81951.66521688286,82589.44989317059,108835.31526748124,74253.32209507491,4
130230.31565312334,149153.0566397973,89266.94414221575,181122.91319643418,91346.7069085487,68988.4804473496,86600.69395311999,123357.91419242791,105866.37775497172,82957.73958656068,80494.8008650304,72007.48586743903,83618.72537359303,82245.47889774787,111478.94549118823,76911.41389744448,4
129923.24738779633,148126.3069064983,100205.17262282046,181958.17553498453,93246.98516690555,70937.79843304139,85576.0005803109,119902.78153452654,107244.87689076387,81523.00346171898,80056.3490457951,73137.12068046578,84210.621918514,83274.17323281447,109903.79570767829,77741.78120395914,4
129582.36093310844,147066.83421931675,96740.27225259213,177871.89666889867,91095.22743168205,69670.0968945142,85682.84191880726,121581.93398498703,102162.93956791634,84032.4338117163,82451.65138860363,71554.46071081885,81566.11997677326,81940.55639988856,109790.15943886751,73728.19021084193,4
130441.27141729253,149787.98029279476,91411.19169130227,183613.67983981132,92662.79997382165,69758.5650990683,86539.919559946,122343.99436044626,108975.50540870494,81424.7675448379,79041.28927484623,72973.5282627974,85235.44940178984,83058.34478835402,111569.04537308757,79371.55865091785,4
129390.8958901043,146436.559729166,103493.44950836296,178399.5543002551,92276.76299533404,70878.0745718568,85040.34102443946,119401.431906394,103061.61380548643,83119.27564373918,82156.16132690446,72266.02849555356,81961.63409490992,82586.47711115803,108824.22880223142,74281.95467972216,4
130253.00267374549,149127.1956714625,89370.45507078827,181122.82378945636,91339.44259160073,69001.86914227833,86618.32947949524,123455.03252208621,105789.33129183427,82987.51211017516,80538.09619404032,71987.88338755172,83581.71088477504,82227.10576380561,111478.20788362122,76854.6851700169,4
129963.16760339352,148203.44277661358,100108.6801420069,182184.01756096096,93257.26696935498,70932.16579343866,85599.8051881558,119991.47325652519,107325.8796126699,81523.40579311918,80049.57646722514,73163.49573892304,84277.25246873529,83293.4627882794,110004.57972342728,77828.46126895682,4
129622.81759057255,147117.63973446368,96925.14353098196,178107.46170371317,91121.60249013931,69711.82760141225,85690.03918052187,121652.94547712154,102153.0153933782,84052.81860265954,82497.98655485947,71580.90282450948,81585.25307002701,81960.80708036508,109830.07965446469,73733.97931265585,4
130469.3452083284,149864.19974138733,91298.51654750307,183795.51128095525,92646.57260734709,69739.67787500356,86550.20136239546,122407.76388737725,108972.39851622564,81451.38847248418,79057.62840004306,72978.5797570443,85255.78948924417,83055.03673017463,111640.66036232238,79385.48378771351,4
129434.1018121364,146522.77040753013,103543.27154675384,178632.88416062406,92313.46455972965,70904.76255473644,85054.40027170184,119463.92738389104,103124.80218706158,83103.40590517592,82135.39655630548,72294.6610802008,82010.74087747824,82604.82789335583,108862.51734048336,74340.96328508417,4
130249.493449866,149145.79232284933,89405.92728923885,181136.43600182963,91324.28810886004,68989.59803457237,86595.39658968408,123411.11134423154,105729.85329983871,83029.04165137312,80580.63156373877,71984.53062588342,83562.60014326575,82220.84727535812,111503.68887230026,76814.78730616419,4
129965.64864702805,148231.5389193939,99943.1878260598,182119.9351096076,93259.50214380052,70908.74116524949,85606.24249055893,119965.1652533013,107375.96987199425,81493.54386252689,79998.41332416693,73159.0700935209,84299.64891667949,83283.22568931886,110001.67399664808,77868.26972583172,4
129581.01982844113,147033.3066026338,97041.61847133857,177829.94244455607,91122.6083186398,69709.0559850998,85645.715671267,121495.0751060337,102111.03881729112,84044.01201534415,82499.21590080451,71570.66572554896,81554.87704931224,81951.93343781632,109759.67165943047,73689.09700978959,4
130471.04394090701,149814.33299950755,91164.58489472687,183540.07554532,92630.47935133927,69721.99764513942,86569.84854577167,122448.71228321939,108925.43750112505,81446.11346079272,79036.55070502171,72938.59248621375,85220.54078823816,83023.45371525928,111584.04339361709,79341.24968543646,4
129454.66541703528,146537.25433793716,103576.97797739244,178677.9229257015,92353.36242358237,70926.4437468581,85069.89003060939,119494.0575354168,103217.18194689536,83093.66054459341,82129.38393704701,72324.88063870439,82074.8233288316,82639.42839377266,108908.76309976139,74424.13412620236,4
130232.30495837987,149099.56891531576,89461.67253991039,181027.89593075466,91307.81487319648,68983.5854153139,86578.56572610924,123369.82767222259,105655.22082510244,83059.68589302133,80630.31949166293,71968.50442510897,83527.08322132626,82214.14175202153,111492.80357275052,76756.62806709147,4
129979.14910067906,148250.13557078072,99798.32617024495,182122.79613289787,93265.53711480345,70899.06285990034,85628.88480769216,120014.80847773654,107430.03874183164,81462.74315866746,79953.53102130069,73153.9738957851,84327.43213503744,83281.59401197363,110013.43101423157,77914.9848717433,4
129570.69332250278,146991.19591608,97196.9407435585,177781.88619397715,91134.07476354537,69733.06175864479,85629.82358095927,121454.23846891386,102085.93780826782,84039.586369942,82516.29263356837,71571.60449881607,81543.58941836232,81956.67200764084,109742.37140922206,73670.25448921377,4
130482.17510964574,149833.62255497248,91052.66971023915,183573.78197595858,92615.39192383194,69710.06181360029,86590.54626113728,122520.93076955447,108918.75432953291,81465.53712672439,79047.10072840462,72932.80338439983,85225.50287550723,83019.11747683496,111623.53892606961,79344.69185408257,4
129451.93850421174,146541.5905763615,103596.78162297985,178698.01714396683,92377.41290061628,70938.0890057193,85063.94446658426,119454.47259598644,103275.40824120144,83060.04352093262,82093.53173894068,72344.50547033614,82104.99818384627,82653.15236486822,108908.27136138338,74471.69863840326,4
130222.62665303072,149053.25610080434,89528.86188374304,180914.1031997327,91293.28623930052,68989.10629619435,86569.87089751613,123364.23973610876,105570.75358280583,83078.61782057499,80655.68872161969,71950.17599465561,83477.90938352459,82195.34393493462,111451.07286585246,76684.00724935619,4
129998.75158056637,148302.59511501732,99660.46061044463,182230.88916908373,93273.33787361835,70889.69747897357,85647.0120724454,120072.7889028536,107513.45545213885,81453.71305390753,79926.0160238762,73173.6657826502,84380.29401067425,83292.30049756772,110072.9760614605,77991.13726510254,4
129571.40857832535,146974.6332734386,97363.17066707263,177791.67625804857,91155.75595566702,69760.53205258037,85616.88192091965,121430.99265468033,102061.0379649446,84040.54749495357,82530.46363955304,71576.83480701862,81524.07634545284,81956.29202798511,109711.41424315146,73647.99215173628,4
130507.52198785807,149870.0782501791,90952.19861891255,183648.43680243933,92606.00419116071,69700.74113616243,86615.60256667169,122616.12684918963,108906.12559391565,81493.65562124916,79067.0161327143,72925.91904710759,85219.2667388042,83004.76765689465,111656.39599041891,79342.38962440367,4
129475.85487077892,146604.57779223655,103630.1080739627,178910.76104769245,92409.9123370543,70958.6973141071,85072.23696377719,119491.3529743377,103363.60822482208,83051.39339582842,82086.96032607082,72380.46942716473,82157.41302459396,82678.32042912488,108965.02244055539,74553.77424404315,4
130261.54104012741,149101.44646185,89634.38446931654,181094.61588795375,91303.14335860532,69021.11399425435,86595.86597631764,123496.27149060626,105507.81107041969,83117.6216146495,80705.71192571067,71942.10701490725,83442.66068251857,82184.90567027399,111457.97955488916,76635.88394354391,4
130063.28106680884,148453.37998311283,99550.49002772452,182626.3585837315,93301.18814720967,70905.3884035812,85693.74957010146,120242.59510548058,107613.83713648762,81465.5818302133,79925.65839596491,73206.50049525505,84446.05284286175,83315.97099494589,110189.42865007266,78087.00389707135,4
129622.45996266128,147082.23457124646,97559.7766113015,178137.54715175,91192.45752006263,69813.17041077261,85628.39306931413,121525.87580989311,102071.3421191385,84067.25782957768,82576.73175057552,71609.5577609012,81534.38049964672,81982.13064457545,109765.2595955443,73660.06209374215,4
130510.47241812617,149950.2539575403,90826.91709124054,183766.4763649078,92581.12669958195,69671.48270267043,86603.86790083264,122606.18032290702,108896.49199205542,81527.04912746539,79093.92763303849,72924.35442499572,85210.52720672217,82999.38088648093,111717.72917720428,79338.90275226865,4
129460.6109810604,146609.24930682773,103629.43752162905,178793.5037962799,92424.6644883948,70960.23958447452,85050.55577165553,119382.09764744015,103396.24177172683,82999.5373486921,82031.01390969919,72375.06030500654,82146.79594597769,82668.8656412203,108910.48418408445,74565.62066860446,4
130247.68295856511,149058.82168517372,89711.09565628716,180887.28110638633,91286.62541945284,69023.50563091107,86580.77854881031,123464.62142045754,105433.1338921945,83151.46215575482,80744.1569261738,71924.78441295438,83393.50919646135,82171.96401023437,111425.77069112906,76568.20286133324,4
130054.02744460433,148462.70066055068,99385.62356062217,182504.0721898165,93294.05794072842,70873.29129854338,85694.66599162412,120207.9722533193,107682.09936405414,81455.4788417195,79890.27558449216,73209.07094586742,84478.14994789958,83322.54240781575,110217.54714459744,78145.31959835526,4
129573.91197370435,146972.59926469318,97696.18930771224,177795.38664762815,91189.95412468365,69812.05282354985,85589.0987025617,121366.70903762688,102019.08374060199,84049.75641366917,82566.96403824855,71589.35178391359,81490.83930144779,81969.77012989165,109670.4881990538,73607.02140414971,4
130503.40926687828,149907.85269830856,90720.00869751081,183584.9801999307,92555.48924869171,69644.70531281296,86621.57048244125,122642.7477768359,108871.70390745449,81549.06559575387,79093.3241359382,72904.28255847485,85205.18513979735,82986.66274388586,111721.8642499285,79323.86002825023,4
129464.03079796206,146587.99279785072,103664.55211216833,178766.52524072235,92449.60903520693,70968.62148864527,85062.55865842804,119380.62243230612,103461.37475506958,82966.16619422034,81995.25111857071,72389.03014529111,82186.73851331932,82681.27085939299,108912.4064341076,74618.43784075235,4
130181.29827753286,148925.27001205325,89748.78069743881,180539.51031440622,91246.21346547765,68988.6816130497,86537.63968201158,123292.44593291832,105334.1603677464,83166.21430709533,80767.73801657415,71896.17418005159,83335.52877134428,82145.61130352155,111359.9895071971,76484.31676439247,4
130034.60377867268,148392.18090679418,99215.0126951948,182276.79965219495,93279.28343764346,70846.04452205235,85711.04982030987,120191.70018335583,107720.09732962816,81415.11159123322,79829.59059829601,73196.57632071691,84492.23154690642,83306.02446866328,110175.72703072155,78173.19222369102,4
129560.99266540918,146906.66161855002,97857.3006817461,177760.07089138878,91206.47206383612,69840.81951866383,85586.46119671599,121362.70807536937,102021.94476389227,84055.97019862774,82600.26813748696,71609.84833357911,81509.23478713451,81987.02567661116,109678.11014391306,73617.1243926435,4
130486.69016202571,149879.3765758725,90603.86903332104,183541.66251917632,92525.76142856615,69624.00759744736,86625.7949621433,122675.71659990748,108840.1432442836,81559.66032262568,79100.87902556408,72886.44586639952,85190.79061636813,82967.39554016538,111725.50758427473,79310.44898157704,4
129429.27383533405,146546.79853281958,103658.53949290985,178704.4320946255,92453.4758869977,70969.33674446783,85038.46347790521,119299.19502725542,103505.94413351348,82924.7707634891,81960.85178385398,72392.9864040597,82208.9561473079,82681.02499020398,108898.43659382303,74662.60488779604,4
130217.70926925055,148950.43807630995,89887.42856829507,180744.54286629474,91257.3893377053,69038.68246539622,86570.29558066078,123479.57473749814,105287.17700090134,83215.56695885265,80832.15574409434,71896.71062191852,83332.24306490936,82150.93101870191,111393.71828958015,76465.11661590537,4
130057.58137197273,148490.97561728663,99076.45423131637,182594.3061821826,93283.26204815651,70838.0649492818,85733.40156476517,120274.60280354058,107795.73563286492,81415.75979182242,79814.10083938847,73211.37317554631,84553.34121624724,83317.04387867975,110277.53922671548,78263.58267826829,4
129574.11313940444,146928.1863484605,98004.28575328419,177909.0452681834,91229.65082283627,69873.67658301313,85584.09191180371,121356.58369738862,102001.49291771566,84056.4395852613,82610.41582946967,71610.4518306794,81504.18329288761,81990.69136270182,109661.61455650504,73612.63169200798,4
130526.6550811118,149942.00616383628,90480.46505218328,183684.93720113483,92520.75463780816,69616.45270782146,86667.68213125254,122771.71734234302,108830.24142148989,81588.4046659952,79119.40862171754,72880.88028203015,85203.32994500756,82967.55200237656,111752.66495378793,79325.20113291754,4
129495.7702750886,146673.24235120325,103641.50746363492,179062.7529099885,92505.82367251202,71000.85270414982,85086.60913546194,119397.81092379225,103627.24705067242,82918.64638550836,81947.08310926952,72442.69668372831,82301.51472109732,82736.61377866432,108974.5666354378,74791.41799109198,4
130206.60045225627,148945.4536372964,89908.30509761634,180697.09011281613,91239.55264562997,69028.06538677996,86547.78737399429,123386.74794277526,105207.31421796254,83228.06158400317,80859.06724441853,71882.20433976702,83291.04879987822,82146.30420759966,111346.7349227351,76418.71439441615,4
130082.5035670404,148553.78401920607,98887.31376973556,182635.32163325808,93291.26397267151,70830.97944628948,85763.88934420221,120323.28490296422,107861.58387203026,81387.28366938635,79770.3808272339,73216.89405642677,84592.1661963661,83328.75619277432,110280.95904361714,78338.66218789366,4
129564.56894452202,146927.40403740454,98164.81598196221,177900.37279133472,91247.7333841006,69905.84074328432,85563.12597550463,121313.69069977889,101995.5250019461,84052.52802998162,82620.16119005218,71626.7015488984,81505.50204581047,82011.67965074535,109648.00234413176,73623.33817760208,4
130470.73101648463,149897.45913713684,90378.54109746708,183460.97272169267,92472.65368374034,69578.99118411436,86629.10302032268,122683.67382093357,108769.8246562272,81591.33274451885,79116.01115656033,72846.72681650243,85156.63715084043,82938.11475492892,111727.65335174244,79284.09627486423,4
129457.6605507923,146617.4971005317,103710.03791213488,178886.978791592,92512.21627142624,71013.43673627815,85062.67041715031,119342.55741149872,103650.20229222803,82873.62997217536,81893.7294952547,72434.18066909083,82293.60220356015,82724.38737444728,108927.18093719256,74807.19832267742,4
130164.13213779118,148858.46064787635,90077.35134093183,180510.2071774253,91215.0327819625,69033.72037812715,86518.01485037981,123363.90445994193,105108.78772840355,83272.51920372478,80910.38684968791,71857.19273772153,83232.75545033878,82128.15459110196,111331.46868127212,76341.55617255643,4
130038.33651999671,148509.88519309583,98811.96603917671,182481.74279710566,93269.44867008313,70795.21665516098,85745.02447188193,120271.38415233901,107881.8122007623,81381.71808501698,79741.70353909774,73201.04666960797,84588.8134346978,83314.45107632293,110290.61499722184,78356.65534218018,4
129488.0589232515,146778.27319839873,98385.49475496946,177553.3619586661,91233.11534322683,69902.3985746382,85505.74904748787,121152.8475466785,101918.59029753093,84046.00132060067,82620.94350110812,71595.34205142761,81434.75877460942,81987.27154580016,109547.93358420534,73546.93991505384,4
130441.04789984798,149828.23578455875,90360.45853620274,183283.99160909554,92441.04831708054,69554.31485823571,86632.85811339118,122736.31217912582,108708.5138211863,81624.74860247954,79129.7798311448,72807.76772591684,85112.71597298575,82907.42580979179,111714.75639519173,79235.59298939622,4
129450.66445477778,146629.92467044888,103808.36323599378,179007.67821165064,92542.30171946308,71024.72436722807,85066.31375149653,119395.82161853572,103716.18464186009,82872.46768146369,81886.48753005118,72449.2010413648,82327.1298202431,82740.32416824391,108972.0185365699,74868.68797167396,4
130115.18181743406,148799.63085646997,90230.63960440631,180454.70779594278,91192.59163052936,69019.99640703159,86481.78267261776,123320.76559314318,104999.95708465065,83310.1148378986,80958.66661771138,71827.04023445133,83158.61471398053,82095.96807908632,111314.63781769728,76251.90332554618,4
130038.76120314136,148563.73054548868,98735.4560179062,182681.05330241364,93275.2601236415,70780.5092073094,85759.4413470556,120380.75123795883,107928.974381563,81383.77444550688,79725.02913773408,73199.34793702936,84608.25945237392,83305.24215760734,110361.38062016734,78402.43171482465,4
129465.28249565155,146769.5336663167,98607.84990881085,177676.31890491475,91247.6886806117,69917.24013295653,85478.03288436329,121137.44719474879,101879.36298601187,84047.36477701245,82643.49641126352,71591.16227521448,81403.33222190526,81975.0004380942,109556.22608139827,73516.80976352809,4
130440.57851321442,149863.39507858697,90335.53634113507,183446.0417563965,92418.07072378049,69527.91744803399,86637.75314542689,122812.50927597396,108667.6995358109,81665.98757099958,79166.4366920515,72797.17299904503,85091.66062970884,82885.78932115906,111785.52201813723,79218.02451825434,4
129464.4107776178,146676.50570589374,103858.1629226402,179198.2938883655,92562.50769645067,71027.54068702945,85073.9356963558,119431.02561605282,103765.22436919504,82852.66403587628,81867.80147168654,72462.61208803799,82345.07827104072,82737.79842112046,109008.85421143225,74918.39825134257,4
130118.9145587581,148810.35969380854,90360.61499841392,180559.87275360498,91177.19127859965,69017.96239828615,86479.6592568945,123348.50410801222,104931.78426406196,83356.91939078801,81027.82291505611,71824.58154256124,83120.86261759551,82088.3237824826,111343.06923664443,76214.39709835018,4
130086.68334325355,148654.61273844395,98596.4728708831,182882.04018855575,93274.9695509636,70767.07580889175,85805.39653365572,120504.98223364142,107980.42809729911,81373.40323607961,79707.43831484775,73202.54423648647,84625.2244264155,83299.00602090431,110404.09480382143,78462.51320392052,4
129528.80615339354,146869.42361228747,98779.08662308296,178020.1110863818,91280.88102112783,69955.57337469737,85507.89481495558,121240.35462622103,101918.14326264182,84080.69122799531,82699.8675107798,71632.93768560144,81434.91523682061,82016.41822056987,109631.95379161285,73575.05840957862,4
130497.50840634208,149969.29764381621,90213.540519898,183663.92656134686,92400.56930787198,69508.78435478025,86675.32642785627,122906.49836140852,108649.84049199111,81691.55796665644,79200.38899187911,72796.2342257779,85083.8822226384,82889.11973108289,111833.98060011634,79228.66394861507,4
129514.50103694214,146775.36747161957,103807.13389004873,179400.91245185287,92587.60870547399,71026.95954167361,85094.52165299913,119426.80113635077,103859.28050986296,82818.66703255977,81837.85013411644,72501.1688472234,82408.28900436033,82774.3435233049,109052.14954044219,75014.82367692277,4
130162.43340521258,148829.60454578456,90413.85685370647,180567.13707055297,91169.39051978476,69022.90213381079,86493.87496636808,123357.04247439415,104862.62796671725,83368.40818743804,81057.50603169276,71827.73313852944,83102.33302144207,82089.3296109831,111321.43274801169,76173.89573739716,4
130109.03508770885,148676.0927648655,98354.69405111004,182796.79063520322,93260.93265544566,70722.50643044787,85821.53449315245,120433.36724440662,108038.38617067173,81333.43831699352,79656.47633748966,73220.11270762834,84680.88027010922,83305.84565470763,110424.18902208675,78530.41780357574,4
129532.80711565104,146779.7484135328,98858.99410951068,177722.47525721494,91294.15795733428,69967.37509576978,85507.20191087745,121120.88455210741,101886.29202679302,84029.34927098147,82664.7082167516,71636.69277866994,81431.94245480806,82010.4056013114,109525.78300545014,73549.24214473274,4
130531.77363059207,149954.56784422015,90081.41935842269,183557.88988565086,92390.08633972245,69499.7542500203,86718.57705337729,122974.29120234147,108646.8453582341,81709.95345234316,79209.53085536133,72809.51116198435,85123.48951381321,82895.04294336354,111855.88530968253,79245.42775695656,4
129528.35911850444,146761.9787766908,103753.13207544471,179332.11378241942,92611.74858948572,71033.59800977683,85111.37486831842,119390.9265865,103928.66032465224,82763.94996213316,81785.27883115756,72525.6663591464,82464.54834515433,82785.09471238789,109043.11943568224,75079.19670095405,4
130151.48105042947,148764.94094907533,90482.58846790653,180399.49898713815,91163.89199064876,69032.55808741547,86491.52803320027,123321.50320071021,104793.11404146125,83386.15547253555,81088.66436346345,71821.34053961522,83080.83064327606,82080.16539575641,111286.38521270576,76121.48089664947,4
130156.15256502063,148749.02650702317,98211.24055519588,182945.20621838645,93284.29022840146,70735.20222129849,85879.71608396962,120593.18221726206,108119.67946525569,81328.58798844671,79635.86802910185,73241.39156834979,84744.42627959565,83321.96126245991,110483.39879314885,78609.96766209217,4
129529.36494700491,146808.15748073548,99000.32418970158,177853.21061053404,91318.36489657938,69993.19136061566,85492.04742813676,121090.66499360383,101910.90129743831,84043.7884978996,82703.39908640375,71668.3204970742,81462.00555110045,82039.75344178123,109573.6157385845,73584.08851433855,4
130506.44910412421,149938.63105042352,89960.54112440838,183427.57921547643,92359.33033935195,69468.52886301624,86710.23985269545,122938.93074261317,108588.28378776119,81710.7357633991,79212.07895422923,72777.43640869098,85073.86864112242,82862.14117552534,111822.62591393304,79197.6397273111,4
129499.39125769035,146732.07214260963,103703.51120275393,179164.72156819364,92625.7631332592,71029.55234403042,85099.99783039068,119301.09492553413,103985.72432824664,82713.99381327556,81739.92714165774,72525.97928356878,82469.44337719005,82786.16759612174,108995.89019964817,75120.81564912983,4
130125.77654430587,148697.81866047607,90571.05667246065,180197.4839207511,91156.80648765642,69042.41520672027,86481.13447202856,123291.73067709574,104724.69535168355,83404.17097856653,81131.62441630656,71801.06750739425,83027.81230542807,82072.7222648528,111229.61178178928,76065.33331457774,4
130090.12551189966,148682.82063994656,98003.36933176153,182646.05047059662,93255.50118154302,70681.31216541675,85844.98147308607,120445.70540734594,108146.81448302443,81290.54531938379,79591.25394716907,73216.29055932649,84733.2057038791,83304.50455004032,110448.66418226532,78627.5584849785,4
129477.93358301326,146681.624255374,99139.19557800241,177515.18517913643,91330.18896939623,70015.96778821561,85466.20881154643,121009.55051297552,101870.13171555182,84000.73903807868,82674.3641703563,71635.1058048136,81400.09121895925,82017.356993837,109439.66173406383,73523.8058595426,4
130492.54631907301,149903.58351511759,89904.84057722575,183335.91471146522,92348.1991706132,69468.68532522743,86723.2709197129,123034.01506352605,108564.00979328273,81739.45775502417,79235.68239637405,72750.68137057798,85047.82885883198,82849.82536433046,111827.76681515775,79174.84094796669,4
129502.29698446955,146786.9009717585,103728.36634258824,179402.67823966482,92663.73874708876,71051.7252745301,85108.20092060577,119383.17053117402,104096.03018713358,82714.17262723121,81740.28476956901,72552.44374900387,82528.8766656967,82820.45517211618,109080.31273845586,75220.23620846703,4
130069.33838955623,148641.3805057264,90675.26050511128,180128.97582399557,91137.49458044703,69030.41231994776,86435.87218950655,123219.28867331608,104633.36612383917,83424.60047299867,81172.08107377066,71764.7906261433,82951.12347020191,82049.49880236374,111193.93839763862,75984.57646186072,4
130116.54527384584,148761.72229787378,97890.31420830658,182883.11307228962,93270.3650916058,70681.71449681693,85887.0251044065,120621.74774667594,108214.65202744628,81293.40634267406,79583.11791218733,73215.3294343149,84758.28436115794,83315.72512575689,110507.85160158297,78689.85279677543,4
129438.92978893874,146663.20641794283,99282.53731519429,177546.72349056287,91333.67584153127,70010.4245555907,85417.59376735614,120893.18733134119,101860.02872705803,83995.5757851095,82692.37967638728,71637.11746181459,81378.41002683759,82030.47746783227,109435.41490261733,73520.81072578559,4
130457.3423215559,149856.48838955027,89813.51134938137,183186.60505850377,92305.93202184822,69423.02071130523,86703.40021889213,122985.10944665784,108496.86515293899,81745.38096730482,79244.69014938953,72711.29759684773,84990.4072273263,82823.78558204003,111790.17118098393,79122.671976408,4
129512.17645551878,146783.7493757903,103734.5354240579,179419.06206835058,92683.2741717427,71057.53672808847,85121.16493238986,119417.25694146835,104153.74239131718,82667.03279817496,81689.38984744428,72555.08125484959,82544.09820367077,82827.96535825318,109059.81618879036,75266.6607817007,4
130099.44618933753,148663.28521529262,90833.51085585485,180313.44477098522,91141.47319096008,69054.70866617069,86452.97127401487,123344.92782889937,104585.75690814936,83467.44876711951,81230.53088552128,71766.91404186655,82937.7794787621,82063.37923567048,111231.91401146818,75965.24220290687,4
130132.79499206484,148840.4898453343,97753.29801479555,183115.83943555827,93264.2630653695,70655.58530754868,85900.23498537957,120670.07221818832,108267.804475761,81287.8407583047,79568.85749922485,73222.57139951842,84793.68952437515,83324.28584388326,110589.9495589673,78763.01005637767,4
129466.78006253006,146708.9380870984,99481.06550944633,177789.82106325877,91365.92940878027,70053.71988460064,85431.65301461853,120966.00931477659,101859.53698868,83990.5242908626,82707.86943529481,71650.72967418787,81385.24966064093,82049.78937504166,109450.39057140239,73546.09054876454,4
130485.10318816939,149932.86430035406,89780.58722979871,183430.82021842245,92292.07394028592,69417.11985076903,86728.36711744871,123109.51925629607,108458.42015247585,81780.31674388847,79285.70560046502,72702.24514034334,84986.40626506881,82821.48335236113,111857.71815272787,79126.38236598759,4
129507.05790603852,146833.5043589478,103718.5315750279,179556.2794275617,92692.88542185849,71045.95852446063,85108.37973456141,119365.46794956541,104210.76169142267,82630.37593726825,81658.18681218468,72567.35236255555,82581.24680295549,82841.39875667081,109097.34476773081,75337.33699766839,4
130071.37239830165,148609.55162162206,90966.23551443047,180177.0320745745,91118.11561800429,69050.797110891,86424.18222715643,123263.61218257097,104480.03315687575,83483.11733998268,81264.684351049,71743.6905793775,82880.13432981186,82042.4132993714,111188.81984815835,75893.22488227188,4
130181.14181532167,148895.3410262276,97651.77639147955,183203.45827382308,93270.09687067234,70662.00025820735,85956.27080872904,120836.86093531382,108295.31947318549,81278.65419133357,79541.34250180036,73217.67636748271,84815.21425428562,83315.14398040104,110618.51508838119,78806.64066155443,4
129490.60702211941,146758.67071851145,99685.18163981219,177999.07809484936,91389.97988581419,70082.41952448124,85431.58595938516,121000.14042855984,101880.59233195691,84020.36386971043,82750.15893580424,71683.85495947063,81418.55375987933,82078.868994578,109528.26404908468,73587.48597949576,4
130487.71834227066,149964.96140539186,89746.72433694892,183477.3565503784,92259.70861431463,69387.63789983248,86727.6742133706,123121.70095702422,108391.90136097686,81820.52753216357,79314.58405430127,72678.82051215417,84953.59390420842,82800.18213989522,111898.55478984771,79089.92667078099,4
129551.96256064923,146920.45264487894,103776.17672397813,179775.2371162459,92723.50731176225,71065.76217004802,85138.28636864261,119456.8418808987,104272.83248577506,82626.64319594421,81636.4162130852,72583.80324647466,82622.3516610088,82856.82146034497,109152.33005909086,75407.16384734678,4
130075.08278788124,148613.84315655747,91140.64617641523,180207.78807494498,91103.87755678625,69052.02645683604,86410.9946979278,123262.40518837038,104384.1441731625,83532.20177080653,81318.50735169738,71723.59636111217,82835.34143392342,82030.99155795474,111201.15801109768,75826.37081460605,4
130188.92022239212,148950.84040771014,97539.28006163599,183279.23068752655,93255.07649839837,70620.35895828712,85955.4884976731,120842.96296155012,108330.61287768041,81295.6415171196,79532.98294937408,73213.74246045858,84845.61262674483,83316.14980890154,110695.49449628526,78850.360673709,4
129475.65370507882,146713.6766569229,99879.93238925129,177875.45059626707,91395.99250507266,70084.96762334915,85400.02529621427,120910.10760189386,101833.45250290066,84007.08693350399,82745.42036597972,71667.9628691629,81387.77540776438,82067.33549443907,109480.43131595032,73546.85050807602,4
130461.65620823577,149915.4746431678,89708.68166788599,183261.12577451777,92217.17324461619,69341.25803008772,86706.2165386935,123067.11799706436,108317.29123798505,81850.34475926695,79339.46154588003,72647.88569782802,84920.26745322555,82772.17540409272,111902.5110486163,79038.22708585586,4
129548.74390944767,146890.47895556438,103795.57803816535,179632.7447453433,92738.46062880286,71063.61640258032,85140.02980471014,119435.5406684328,104308.66233213691,82585.47128265754,81595.42311375418,72578.14825512747,82634.06397510337,82847.85841081839,109126.64790471172,75432.53307730354,4
130049.98177885792,148546.9667371472,91300.05881787048,180061.96529411856,91089.77360603496,69050.08185506843,86387.65947671646,123223.35669080696,104303.90141056794,83567.18225087908,81374.94550644702,71709.3806516386,82798.66222127226,82019.4133543269,111199.77220294144,75767.47396796632,4
130137.82413456729,148890.1330697695,97388.31637958484,183031.5510072173,93221.48182648205,70568.07822800615,85932.4885526286,120741.5978004453,108327.08130205648,81265.82429001621,79501.73521062556,73182.8747013658,84829.38526027027,83281.68341895145,110682.21756007882,78849.33249346406,4
129404.55280596648,146570.089050542,100035.72404810478,177494.4427602819,91388.72818812469,70084.63234718233,85354.15951659197,120752.12547208375,101781.48469704208,83968.48547082966,82731.76345011753,71635.64224668054,81333.05833733777,82035.28309289015,109379.69200369024,73487.81955096955,4
130442.54546672649,149846.3183458231,89698.06458926972,183077.28267637285,92193.92743038267,69334.8207276846,86717.05713475432,123144.54443985755,108256.15921689979,81873.4788147782,79369.8822700837,72609.0383659647,84877.06153119344,82736.61377866432,111892.25159791132,78985.00758230776,4
129508.10843802792,146872.86578093361,103792.09116603031,179648.41331820647,92740.78521022621,71047.34433261685,85108.67030723934,119371.99465894637,104385.8429057411,82568.81923303835,81585.38718049374,72591.20167388936,82677.22519364658,82858.07315803447,109191.13268746527,75508.14902879584,4
129972.91296397604,148403.6697034442,91442.73000272871,179725.52683657728,91049.16048635966,69033.36275021586,86328.65087135445,123081.26665130457,104157.81040880804,83555.11230887321,81385.29436412983,71645.11938632958,82685.65180130623,81956.40378670738,111083.78900096286,75636.78331813613,4
130140.4169369241,148882.98051154384,97284.38076786767,183022.47619896845,93209.61305017628,70559.69632383542,85957.45545118516,120845.53341216248,108347.75666567763,81257.80001375676,79476.09775973532,73159.94181155466,84833.63209171679,83256.38124422805,110700.7248044878,78874.74642690974,4
129442.23784711813,146617.87708018746,100266.90814100602,177822.9239967971,91425.34034554249,70139.77410075357,85375.37132208006,120888.09113360538,101813.82767126891,83992.75946530813,82766.90039240126,71663.7607412053,81366.89887844311,82059.82530830208,109454.32447842653,73536.03226375965,4
130461.32093206895,149911.9877710328,89675.82460353669,183375.45494740666,92165.29484573542,69318.8615821435,86724.14263774666,123225.41305129684,108212.55096346748,81926.25128343717,79416.01627063946,72601.72934552781,84867.76320550004,82725.7731826035,111983.46906703342,78979.4867014273,4
129526.43686848127,146925.0794559812,103778.38954667922,179852.37298636115,92748.36245159656,71047.23257389458,85116.91810094334,119383.14817942955,104428.35592369508,82526.88736044019,81534.51461011346,72593.25803437925,82690.43507461967,82849.06540501898,109198.82168755791,75555.5347270411,4
130000.60677535615,148419.8747181743,91591.19028940085,179892.53907114733,91046.61238749175,69055.71449467116,86343.00069129476,123153.57454461748,104090.71047195322,83589.64575405666,81433.90940832012,71645.00762760731,82659.76848122699,81952.71574887226,111098.09411741426,75597.53365487262,4
130139.92519854609,148914.31765727015,97091.08288181816,183086.26807764388,93182.99212253,70517.02684367023,85958.10365177438,120809.52475184498,108379.87612245991,81242.01968217132,79449.52153557797,73160.74647435504,84854.88860069378,83247.41819470146,110746.25530794327,78916.32067159661,4
129410.47601824714,146533.23102393522,100363.17710437502,177615.1198285961,91416.4219995048,70141.09285367643,85345.4423362544,120752.05841685038,101770.5770457479,83942.7139094727,82742.5816944339,71651.48963349934,81328.11860181316,82035.97599696828,109349.6065556534,73493.40748708337,4
130454.95068489919,149863.14920939796,89580.80733785717,183211.23668089352,92127.20747318357,69299.59437842302,86736.81607685282,123249.39647309738,108150.279003415,81938.12005974294,79429.0920411458,72583.28915635218,84838.86239991932,82698.01231599001,111959.32918302169,78935.09613693907,4
129541.32313028851,146942.84909282316,103725.61707802024,179891.3097252023,92766.4450128609,71061.82826302388,85138.12990643144,119412.51837164383,104504.82124147669,82489.13526405516,81500.5846620303,72618.56020910267,82739.11717404332,82857.89434407883,109215.78666159949,75625.49568718621,4
129983.5300425923,148382.39084272276,91693.85185168408,179829.41774480557,91028.82039890533,69068.7008581997,86326.3262899311,123116.51535231058,104014.4016163828,83610.79050431139,81480.91512690963,71642.19130780594,82623.71511742058,81942.1880772338,111083.67724224058,75544.73883446919,4
130174.27982977389,148992.7275768194,96934.7324293533,183257.77301284947,93184.37793068623,70520.62547452754,85999.18615808322,120947.39031164531,108426.1442334824,81242.08673740468,79434.16588713716,73171.16238727122,84887.16451968724,83245.83122084514,110804.12397433806,78972.91528855744,4
129409.60430021338,146558.42143993636,100503.65781827662,177738.14383007813,91437.4326392928,70170.55245286852,85332.45597272587,120729.41609971716,101772.1193161153,83936.05308962501,82750.71772941563,71669.50513953032,81326.77749714584,82044.93904649485,109362.05647731501,73507.46673434577,4
130422.11597229434,149839.7692846977,89504.4761305423,183101.60137434024,92088.49425178698,69266.55850011809,86714.53138763088,123184.01762056562,108073.74663040003,81955.1967925068,79445.07353843136,72552.95783912633,84781.15019573572,82665.267010363,111947.3262962492,78880.0214386012,4
129561.01501715364,146971.54873270378,103711.73664471348,179945.84798167326,92798.02802777625,71079.66495509923,85164.32615093305,119475.10325611869,104562.57814914921,82454.5124118939,81463.41371100114,72629.15493597448,82759.74783417558,82860.15187026882,109211.20455398614,75677.84347270054,4
129965.29101911678,148348.63970859526,91839.0264319213,179792.29149726528,91021.42197149062,69069.25965181108,86302.78990301966,123081.51252049358,103942.94308935918,83649.1908012856,81539.87902878273,71641.7666246613,82584.6889716016,81936.19780971979,111088.12523938718,75495.07325828949,4
130169.45185297154,149013.89467881856,96786.9426950148,183258.53297216093,93174.9454945261,70487.70135494487,86006.56223375347,120968.02097177756,108448.87595759344,81233.01192915582,79414.42929678313,73163.02635228948,84889.89143251079,83233.02367127224,110834.8129194752,78997.59161443611,4
129389.35361973687,146526.05611396505,100667.85373304531,177689.7970068213,91456.588084291,70186.13161875388,85313.25582423876,120678.45412235906,101768.274816069,83920.78684816204,82756.35036901837,71675.920090189,81315.17694177353,82049.90113376392,109341.26935497158,73499.06247843057,4
130417.22094025863,149831.63324971596,89486.61708672252,183075.5615920498,92068.3776817772,69251.76164528867,86722.8238848238,123244.81436548405,108015.65444656069,81989.66318245688,79486.35721044031,72537.95981859682,84751.44472735462,82652.21359160109,111971.175607583,78836.86022005799,4
129507.37083046089,146936.8811770536,103653.95738529651,179829.194227361,92788.57323987165,71046.9196494722,85121.23198762322,119328.94519912545,104616.51290851986,82414.703955019,81425.5722076383,72633.60293312109,82776.62340123933,82863.01289355909,109224.21326925914,75718.9706824983,4
129906.0588963102,148222.57586986732,91967.72777649495,179489.20184245132,90991.20241298706,69062.01768660756,86261.43917577734,122971.29606858446,103837.19698634112,83646.75446113998,81557.67101736915,71601.73465034184,82505.31792704081,81905.68767853829,111003.07685173475,75390.69061168321,4
130147.03305328287,148964.72084101688,96635.46492284119,183096.16990043758,93150.62679655872,70460.40987496494,86010.22791984415,120973.07246602446,108462.48816996673,81216.40458302553,79381.25930801146,73144.63086660276,84881.15190042877,83210.60487158358,110829.78377697275,78998.7986086367,4
129353.56847686393,146440.69480189023,100807.1498044908,177547.908133019,91460.92432271532,70198.96152007121,85281.09166396757,120593.58454866226,101763.8715224113,83905.0512200655,82751.50004047157,71679.11638964611,81299.86599682165,82047.39773838494,109307.80879352198,73481.80693171108,4
130367.60006756784,149730.2457368667,89426.42383890437,182820.88581572604,92019.00267827543,69221.7879559741,86699.13103570117,123190.58903343548,107928.72851237399,82002.44838028532,79490.3134692089,72492.69753607483,84684.74712189999,82605.72196313406,111926.89680181704,78751.85653589446,4
129515.73038288718,146948.99582254837,103641.61922235719,179934.7168129345,92810.61205990458,71065.89628051476,85143.96371173426,119416.7875548348,104698.96849381548,82396.75550422138,81388.06598044229,72645.20348849338,82816.40950636978,82870.67954190726,109258.85847316486,75779.1862820609,4
129883.81891057717,148188.64592178416,92126.64867957219,179522.21536901183,90984.51924139491,69079.58615774944,86244.02716684666,122973.30772558543,103762.7433255605,83685.75825521449,81604.07323885837,71589.08356298013,82460.74854859694,81892.25428012064,111004.19443895751,75328.79863128647,4
130170.50238496094,149039.39801924207,96512.7314940371,183326.2140543716,93153.33135763781,70460.61104066504,86045.6107313169,121111.29565373609,108506.45405131031,81232.69900473345,79378.26417425444,73143.55798286891,84910.9914792766,83210.13548495,110906.11498428762,79045.29023710373,4
129357.05534899895,146488.5275350246,100974.96670186124,177805.84726403325,91489.02046549565,70230.2763140531,85270.29577139566,120605.34156624576,101795.96862744911,83916.65177543781,82775.25994482756,71702.4739626019,81326.37516574565,82070.06240726262,109362.8611401154,73519.42491762935,4
130382.55338460844,149787.1532782499,89410.04001021862,183013.69196339752,92006.2621839359,69215.77533671563,86706.88709102715,123280.08541823452,107877.87829373816,82043.62029357199,79530.63601620628,72475.01730621068,84659.71316811004,82590.63453562673,111969.58863372669,78719.62532038991,4
129501.80524609152,146972.3310437597,103584.37640480715,179977.5874587998,92822.52553969927,71048.99836170654,85125.1435429029,119336.52244049578,104754.13259913119,82356.25414326836,81342.53547698683,72646.49988967179,82833.3968321558,82864.89044009334,109263.038249378,75820.58171279213,4
129855.00751197428,148119.53432792836,92252.6231113223,179352.56562859603,90970.95173251054,69078.35681180439,86215.3498787105,122892.3050036794,103676.6220541742,83694.07310415186,81625.4638583021,71565.56952781315,82401.13644613462,81868.49437576465,110939.91082190405,75243.99611282304,4
130169.96594309402,149043.19781579947,96353.22944560403,183288.77488240896,93139.8309039868,70432.51489788471,86059.9605512572,121137.40249125988,108540.58516509357,81223.40067904005,79347.19524946157,73134.43847113114,84926.95062481769,83195.98683070981,110924.26460078533,79068.37958912607,4
129313.15652288873,146392.7056065447,101072.53206640865,177578.15004326703,91487.7464160617,70225.20246806175,85232.52132326619,120450.8239568262,101774.10862137182,83877.67033310776,82736.97140657561,71690.00168919584,81293.38399092961,82050.03524423066,109286.12760140034,73484.51149279016,4
130362.43681459867,149710.66560872385,89342.78361115261,182798.51171952626,91969.33710209574,69190.78608641459,86709.74811431744,123260.10295869148,107809.16903128255,82059.24416294626,79532.13358308478,72445.71416922977,84615.90374897764,82560.01264572295,111939.3243717342,78659.02974117157,4
129537.4786302422,147003.37761680814,103541.41635196404,180092.27425959997,92847.44773476693,71070.99247825057,85165.51079338918,119434.53483993231,104837.95164083858,82332.11425925663,81298.61429913215,72671.01975333926,82884.64938219183,82883.28592578006,109296.76703176106,75894.14130379455,4
129904.69543989844,148169.40106980814,92412.50513941112,179625.52513188423,90986.24032571797,69119.34991113543,86248.29635003762,123035.40087168229,103645.0613910033,83744.25277045403,81683.22076597462,71582.82507453264,82404.55626303628,81890.95787894224,110996.43838363152,75233.22257199557,4
130189.30020204786,149135.86814831116,96153.67307110704,183524.65284164582,93123.96116542353,70391.70061250933,86071.2705339516,121151.7970146891,108584.79691562617,81231.6261209996,79346.2788279389,73147.33542768186,84958.73480543314,83207.65444131548,111017.29256120832,79127.2317322769,4
129343.73370930359,146442.5723484245,101186.57066661962,177739.17201032306,91517.74245712072,70255.3773230764,85248.03343391817,120472.16987278103,101780.16594411922,83845.30500713647,82727.94130181568,71699.21060791143,81291.4840926509,82064.38506417097,109260.75837144356,73493.00515568319,4
130405.01688778603,149796.8539353435,89289.36294190443,183007.83580635022,91958.40709905709,69188.7297259247,86744.95211183454,123373.873337969,107777.60836811166,82097.5774046871,79583.76611277653,72446.13885237442,84617.37896411169,82566.27113417044,111997.57301778473,78653.50886029111,4
129559.07041538601,147102.73112091198,103439.20182456993,180304.5040732031,92861.79755470724,71057.13439668827,85175.03263652715,119411.93722628799,104931.42663615069,82298.96662222942,81275.36848489863,72700.54640776473,82947.77070853362,82908.565748759,109353.87573884438,75990.11969448563,4
129847.92200898196,148080.68699606502,92466.84223018197,179315.23821535567,90949.5164095779,69089.1527043763,86194.96508776725,122810.00588059497,103526.61949713463,83716.00016546252,81685.14301599778,71544.89416419198,82324.76053533085,81854.47983199118,110881.70687934243,75131.05274809035,4
130209.12619937971,149126.1451394731,95960.50929552429,183340.3850603563,93113.14292110717,70384.19042637234,86119.37148801942,121212.14672471843,108588.08262206109,81190.72242864639,79285.14680685363,73122.61439831428,84954.13034607534,83178.6865805014,110961.79317972579,79121.50968569634,4
129365.6384188698,146454.15055205234,101291.5568103262,177781.70738002151,91550.62187321448,70295.49870437369,85267.25593414974,120488.35253576668,101831.15027322178,83839.89588497828,82736.56907517542,71738.86260257514,81339.92032288556,82094.73873314128,109282.5960257764,73536.34518818202,4
130396.29970744846,149794.23878124222,89213.90345262332,182951.48705857838,91933.01551735587,69170.44599896026,86746.76260313543,123360.86462269601,107730.28972509978,82126.27704456772,79607.03427875451,72439.16510810437,84599.38580982517,82558.44802361108,112001.79749748678,78614.79563889452,4
129534.95288311875,147087.62134166018,103340.00478267728,180179.2896007645,92864.03272915278,71047.99253320605,85170.4505289138,119339.24935331933,104974.74431690507,82238.19222905544,81208.916748633,72695.8525414291,82953.22453418071,82900.563824244,109310.55805808998,76008.24695923888,4
129820.98815691331,148019.2867540463,92589.9556386418,179153.97037911063,90943.1685141526,69113.58316106597,86180.32469514903,122774.91364180013,103458.91606317951,83726.23726442305,81716.48016172412,71531.32665530761,82279.5653080422,81848.51191622161,110827.88387869405,75059.95184897803,4
130158.54420167736,149095.6350082916,95777.29204622413,183171.09294785178,93074.25088575494,70342.75029215221,86095.38806621886,121129.64643593389,108605.29346529169,81181.60291690861,79257.54240245133,73103.88363646074,84954.28680828653,83170.9305251754,110966.55410129478,79127.54465669926,4
129321.8289997374,146375.3606528474,101410.71396001744,177587.80599687173,91554.37696628297,70315.39175693892,85241.28320709267,120408.98149120588,101813.96178173563,83806.59178573987,82723.33684245788,71716.46615463092,81309.67841263753,82085.99920105925,109208.43293767369,73503.06344068807,4
130376.04902697194,149736.593632292,89180.86757431837,182797.46118753686,91897.45389192748,69163.6287169014,86749.66832991461,123391.21829166632,107652.68446835096,82149.3440448456,79617.2937294595,72398.1943605178,84547.28389349984,82530.15071513066,111971.93556689449,78541.66073103675,4
129569.15105213536,147141.7796184754,103278.80570635865,180363.57973379848,92885.87038348561,71068.8243590384,85204.58164269706,119432.85845909816,105074.76837334257,82233.83363888666,81184.41923670999,72718.85248647362,83020.05625010208,82926.4247925788,109377.76975366709,76093.67532654708,4
129845.41861360296,148039.62684150063,92709.31395403313,179304.68819197276,90947.12477292119,69140.36055092342,86185.77852079613,122819.86299989975,103419.1076063046,83768.9290963327,81772.31481937347,71544.69299849188,82275.94432544045,81864.85104141844,110852.40374236152,75035.58844752175,4
130199.00085914147,149180.54928547732,95562.78235468655,183374.60558111736,93067.27714148488,70326.18764951083,86126.322880545,121212.83962879654,108652.90268098148,81187.39201872254,79242.99141681092,73120.04394770192,84996.68806751825,83184.22981312631,111023.55104965581,79178.95366894647,4
129331.48495334208,146397.57828683595,101456.95971929548,177681.4821578839,91572.8171554586,70330.63564665744,85221.68072720537,120336.07010079267,101851.17743625373,83780.82022438291,82706.48362713857,71748.7867771133,81341.97668337544,82116.84460840757,109202.68853934867,73537.0604440046,4
130372.42804437019,149715.40417854837,89077.91543935722,182680.02512216868,91866.92140900153,69145.50145214814,86739.99002456547,123360.97638141828,107583.75168845078,82152.02625418022,79617.53959864851,72375.88731955139,84505.91081451307,82512.53754049988,111918.58195287967,78483.32267800841,4
129559.36098806394,147149.73683950148,103171.36087076199,180331.10264910493,92896.1745376795,71064.66693456972,85191.61763091298,119379.90717648354,105156.08401967098,82185.46446388536,81131.24443665081,72737.7173587939,83062.52456456717,82943.21095266474,109374.46169548771,76161.89285062467,4
129821.25637784677,147979.09831751566,92855.58376974867,179181.17245211275,90940.68747051805,69163.51695817911,86155.73777624819,122791.40922920815,103339.2895268547,83768.68322714367,81792.81136903899,71526.45397501635,82220.28848174674,81848.28839877706,110785.23675027333,74957.7373215839,4
130208.74621972398,149227.59970755575,95455.09164990087,183484.93379174874,93059.07405126978,70320.15267850789,86140.35977606295,121313.1319061675,108684.5527511302,81193.1140653031,79231.59202713871,73113.78545925445,85010.25557640262,83174.1268246325,111074.24480608045,79207.45214312698,4
129305.33341232938,146376.76881274805,101641.78629419641,177699.1847394925,91582.47310906328,70354.90964113589,85189.18129076736,120275.76509425225,101840.02391577052,83765.48692768656,82709.03172600648,71746.50689917886,81314.79696211779,82105.44521873537,109181.34262339385,73515.2004379273,4
130366.92951523418,149724.32252458602,89135.56058830746,182749.67315789143,91839.36170808814,69143.93683003627,86740.23589375448,123430.95969330784,107521.21150746483,82206.18453099544,79672.36842779738,72356.329543153,84467.17524137202,82491.14692105615,111958.3233545212,78430.17022969369,4
129568.21227886825,147210.24301174202,103198.4064815529,180519.77372405218,92909.89850877506,71071.9759550066,85202.03354382915,119435.11598528815,105220.38998846889,82173.61803932405,81109.65265150699,72746.1216147091,83081.59060258754,82940.41698460781,109421.19919314375,76206.93161570211,4
129840.27771237824,148020.96313488044,93126.28574684689,179412.96004211428,90947.97413921049,69201.42551677531,86160.25282862817,122895.12132348077,103276.30231097965,83825.4343063157,81855.68682619177,71524.88935290449,82183.00577199529,81842.27577951859,110824.19584085893,74902.43910580149,4
130216.30110934986,149331.98235416203,95391.72445437008,183750.98660600028,93042.7125743285,70294.35876540646,86139.84568594047,121380.7459331448,108709.27378049777,81229.99444365436,79236.12943126315,73115.55124706641,85021.16322769682,83169.34355131908,111192.48553424902,79232.46374517247,4
129298.94081341516,146422.03109527007,101881.66521569077,177863.93944787257,91603.9754872293,70381.61997575998,85156.68185432933,120269.84188197159,101837.5875756249,83765.64338989776,82711.35630742983,71751.31252423675,81295.99914503087,82103.45591347884,109200.78864106997,73500.850617987,4
130351.93149470467,149761.73934480423,89245.84409544994,182846.63502533853,91807.19754781695,69130.83870778546,86704.98719274845,123476.51254850776,107433.39150349994,82267.76358696981,79720.37997488737,72334.71540626472,84410.2229964999,82465.2636009769,112021.08705295171,78350.77683338843,4
129531.48836272817,147237.4450847441,103237.23146167178,180542.81837258558,92896.55451733524,71044.43860583765,85147.49528735821,119362.74103674186,105246.5415294816,82155.73664375981,81078.76254066975,72739.9748849839,83072.11346293849,82922.28971985457,109466.97556578822,76211.20079889307,4
129747.42856591089,147888.9537321274,93382.74966272709,179038.72478469906,90900.20846130949,69176.16804554082,86065.14615597084,122683.38324825565,103124.75748357267,83837.10191692137,81888.85681496344,71478.06244827062,82056.7184158228,81788.54218584803,110748.87046204454,74746.62509520353,4
130200.11844636423,149307.97658061702,95361.43784063314,183614.57390958953,93009.94491695701,70264.63094528091,86137.34229056147,121441.72149201889,108696.1533065025,81255.94481896696,79235.54828590731,73092.30543283289,84987.72501799167,83136.77705964769,111230.41644458967,79205.70870705947,4
129289.06134236591,146407.055426485,102119.42072146187,177899.65753551217,91614.90549026793,70393.01936543219,85140.02980471014,120272.01000118376,101846.90825306276,83786.16229130773,82748.52725845901,71763.62833543163,81282.27517393533,82107.0321925917,109248.9342986267,73500.09065867552,4
130280.38356070324,149657.20023598676,89238.49037152415,182529.91080640684,91738.64474757251,69060.87774764035,86655.47807877995,123306.5051801807,107312.26740029662,82301.42531411951,79755.27104798211,72286.8603213859,84308.9472423729,82415.06158293028,111994.64493926108,78242.50498324692,4
129544.89940940136,147220.45775895807,103183.56492323457,180454.26076105368,92908.31153491874,71036.21316387811,85183.34748546452,119401.00722324935,105301.63857956394,82126.20998933435,81036.56244713813,72734.3198936367,83077.36612288549,82915.74065872916,109453.49746388168,76245.57778186534,4
129769.40033071046,147871.96640634138,93522.91745220631,179088.1668434342,90907.65159221311,69187.6791939353,86080.88178406737,122715.68151899357,103099.00827396015,83881.93951629872,81956.18026926283,71490.04298329866,82053.34330241005,81806.33417443445,110783.60507292808,74728.25196126127,4
130237.42350786013,149340.56542403286,95140.02146005887,183681.71854993328,92997.8526232067,70228.46582275222,86174.8932212464,121477.32782093619,108721.23196378136,81246.95941769594,79220.1479339776,73092.48424678853,85009.42856185777,83134.94421660235,111263.45232289462,79229.53566664884,4
129300.79600820495,146371.13617314532,102124.71808489777,177846.4380319641,91630.28349045319,70390.18069388637,85136.72174653075,120146.88493572295,101876.9489976107,83736.74258431705,82718.44181042217,71786.33770779821,81314.17111327304,82121.76199218775,109209.86344931883,73515.31219664958,4
130359.08405293037,149669.91837858182,89157.15237345129,182584.91844951134,91743.62918658605,69077.01570713708,86722.71212610151,123444.4824987033,107273.91180681132,82311.5283026133,79773.84534762446,72292.18003656626,84323.69939371341,82413.72047826297,111978.46227627544,78209.71497413098,4
129652.14307929792,147353.98708033407,103027.68385740327,180844.96925413242,92957.88770412061,71060.01777172301,85254.13546015447,119543.96898078549,105453.58573837111,82107.99331760328,81020.60330159705,72811.52281898532,83219.27734843222,82973.45286291276,109565.16677918039,76390.61825163582,4
129814.23793008781,147903.32590381216,93585.27881923663,179214.67771705124,90923.45427554302,69211.59556050248,86086.9167550703,122681.59510869923,103060.49621826367,83881.76070234308,81992.83713016953,71521.87186740302,82070.37533168499,81824.19321825424,110767.57887215364,74703.10624874906,4
130281.83642409283,149411.93454407866,94886.12799479104,183747.0750507206,92994.92454468305,70212.57373244449,86209.02433502965,121516.91276036654,108753.53023451928,81227.89337967556,79188.76608476235,73106.58819753984,85053.37209145691,83138.118164315,111269.82257006438,79259.46465247449,4
129346.86295352734,146431.12825526338,102188.35350136203,177956.78859433995,91678.74207243229,70441.76852008922,85156.83831654052,120176.29983142613,101932.33662037094,83708.1099996698,82711.80334231893,71826.48144083994,81362.0038464074,82155.66958852645,109198.1734869687,73558.47341519278,4
130397.50670164905,149743.07563818403,89121.79191372299,182690.44103508486,91743.76329705278,69095.07591665696,86747.45550721354,123538.00219750432,107239.57952732797,82353.57193393374,79817.65476675687,72298.79615292503,84317.06092561019,82424.58342606825,112004.90438996606,78183.07169474027,4
129707.37423984698,147502.1120908394,102950.68209775473,181134.2008273841,93003.32880059825,71089.6338331263,85292.17812921741,119670.59161312481,105564.42803912498,82095.27517500821,80993.73650476176,72845.45276706848,83281.7057706959,83005.6393749284,109631.03737009018,76481.56749982446,4
129839.58480830012,147981.31114021674,93752.26870206223,179394.96688782776,90950.61164505621,69249.16884293185,86085.46389168072,122732.19945814605,103026.40980796932,83917.00940334909,82048.35886339651,71531.21489658534,82045.90017150644,81839.3700527394,110789.05889857518,74674.07133270161,4
130302.46708422508,149507.7341208141,94729.4646179038,183839.58892102112,92995.21511736097,70191.83131358997,86220.66959389087,121553.8378422067,108777.44660108646,81234.66595824552,79184.02751493783,73098.83214221384,85048.47705942119,83132.619635179,111314.61546595281,79277.36839978318,4
129365.05727351396,146486.20295360126,102310.86341272158,178033.8797609663,91723.06558168717,70469.39527623597,85148.76933679216,120165.45923536531,101980.92931281678,83696.19651987511,82722.10749651284,71846.03921723834,81373.11266340168,82177.01550448126,109204.94606553866,73590.50346499724,4
130351.03742492646,149697.12045158393,89089.31482902943,182429.28325286906,91705.07242740065,69052.33938125843,86692.3137536423,123395.30866090163,107150.4407704402,82373.84496615469,79850.66829331736,72264.44152169723,84246.04943347567,82394.72149547595,111972.4273052725,78098.64915593257,4
129630.12661100944,147394.30962733147,102815.47639554458,180648.00568199228,92977.445480519,71035.78848073346,85224.31823305109,119418.6874531135,105583.96346377891,82023.6601857734,80920.51218992617,72813.75799343086,83250.18981101392,82974.90572630236,109538.23292711175,76469.78813049653,4
129759.90083931695,147778.93844591838,93900.77369222329,178758.18804004052,90924.57186276578,69245.90548824138,86023.92953919525,122543.30486575424,102917.57916421643,83896.4010949613,82054.97497975528,71481.52696866119,81948.11128951446,81801.84147379894,110630.00388503121,74549.28154340763,4
130266.05609250738,149420.47291046058,94578.65739806383,183491.77342555206,92965.8449251467,70162.55052835352,86213.67349787636,121545.34417931369,108791.86347626013,81242.86904846062,79176.94201194549,73074.91577564666,85037.45764940472,83121.33200422907,111301.85261986883,79273.65801020361,4
129320.73376425909,146382.1108796729,102434.96029793743,177778.39932184212,91735.13552369304,70484.97444212133,85119.66736551134,120087.92103384985,101994.16154553433,83666.13342358272,82701.94622301415,71833.83516476574,81348.57044798975,82179.16127194898,109138.02494263947,73574.11963631149,4
130346.18709637965,149661.69293662228,89128.09510565939,182386.59142095942,91688.97917139283,69053.00993359208,86704.54015785934,123493.83515046063,107099.38938610427,82427.82442901426,79907.88875912294,72241.26276269708,84206.7774184677,82392.75454196389,111984.40784030056,78043.93208550598,4
129663.4530619923,147465.0528985325,102764.00032806401,180896.62413556865,93008.91673671207,71046.4726145831,85260.86333523552,119537.55403012682,105685.9991772174,82014.09363914652,80902.04964900609,72833.11460412915,83295.11681736908,83002.2419097712,109607.25511398973,76543.25831452111,4
129776.59759242507,147804.1288619195,94094.47390967298,178963.48881286252,90939.45812457301,69272.12408448746,86023.28133860604,122590.1317703881,102880.45291667616,83932.43210702325,82113.60360546155,71490.1770937654,81926.586559604,81818.7617443516,110656.78127488868,74509.62954874392,4
130318.3591745328,149538.31130722896,94448.16791393375,183843.27695885624,92968.7953554148,70149.96649622518,86252.83375416206,121698.721849766,108835.85170934818,81267.0312842168,79189.25782314036,73084.77289495146,85072.75105389966,83134.96656834682,111401.31788269496,79312.68415602257,4
129328.35570911835,146439.2642902451,102536.61603172017,178013.38321130077,91761.24236121683,70491.16587533544,85098.00852513415,120032.30989364504,102039.49088328969,83649.61548443025,82699.91221426871,71861.17134823458,81380.46638732748,82202.85412107159,109177.520475092,73607.96017741683,4
130349.49515455904,149657.15553249783,89127.46925681464,182360.55163866899,91668.6390839385,69040.47060495266,86701.74618980243,123495.86915920606,107004.77445182497,82438.82148728627,79924.85373316452,72207.51162856957,84151.367443963,82362.66909392705,111943.90647934753,77956.22384026335,4
129699.86405371,147550.83889375196,102694.0393679189,181103.08719910233,93037.41521089259,71053.40165536424,85287.64072509298,119615.56161827584,105786.11264063271,81998.08979011653,80874.75816902616,72859.33320037523,83369.05638802724,83029.46633451777,109669.32590834211,76627.59144635098,4
129733.01169073721,147739.2640995102,94251.6960801716,178817.97895645845,90924.8624354437,69266.46909314026,85969.74891063558,122431.85906790008,102801.10422385982,83940.29992107152,82142.1914866199,71474.93320404687,81882.9783061717,81808.23407271315,110605.48402136375,74430.77259430558,4
130297.59440393382,149505.029559735,94299.0594266724,183664.48535495822,92940.83332310121,70118.13761212083,86254.48778325174,121676.61597449971,108815.57867712721,81254.31314162174,79159.97703790391,73053.86043236977,85056.00959730263,83106.64690812194,111369.62310905733,79278.73185619497,4
129300.48308378257,146363.87185619734,102666.0326321164,177823.08045900828,91773.7593381118,70512.80236396818,85079.27776328061,119942.2100117457,102049.72798225022,83615.0373357579,82676.73345526856,71865.97697329248,81381.02518093887,82201.89299606002,109120.52352673096,73591.24107256425,4
130328.0151281375,149590.4132235543,89175.86078356038,182195.70752331108,91638.62069113502,69036.96138107317,86695.64416356613,123494.77392372776,106928.10796834326,82480.64160116215,79971.43476860938,72193.9441196852,84118.9574145028,82345.14532627408,111939.03379905627,77876.13753987999,4
129676.97586738777,147526.2296231067,102626.35828570824,181032.14276220117,93031.58140558975,71035.98964643356,85275.7272452983,119563.68321939508,105849.21161523004,81972.13941480391,80833.20627608374,72872.81130228179,83404.03686809979,83030.2486455737,109691.16356267495,76658.36979846595,4
129706.99426019125,147649.85712168898,94462.47303038515,178672.06676865421,90914.82650218326,69282.96468054828,85942.12215448882,122386.6861923559,102719.60976357578,83946.98309266366,82164.09619618609,71464.22671845279,81834.25150325913,81790.24091842663,110549.62701196993,74331.41909020176,4
130301.86358712478,149504.537821357,94193.53684109889,183678.7010644318,92912.7818838098,70088.85682688437,86265.52954501266,121726.0803849793,108824.45231967597,81273.49093836438,79156.51251751334,73057.995505094,85070.35941724294,83096.94625102833,111421.7026736382,79267.48892873395,4
129314.81055197843,146368.2527981106,102821.0196281695,177941.16472496567,91792.33363775417,70532.60600955559,85076.86377487943,119949.87666009387,102085.40136640088,83604.39790539717,82664.81997547389,71893.42491548359,81406.39441089563,82216.64514740052,109138.56138450639,73600.76291570222,4
130321.0637356119,149565.87100814236,89209.96954559918,182197.62977333425,91598.36519937101,69012.19564821669,86679.93088721405,123479.91001366496,106847.6193365597,82522.55112201585,80009.00805103875,72182.81295094645,84083.50754779667,82328.00153827686,111951.55077595124,77797.6158616085,4
129702.03217292216,147552.15764667484,102551.0999621272,181125.81892321337,93037.99635624843,71028.25594285202,85297.8331205646,119592.94165288708,105908.98017990353,81941.04813826659,80782.2219469812,72885.21652045447,83436.11162139317,83028.1475815949,109700.77481279074,76690.28808954812,4
129698.67941125386,147597.01759779663,94638.33655575951,178621.68593665195,90906.1093218457,69292.68768938634,85924.26311066904,122317.93222641137,102653.5827104548,83964.10452891643,82195.32158319016,71464.89727078645,81804.38957266684,81784.92120324627,110514.71358713074,74261.16755737872,4
130296.76738938897,149482.90133272426,94020.53433901482,183579.12404288343,92883.5234503178,70054.85982356785,86276.12427188447,121711.26117840543,108810.75070032486,81271.2334121744,79137.33472077068,73034.41441469365,85061.30696073854,83072.47109084978,111411.73379561113,79241.09151853222,4
129299.79017970446,146318.29664925297,102892.20993425965,177849.65668316564,91812.18198683047,70546.3523323956,85067.073710808,119871.08676088891,102112.62579114745,83568.56805903531,82637.93082689415,71899.50458997543,81418.0173180124,82221.69664164742,109090.16985776066,73602.72986921428,4
130283.06577003787,149474.1841523867,89182.58865864143,181964.03169203183,91559.74138495224,68985.17238917023,86660.48486953793,123409.05498374165,106752.53501564682,82539.76196524643,80035.29370251819,72147.4748429626,84028.0305180586,82299.05602920723,111899.80648753721,77702.57624418453,4
129691.0574663946,147529.2694603526,102407.4229487685,181026.26425340943,93044.03132725136,71014.6660822232,85305.00803053475,119572.08747531027,105971.3638986783,81893.10364640995,80723.05687940799,72880.03091574085,83463.11252869517,83024.61600597097,109677.77486774622,76726.92259871037,4
129668.72807368376,147529.33651558598,94784.74048194176,178515.31398478916,90908.03157186885,69310.16675355038,85893.61886902081,122248.68652208884,102608.23102095498,83977.8732035009,82231.62081618558,71463.24324169675,81783.37893287886,81792.4537411277,110481.9235780148,74214.47476321159,4
130292.74407538702,149478.40863208874,93847.66594739747,183541.46135347622,92867.16197337651,70033.22333493512,86283.34388534355,121758.06573129485,108802.0782234762,81270.27228716282,79119.7215461399,73014.47665863951,85053.52855366809,83056.06491041958,111409.05158627649,79228.48513465944,4
129306.02631640749,146322.83405337742,102994.9609035207,177949.43487041414,91846.1342866581,70577.22009148837,85059.96585607123,119888.38701109732,102155.02705037917,83548.22797158099,82622.68693717563,71921.18578209708,81442.17955376858,82239.42157500048,109088.18055250414,73626.26625612573,4
130325.04234612494,149535.0926560274,89241.41845004779,182222.1496370017,91567.02805364467,69009.69225283769,86685.13884367215,123572.33447698767,106709.06087268125,82606.59368116781,80099.71143003838,72153.7333314101,84022.57669241152,82305.96271824393,111963.84423540167,77670.70265659127,4
129745.5733711211,147674.98048245674,102343.8545875376,181468.4711657132,93083.5715631928,71028.45710855212,85335.76403090525,119705.21446528607,106073.69018479469,81898.95980345724,80712.93153916975,72919.45939296001,83532.84997139573,83055.14848889691,109792.57342726868,76818.8329719106,4
129672.6619807079,147567.66975732683,94961.98981547235,178711.182321451,90920.07916213026,69323.9577798793,85871.55769724342,122225.28424564413,102553.87157843966,84008.3833346824,82278.96181094192,71475.51434940271,81755.61806626536,81796.6558690853,110499.93908404579,74165.01035273199,4
130325.37762229177,149563.25585404108,93710.0686085306,183727.8078470001,92861.75285121833,70013.19617190315,86311.08240021257,121842.89060150273,108803.7322525659,81287.4831303934,79110.46792393542,73012.42029814962,85054.69084437977,83045.33607308104,111454.9620693877,79227.59106488121,4
129333.72012778762,146382.1108796729,103094.1802971578,178142.41983204125,91882.74644407588,70601.42703073348,85060.43524270479,119875.71357199116,102206.68193181539,83539.60019822123,82615.86965511677,71954.75810226896,81475.41659777363,82266.62364800258,109125.48561400005,73665.15829147796,4
130334.69829972963,149535.87496708333,89253.95777868723,182189.31492439687,91549.75015518072,69003.83609579041,86680.28851512534,123562.61146814961,106621.75495883882,82637.66260596068,80129.26043620831,72136.56719166842,83971.3241423755,82289.422427347,111944.64408691456,77588.20236780672,4
129738.01848149521,147681.7530610267,102183.86080072651,181392.13995839836,93078.3189032458,70996.82939014786,85320.00605106427,119602.01646113592,106145.95337461871,81867.89087866436,80661.3884164558,72933.3174745223,83568.90333520215,83062.56926805608,109808.57727629869,76862.75414976527,4
129665.68823643784,147480.29678825103,95101.71057006247,178451.79032704717,90927.23172035597,69345.3707510675,85858.52663022598,122160.79946289057,102474.88051353462,83992.51359611913,82273.35152308363,71454.54841310364,81695.46952193613,81777.0086857091,110384.73819312314,74067.31087771784,4
130365.83427975587,149604.1595463943,93549.2254554302,183767.01280677473,92864.45741229743,70002.44498282016,86348.4321651974,121955.00695169056,108848.1898722875,81317.94855808599,79115.76528737132,73030.18993499159,85095.59453673298,83062.63632328944,111519.17863120779,79258.68234141855,4
129341.49853485807,146396.77362403556,103133.45231216578,178160.9494281947,91916.85520611468,70612.2676267943,85051.51689666712,119819.76715561953,102270.9879006133,83521.3164712568,82602.3468497213,71992.30903295387,81515.04624069289,82295.4797500944,109131.34177104733,73699.51292270576,4
130331.85962818381,149506.95180975817,89228.67795570826,182048.63304479516,91541.30119577661,68991.67674680671,86678.94741045803,123549.24512496534,106555.12440861756,82661.64602776124,80156.19428827695,72126.93358980818,83934.19789483523,82278.49242430835,111899.29239741474,77512.0499744475,4
129788.60047919757,147758.9783381198,102048.81156072755,181525.75868675217,93119.96020316603,71003.46785825108,85367.30234233169,119715.87624739126,106249.46430319123,81851.66351218981,80625.08918346038,72968.16384412812,83636.85263834627,83093.66054459341,109846.84346280617,76941.72286292588,4
129706.70368751332,147537.6290127789,95241.99011826399,178648.19510557596,90967.97895049799,69382.11701895202,85873.03291237747,122219.42808859683,102480.15552522607,84031.830314616,82334.39413719108,71498.04490781366,81724.6385484503,81820.99691879713,110426.98299014366,74071.55770916435,4
130370.99753272504,149653.24397721817,93332.10060979136,183779.41802494743,92853.08037436967,69965.3634387688,86351.04731929867,121931.31410256794,108858.98576485942,81323.22356977744,79115.6758803935,73035.0402635384,85105.49635952669,83068.35836987,111534.44487267076,79262.34802750922,4
129342.99610173657,146380.6580162833,103154.82057986506,178046.15086867224,91952.46153503198,70630.12667061409,85045.43722217527,119755.01415193251,102298.86052594907,83468.83457527573,82561.26434341245,72000.80269584688,81515.40386860417,82309.53899735678,109050.5849183303,73702.3515942516,4
130312.23479655205,149456.95095741164,89186.63432438784,181837.5655219037,91521.54225367813,68976.56696755493,86663.54705852832,123486.45907479037,106493.16537298744,82687.6634583072,80195.39924805156,72119.19988622665,83899.97737407415,82285.73438951188,111866.03300166524,77451.76731965152,4
129788.28755477519,147748.09303857005,101870.1987707852,181368.67062672027,93136.2322731295,70994.54951221342,85381.49570006081,119687.06484878837,106316.60894353497,81798.1534359638,80561.87845014078,72969.3261348398,83657.72916766754,83103.33884994255,109797.9154941935,76975.04931390873,4
129700.82517872157,147472.63013990285,95376.77113732949,178452.59498984757,90991.96237229853,69416.89633332448,85867.91436289721,122187.26392832566,102436.34610609367,84025.41536395733,82355.69534965699,71496.65909965744,81692.98847830159,81834.40796547031,110345.19795718169,74014.0690224253,4
130387.80604455544,149673.69582339475,93153.62193031573,183739.1625331834,92852.49922901383,69954.29932526342,86379.56814522365,121999.3975161788,108880.93517791452,81330.17496230305,79117.15109552754,73037.81187985085,85122.17076089034,83079.80246303111,111551.14162577888,79274.6638387041,4
129367.22539272612,146427.3508104504,103217.04783642862,178175.23219290163,92003.22234668999,70666.0235722093,85057.32835022549,119783.46792262411,102379.37150947709,83451.8472494897,82554.49176484249,72041.41581552218,81569.51744193047,82351.9402565885,109072.80255231888,73762.29897288073,4
130326.22698858107,149476.95576869915,89204.33690599643,181858.6208651806,91525.67732640235,68989.4862758501,86675.01350343389,123544.1042237406,106427.58535475557,82715.08904875387,80237.42052762753,72112.65082510124,83870.18249871522,82279.61001153113,111846.07289386666,77391.17174043319,4
129842.06585193466,147875.4085749875,101751.53335947197,181654.46003132584,93178.20884921656,71011.67094846618,85423.49462789233,119821.10826028684,106436.63781125996,81795.09124697343,80546.99218833353,73016.86829529623,83744.7668605765,83141.98501610578,109883.27680626832,77083.11999835014,4
129727.17788543439,147545.1391989159,95538.41895323027,178693.68090554248,91023.45598023606,69454.17904307593,85864.36043552881,122227.45236485629,102435.29557410427,84059.43471901832,82412.93816720703,71536.2887425767,81713.82030413393,81869.54490775405,110388.6050449139,74020.86395273972,4
130416.66214664724,149764.19803669432,92988.95662891348,183889.7015320899,92848.00652837832,69938.36253146679,86402.03164840123,122077.561566539,108888.17714311805,81335.71819492796,79113.70892688143,73036.24725773899,85130.97734820574,83077.88021300796,111578.79073367009,79286.80083594333,4
129393.8910238613,146490.13686062538,103285.9806163288,178314.2376916692,92047.43409722259,70695.28200570132,85066.49256545218,119800.0305652655,102436.12258864912,83426.1427433661,82532.0282616649,72067.16502513469,81606.04019237045,82378.4941290014,109068.71218308357,73811.0704792822,4
130321.01903212299,149481.02378619002,89208.44962697622,181816.8678065381,91507.68417211583,68975.22586288762,86657.86971543667,123507.35795585609,106365.29104295863,82753.86932538383,80286.30379275129,72104.53714186397,83847.67429204873,82281.26404062081,111849.17978634594,77345.84240267782,4
129813.07563937613,147852.2521677318,101577.25680795393,181446.9240840583,93169.87164853474,70975.7963986154,85403.02042997128,119696.58669192634,106483.64352984948,81739.5918654909,80480.38398985672,73003.74782130097,83753.57344789189,83135.68182416938,109837.23221269039,77109.2044841295,4
129661.84373639153,147381.7926504365,95660.16890527832,178190.09610296442,91006.51335793894,69449.44047325141,85811.58796686983,122025.37024323587,102346.08976198314,84028.05286980307,82394.16270186457,71495.25093975675,81639.9254369647,81842.27577951859,110234.51211863902,73916.99539625591,4
130397.57375688241,149683.19531478826,92814.21069076189,183569.26692357863,92817.36228673009,69910.06522298638,86407.53017753724,122061.22244134218,108887.66305299557,81340.56852347477,79099.35910694112,73013.7390510725,85128.1386766599,83066.34671286902,111553.71207639124,79271.19931831352,4
129367.91829680423,146396.25953391308,103322.88334642451,178075.90104054226,92055.77129790442,70705.16147675055,85046.01836753111,119691.6469564017,102493.03013003232,83391.8328156272,82493.51620596841,72079.97257470759,81627.766087981,82392.66513498606,109023.31579009483,73833.44457548196,4
130280.42826419215,149344.56638629036,89198.14547278231,181469.3875872359,91463.40536634986,68959.71375223562,86634.10981108068,123422.46603041483,106281.71787044023,82769.69436045819,80302.32999352575,72073.758789749,83794.8794716453,82257.79470894275,111777.47539013332,77256.90481149017,4
129820.20584585737,147812.42135911243,101416.77128276484,181348.48700147713,93169.80459330138,70968.88970957873,85422.55585462521,119703.6051396853,106568.91543494648,81704.92430984072,80417.93321584859,73012.487353383,83801.04855311496,83143.41552775091,109830.05730272023,77167.29666796884,4
129682.98848664624,147327.85789106583,95809.74677917323,178192.59949834342,91023.16540755813,69492.17700864995,85820.7521820965,122054.51691800558,102327.04607570721,84040.94982635377,82413.8992922186,71510.13720156398,81639.5678090534,81859.821898916,110202.75028976802,73895.42596285653,4
130432.30836776596,149721.12622512892,92631.52988332867,183720.38706784096,92809.51682442627,69898.41996412516,86438.53204709674,122144.16976501582,108927.09153021473,81366.07186389827,79110.55733091323,73032.35805420377,85174.6526568714,83085.52450961167,111617.74982425569,79311.23129263298,4
129377.2389742421,146404.44027238374,103330.66175349496,178165.62094278587,92084.71680697404,70721.21002926947,85040.16221048382,119631.05137718336,102556.62084300767,83359.91452454502,82458.82629857377,72109.65569134423,81675.86704204882,82421.6553475446,109010.44118528858,73883.13250340612,4
130306.28923252693,149337.52558678694,89196.37968497035,181499.47303527273,91459.2926453701,68973.52713030901,86647.9008374096,123468.53297573722,106223.44687264525,82795.06359041495,80336.84108696475,72070.45073156962,83780.82022438291,82260.3204560662,111747.36759035202,77207.46275275502,4
129864.88698302353,147887.14324082652,101247.03213537124,181537.31453863558,93197.02901804794,70975.5505294264,85459.50328820983,119770.90624224023,106674.9744623869,81683.04195201898,80381.94690727555,73048.65247591167,83882.78888258802,83178.30660084565,109869.19520726148,77259.31879989133,4
129675.72416969827,147291.49160283705,95912.29658273418,178141.99514889662,91035.68238445312,69511.39950888151,85799.94270800862,121956.86214648034,102295.15013636948,84039.20639028626,82428.85260925921,71528.10800410605,81638.78549799747,81878.59736425846,110148.97199260855,73864.60290725266,4
130462.52792626953,149731.65389676738,92436.04152632256,183694.39198903943,92803.32539121216,69888.249920398,86472.03731203525,122209.05687916958,108927.20328893702,81358.91930567256,79093.59235687165,73028.46885066853,85191.05883730159,83084.3622189,111596.5380187676,79312.57239730029,4
129432.87246619136,146455.08932531945,103373.71121331588,178369.11122430698,92137.62338609975,70765.24296584642,85071.36524574342,119707.8072676429,102647.68184991859,83337.60748357863,82440.47551637597,72158.9859913571,81752.89115344181,82469.89041207916,109027.36145584125,73961.05068457732,4
130358.525259319,149386.6547210997,89227.38155452986,181697.37538068002,91471.96608447625,68996.10239220886,86678.54507905783,123586.23726203886,106181.51500004709,82838.8506578029,80386.28314569988,72084.97936546557,83788.30805877544,82280.95111619844,111768.82526502911,77178.5172436854,4
129946.69436772996,148045.03596365883,101133.50762528273,181981.46605270696,93238.17857959015,70992.82842789036,85508.72182950043,119936.17504074278,106799.94306563653,81690.01569628903,80372.49211937096,73103.99539518302,83987.43975012777,83226.83223805812,109979.90339754861,77371.52455705698,4
129695.34900133003,147345.1804930187,96074.45848875743,178340.41158442636,91058.25764635297,69536.65698011601,85776.40632109718,121928.38602404429,102278.85571466158,84059.81469867405,82469.53278416787,71554.10308290758,81649.64844580274,81901.99964070316,110162.62890847075,73842.96641861992,4
130468.85346995038,149781.16301073588,92290.0846350294,183728.83602724507,92781.24186769032,69860.86903344023,86469.06453002269,122217.48348682922,108921.14596618962,81375.88427971414,79091.33483068166,73021.22688546502,85191.75174137972,83075.33211414005,111600.78485021411,79294.35572556921,4
129406.27389028954,146425.6520778718,103408.93756257744,178211.06203926352,92146.4523251596,70765.71235247998,85037.79292557156,119573.54033869987,102682.93055092462,83296.97201215888,82406.18794038153,72167.03261936101,81760.33428434543,82474.22665050348,108983.30616751984,73969.14201607014,4
130330.7643927055,149310.3905690182,89250.18033387428,181408.18851091727,91442.12650562842,68991.8332090179,86656.7521282139,123533.21892419088,106103.9991502761,82866.99150407214,80417.37442223722,72062.91819368818,83736.40730815021,82266.4671857914,111709.86136315601,77103.88476894912,4
129893.05018103722,147960.1216864731,100931.38080017339,181610.18122555988,93204.78507337393,70950.8965552922,85476.69177969596,119775.68951555366,106846.23352840348,81641.31124512092,80300.4524469915,73088.52798801995,83986.23275592718,83218.96442400986,109928.11440564567,77399.263071926,4
129664.83887014854,147212.05350304287,96187.46890872347,177982.82837663035,91052.22267535004,69562.38383798407,85754.23339059751,121840.78953752393,102231.33590594959,84041.59802694297,82465.30830446581,71538.72508272232,81605.97313713707,81902.80430350355,110060.43673282108,73792.1161999841,4
130467.46766179416,149711.49262326868,92087.26490584195,183483.79385278153,92750.08353591962,69844.0828733543,86489.06934131018,122221.50680083118,108914.28398064185,81365.46836679797,79054.63326628605,73006.8770655247,85183.72746512026,83068.58188731455,111572.26402428914,79289.0583621333,4
129452.27378037856,146431.84351108593,103405.67420788697,178285.60510702195,92186.73016866806,70812.67336758059,85075.36620800092,119621.19425787858,102784.04984284042,83274.03912234773,82369.24050679691,72211.62434954934,81833.7597648811,82521.99232840448,109000.09232760577,74058.57134563582,4
130361.78861400946,149289.24581876348,89209.99189734363,181405.55100507152,91434.32574681351,69008.06057549246,86675.61700053418,123546.92054354199,106056.61345203084,82888.15860607132,80435.52403873492,72072.82001648188,83731.89225577025,82275.87727020709,111691.04119432464,77071.2959255333,4
129948.28134158628,148028.20510008396,100693.9158670802,181773.1030908946,93230.53428298644,70958.0491135179,85521.70819302896,119823.94693183267,106960.27212861445,81611.91870116218,80239.32042590623,73133.4102908862,84078.61251576096,83254.01195931577,109960.36797289467,77509.97126221315,4
129703.32857410057,147209.17012800815,96256.2675781569,178023.68736549467,91086.30908564437,69614.79867873176,85772.00302743948,121839.761357279,102219.1765569659,84029.10340179245,82456.70288285051,71564.00490570128,81617.03725064246,81924.37373690293,109993.20268549952,73791.13272322807,4
130533.1147352594,149812.1201768065,91886.27801969982,183715.60379452753,92765.97562622734,69863.26067009696,86546.20040013795,122376.62790735101,108965.35771672222,81390.94935547703,79059.23772564385,73036.47077518354,85242.71371873781,83099.91903304089,111619.00152194519,79359.1757844896,4
129472.54681259952,146505.7383782552,103395.41475718198,178486.72610363082,92229.44435232216,70845.86570809671,85072.66164692184,119599.02132737891,102871.71338459414,83247.17232551245,82340.11618377164,72257.803053594,81897.66340227883,82565.66763707015,109013.10104287876,74146.97249495656,4
130370.21522166912,149308.6918364396,89240.30086282502,181428.59565360495,91435.84566543647,69033.67567463823,86677.6063057907,123593.03219235328,105981.57864589438,82903.80482719003,80457.3393413233,72058.38078956376,83690.47447329455,82269.19409861494,111639.60983033298,77014.43308763899,4
129995.57763285372,148160.30390981483,100589.42146175164,182064.10045195825,93265.85003922583,70981.69725915161,85566.45638542848,119973.74832317214,107072.65669973573,81607.09072435985,80215.44876282797,73164.63567789027,84148.84169683955,83287.87485216557,110039.716665711,77612.54341751855,4
129699.95346068782,147244.82116041437,96451.04067934045,178144.74441346462,91106.38095216524,69645.01823723534,85749.11484111725,121807.88776968572,102202.83743176908,84051.36573926995,82497.49481648146,71583.51797861076,81610.59994823932,81948.6477313814,110008.29011300685,73776.15705444301,4
130524.21874096619,149841.98210739877,91758.49309664883,183685.5183464907,92741.20989337086,69834.60573370526,86542.28884485828,122379.10895098555,108947.61043162471,81399.9124050036,79056.19788839792,73019.39404241968,85223.37945978397,83087.40205614592,111626.10937668198,79335.90761851164,4
129488.32714418498,146530.79468378957,103486.81104025974,178506.35093526257,92268.02346325202,70876.39819102266,85082.36230401543,119628.95031320458,102922.02716136303,83215.27638617474,82299.21249141842,72266.87786184286,81910.89563499637,82581.33620993332,108980.73571690748,74166.1055882103,4
130338.94513117614,149276.4829726795,89311.71468635973,181321.70961161968,91413.53862447008,69018.23061921963,86642.91639839608,123525.12759269806,105917.71971198556,82959.30420867255,80512.63755710573,72050.51297551549,83664.23352530402,82276.30195335174,111653.69142933983,76951.53527874175,4
130013.7943045848,148196.8266602548,100508.77636775689,182087.86035631422,93287.95591449212,70987.64282317672,85590.81978688476,120061.23305097022,107131.06180799745,81586.59417469433,80170.09707332816,73159.49477666555,84175.35086576354,83292.03227663426,110035.24631681995,77643.41117661133,4
129693.94084142934,147242.6977446911,96703.05659807404,178216.26999572158,91132.28662398894,69684.06673479876,85728.99827110747,121831.78178450845,102182.13971640346,84088.55904204358,82545.05932868234,71591.22933044784,81604.90025340322,81966.48442345673,110023.71281668101,73749.24555411882,4
130536.24397948313,149915.0276082787,91735.49315160431,183891.5567268797,92735.8454747016,69829.77775690291,86551.2295426404,122502.55763561222,108946.87282405769,81456.5740771978,79094.08409524967,73015.86246679575,85232.70013722184,83091.78299805916,111719.33850280507,79339.75211855795,4
129463.82963226196,146558.846123081,103624.18486168205,178623.76464888628,92285.41312043824,70884.91420566014,85047.04654777606,119567.81829211931,102964.0037374501,83211.70010706189,82302.76641878682,72278.6572311708,81928.91114102735,82593.16028275016,109024.45572906206,74196.19103624714,4
130323.1647995907,149252.94658576808,89472.51313597121,181275.41914885273,91391.36569397041,69024.46675592265,86628.67833717803,123550.5638778882,105814.99109446898,83005.4382092283,80572.3167148014,72018.61703617776,83595.41250412614,82248.54108673825,111640.41449313337,76863.40235035447,4
129993.58832759719,148211.5341081064,100412.66386659908,182068.19082119357,93267.45936482662,70950.51657563646,85576.0005803109,120021.33518711748,107189.66808195926,81583.82255838187,80153.28856149776,73161.41702668871,84197.85907243003,83293.03810513475,110093.85259078177,77696.58597667051,4
129671.96907662977,147175.55310434737,96880.77531823819,178037.4783918236,91125.73756286355,69689.0511738123,85706.02067780742,121754.19887950408,102129.36724774448,84091.37536184494,82566.27113417044,71575.87368200705,81560.68850287063,81958.19192626381,109968.66047008759,73700.63050992852,4
130534.4111364378,149894.55341035765,91566.78218445566,183721.37054459698,92698.1827852944,69786.61653835971,86564.84175501368,122499.33898441066,108936.05457974132,81472.86849890572,79100.7225633529,72997.31051889784,85225.27935806267,83081.4117886319,111724.21118309633,79342.23316219248,4
129466.35537938541,146529.43122737782,103575.77098319185,178478.12068201552,92296.92426883272,70877.53812998989,85050.48871642217,119482.00994515538,103039.30676452004,83174.10447288805,82257.30297056472,72298.25971105811,81965.76916763415,82615.51202720548,108995.53257173688,74265.0791126584,4
130325.4670292696,149167.6076254377,89409.03418171813,180995.19532861654,91363.53777212356,69006.78652605851,86633.21574130247,123483.151016611,105752.13798906065,83010.13207556392,80582.59851725084,72005.47421043804,83564.50004154445,82242.79668841323,111567.30193702006,76814.09440208608,4
130035.81077287326,148216.76441630893,100125.62276430402,181986.69636090953,93271.03564393945,70933.23867717251,85623.22981634496,120025.20203890826,107296.26355126663,81537.28622642592,80079.81837747317,73187.4791607236,84276.0454745347,83316.23921587935,110085.96242498905,77794.41956215138,4
129704.24499562324,147120.0760746093,96902.5235655932,177905.71485825954,91144.33421425035,69717.95197939301,85727.50070422897,121697.55955905432,102134.86577688048,84060.59700972999,82535.85040996676,71606.0038335328,81592.56209046389,81984.2540602987,109892.23985579489,73709.19122805491,4
130591.18456735428,149896.85564003655,91289.26292529856,183659.47856420025,92689.48795670128,69777.20645394403,86624.56561619826,122554.95012461545,108962.74256262096,81458.56338245433,79065.45151060242,73017.31533018535,85277.47068136581,83094.50991088271,111705.05573809812,79375.31374398635,4
129551.71669146023,146599.57100147856,103507.55345911425,178694.28440264278,92352.91538869326,70927.47192710303,85114.86174045346,119583.35275451574,103168.9021788719,83129.37863223298,82206.0504205287,72365.00202000166,82084.18870975837,82672.95601045561,109008.09425212078,74385.73382922815,4
130347.8634772138,149174.04492784082,89355.8370299145,181012.85320673624,91358.93331276576,69017.2918459525,86645.88918040863,123464.95669662437,105710.4519856515,83017.91048263437,80594.8249214679,72018.9523123446,83576.70409401704,82256.00656938631,111533.05906451453,76790.55801517464,4
130095.19935789102,148308.83125172034,99911.56010765555,182158.0448339039,93302.28338268798,70951.23183145904,85681.90314554014,120139.26299086369,107400.51208740618,81499.06474340735,80018.26167324325,73216.46937328212,84358.09872843012,83343.28482667028,110091.19273319158,77883.62537427251,4
129709.5647108036,147135.05174339435,97007.53206104423,177969.59614391282,91171.13395585227,69754.74295076645,85718.60470993575,121651.98435210995,102150.109666599,84064.17328884284,82558.62683756671,71634.88228736905,81620.03238439947,82017.84873221502,109872.41385846304,73718.82482991515,4
130563.31194201851,149879.80125901714,91093.99808573701,183500.17768146726,92659.62602610899,69745.1093489062,86615.73667713841,122488.67720230547,108943.1624344781,81454.98710334148,79047.63717027154,72995.25415840794,85260.72922476879,83081.1659194429,111654.56314737358,79349.38572041818,4
129533.18709530677,146567.42919295182,103476.03749943228,178542.650168258,92376.6529413048,70941.6429330877,85115.30877534256,119523.71830030899,103237.05264771613,83082.55172759912,82145.56660003265,72367.59482235847,82104.61820419053,82689.1163216968,108933.86410878469,74422.39069013485,4
130321.08608735635,149105.02274096286,89365.090652119,180797.8741285651,91343.08592594694,69020.53284889851,86636.0991163372,123426.69051011688,105661.34520308318,83044.7549277252,80627.59257883938,72001.62971039173,83540.87424765519,82260.07458687718,111473.13403762986,76742.36765412899,4
130085.54340428632,148303.01979816196,99694.70348295015,182052.05286169684,93303.35626642183,70935.0938719623,85691.53674740037,120126.50014477971,107486.81217274812,81471.57209772732,79971.14419593147,73214.65888198125,84390.12877823458,83359.69100710047,110073.28898588289,77951.97700881684,4
129671.2091173183,147047.0976289627,97106.43853025897,177748.02330112737,91182.15336586874,69774.72541030949,85683.11013974073,121549.65806599356,102127.86968086597,84049.13056482442,82549.75319501797,71622.58882791863,81589.58930845134,82026.85648523051,109780.48113351836,73690.50516969028,4
130549.5656191785,149860.24348261877,90935.05483091532,183408.1331978003,92645.83499978007,69731.00539815491,86620.92228185205,122539.7732901303,108938.7144373315,81470.6780279491,79050.63230402855,72973.55061454185,85257.22000088931,83080.13773919795,111644.32604841306,79350.83858380778,4
129512.95876657472,146552.7440968447,103492.175458929,178531.7872204527,92408.19125273124,70957.95970654007,85094.07461811003,119488.22373011395,103305.11370958254,83051.92983769535,82112.9777566168,72375.64145036238,82136.38003306152,82711.17749347418,108920.54246908933,74476.54896695005,4
130309.06084883939,149077.86537144965,89471.52965921517,180781.19972720146,91348.4056411273,69041.56584043097,86625.86201737667,123487.37549631305,105586.77978358028,83087.91614626838,80678.77807364202,71978.04861999139,83497.33304945625,82255.49247926385,111448.6588774513,76676.92174636385,4
130070.61243899018,148348.03621149497,99583.59296126282,182178.74254926952,93313.03457177099,70916.89955197567,85686.1723287311,120157.03262770566,107561.80227539568,81474.29901055087,79950.6699980104,73219.86683843932,84430.40662174304,83372.76677760683,110135.38213197973,78017.55702704872,4
129641.12366928146,147013.68177100204,97324.70331486504,177754.8629349307,91199.36420909932,69794.93138729708,85650.52129632489,121510.0284230743,102085.82604954553,84058.13831783991,82566.91933475964,71611.10003126861,81552.70893010008,82027.03529918616,109745.12067379006,73647.74628254728,4
130540.98254930766,149871.3299478686,90873.0957952852,183442.42077379476,92626.45603733731,69709.36890952216,86624.20798828697,122591.7857994778,108911.04297769583,81506.84315047778,79069.58658332666,72948.58371598527,85232.47661977728,83070.23591640424,111666.72249635727,79328.93387424159,4
129515.32805148698,146574.849972111,103573.93814014652,178644.5070677408,92437.38263098987,70978.2997939944,85096.84623442248,119498.17025639657,103360.72484978734,83033.53435200863,82071.42586367439,72381.74347659868,82153.65793152546,82725.28144422549,108925.92923950306,74520.31368259355,4
130266.36901692976,149029.4738447039,89559.37201492453,180703.6391739415,91317.38141982334,69024.2432384781,86589.87570880362,123397.00739348023,105506.02293086326,83132.64198692347,80717.35718457188,71954.91456448013,83450.52849656684,82244.62953145857,111440.27697328055,76615.40974562285,4
130059.05658710678,148334.62516482177,99436.09379960225,182092.44246392758,93309.50299614704,70897.25236859947,85699.22574749301,120151.02000844717,107591.12776412103,81430.69075711856,79879.32322970906,73192.35184101485,84426.40565948555,83350.1244604736,110091.55036110287,78036.80187902473,4
129653.57359094305,146995.1968783375,97518.67175324819,177806.33900241126,91228.64499433577,69838.00319886247,85664.44643312055,121562.86794696665,102079.00876748667,84063.92741965383,82576.73175057552,71615.52567667076,81555.12291850125,82039.2169999143,109729.72032186035,73649.3332564036,4
130583.54027075057,149954.2549197978,90773.56347722572,183708.87591944647,92624.3102698696,69705.5467612203,86664.50818353989,122758.46275788102,108933.97586750698,81551.83721206633,79107.56219715622,72955.82568118878,85268.55233532815,83081.56825084309,111760.80098876965,79374.0396945524,4
129521.81005737903,146624.42614131287,103588.44442229801,178837.1567532011,92461.63427372387,70980.66907890666,85090.54304248608,119478.25485208689,103433.27861228927,82998.79974112508,82040.98278772626,72405.65984316586,82200.14955999251,82744.52629620151,108959.30039397483,74596.26491025269,4
130282.19405200411,149048.65164144654,89656.84797249413,180819.60002417566,91307.63605924083,69035.88849733931,86594.01078152786,123468.62238271504,105438.05127597468,83165.8790309285,80765.8604700399,71949.30427662186,83427.17092361105,82241.43323200145,111451.49754899711,76576.62946899289,4
130117.64050932415,148467.8415617754,99322.27871683583,182451.83616302445,93324.38925795427,70901.94623493508,85743.6386637257,120315.5959028716,107689.29662576874,81434.69171937606,79870.13666273793,73223.21960010762,84500.76991328836,83377.46064394244,110201.45388858962,78142.95031344298,4
129660.07794857955,147040.7497335374,97709.9579822967,177984.0130190865,91244.24651196558,69861.56193751836,85641.20061888703,121531.15082158457,102071.72209879424,84078.63486750542,82613.63448067123,71639.77731940476,81562.47664242705,82063.75921532622,109764.32082227718,73656.59757335158,4
130576.52182299159,149984.22860911235,90674.81347022217,183694.19082333933,92592.79431018762,69674.50018817189,86654.56165725729,122752.40543513364,108891.44049780852,81568.31044772989,79116.50289493834,72935.84322164574,85245.84296296156,83065.0056082017,111774.52495986522,79350.72682508551,4
129543.15597333384,146679.88081930648,103656.90781556461,178933.3363095923,92493.41845433932,71003.17728557317,85094.0299146211,119509.07790769076,103495.0811857082,82976.02331352512,82012.86429320149,72423.56359047456,82236.31468252119,82762.8323749104,108977.0253273279,74658.29100111616,4
130286.93262182864,149055.75949618334,89791.89721249309,180811.15106477155,91303.45628302768,69041.9458200867,86582.1420052221,123486.77199921275,105356.02037382369,83212.99650824029,80823.43856375678,71935.96028518204,83389.95526909296,82233.23014178636,111458.31483105599,76526.60626490191,4
130145.60254163774,148551.9511761607,99217.38198010708,182572.2003069163,93338.13558079429,70890.36803130723,85764.6493035137,120387.4120578065,107749.10989393115,81436.65867288812,79853.350502652,73232.62968452332,84546.54628593283,83385.86489985764,110268.48677021108,78219.19211378004,4
129645.32579723906,147029.9538409655,97905.9604294253,177946.50679189048,91254.41655569275,69872.2907748569,85604.74492368042,121449.72341653389,102033.92529892032,84089.07313216604,82633.54988498091,71643.01832235078,81547.18804921962,82066.79905257214,109753.10024656061,73645.39934937947,4
130561.03206408407,149947.8399691391,90581.24906793227,183477.8035852675,92557.76912662615,69635.65285630857,86646.2468083199,122722.00706267441,108813.00822651485,81575.64181991122,79111.40669720253,72894.73836359243,85196.7585321377,83021.37500302494,111735.40940706842,79298.96018492701,4
129533.54472321806,146655.00332772773,103687.55205721284,178819.49887508142,92512.61860282643,71002.97611987307,85086.36326627294,119443.58729643672,103550.17823579053,82950.25175216816,81975.13454856093,72439.45568078228,82271.22810736038,82767.99562787959,108975.7736296384,74717.634882645,4
130265.02791226243,148968.72180327438,89899.23028936748,180562.0185210727,91284.56905896295,69041.52113694204,86568.2839236598,123451.5456499512,105244.93220388082,83239.66213937548,80854.64159901638,71909.54052323586,83333.20418992093,82207.68209787394,111401.36258618387,76449.15747036427,4
130136.0136432664,148544.39628653484,99052.49316126027,182481.36281744993,93329.28428998998,70858.13681580267,85767.28680935942,120376.2138338344,107806.6432841591,81425.68396636056,79813.96672892175,73237.74823400358,84593.55200452232,83387.47422545841,110306.4847357851,78291.34354488178,4
129629.61252088696,146950.20281674896,98079.54407686522,177778.98046719795,91268.45345121068,69894.3966501232,85590.03747582882,121407.7021369579,101983.74563261816,84070.47648077924,82622.50812321999,71632.78122339025,81523.40579311918,82057.3219129231,109682.64754803748,73615.06803215362,4
130621.06884969103,150029.62500210106,90518.41831426839,183725.7067830213,92567.33567325302,69649.26506868185,86707.04355323834,122966.40103654875,108830.12966276762,81630.94003569365,79157.9877326474,72910.85397134471,85245.73120423927,83041.91625617936,111843.59185023211,79348.26813319542,4
129545.54760999056,146734.97786938882,103700.29255155237,179073.54880256043,92541.94409155179,71006.23947456354,85082.11643482643,119441.06154931326,103641.75333282392,82933.8232199935,81960.04712105359,72478.45947485679,82340.40675644956,82804.42897134174,109050.80843577486,74816.94368325993,4
130253.53911561241,148966.77720150677,89988.36904625525,180579.54228872567,91264.3407302309,69034.92737232773,86547.6309117831,123426.86932407253,105162.34250811845,83263.75731989829,80898.58512861552,71896.68827017407,83293.01575339028,82197.89203380252,111388.26446393305,76390.05945802444,4
130122.15556170412,148553.53815001706,98877.6354643864,182424.14235164435,93309.48064440259,70820.16120197311,85763.46466105756,120331.33153096813,107846.09411312272,81383.86385248469,79771.36430398993,73231.48974555609,84600.95043193703,83375.11371077463,110304.54013401749,78326.10050750978,4
129591.90512799086,146864.72974595186,98238.95671832046,177561.69915934792,91261.546762174,69901.25863567098,85553.31355968876,121274.4186847709,101947.2675856671,84045.35312001147,82622.3963644977,71629.56257218869,81492.22510960401,82048.35886339651,109609.66910239091,73581.60747070402,4
130588.16708185281,149953.51731223075,90402.591574501,183465.04073918352,92516.30664066155,69608.49548679536,86694.30305889882,122910.02993703246,108778.49713307586,81638.271407875,79164.91677342854,72882.31079367528,85214.4164102574,83008.25452902967,111814.15460278447,79311.72303101099,4
129540.80904016603,146682.38421468547,103717.12341512722,178959.01846397144,92547.97906255473,71015.1578206012,85086.74324592868,119424.87888632761,103695.3751677722,82883.08476007996,81916.37181238792,72486.41669588289,82365.8430416397,82800.36095385086,109017.9290196811,74862.04950357074,4
130259.35056917078,148915.12232007054,90118.3667920073,180563.5607914401,91247.24164572259,69049.2995440125,86554.5823043087,123490.16946436996,105091.46512645068,83300.34712557163,80957.59373397753,71891.01092708242,83268.04885483372,82184.9503737629,111394.59000761391,76345.98181795857,4
130154.40912895312,148622.068598517,98734.6066516169,182656.622845724,93309.43594091368,70805.5655128438,85796.03115272895,120439.06693924272,107932.41655020912,81386.09902693023,79758.98143756168,73251.00281846557,84664.04940653437,83384.70260914596,110404.74300441063,78418.99435746603,4
129581.42215984133,146846.69188817643,98412.89799367166,177638.4774015519,91271.11330880086,69916.99426376751,85531.56531233374,121219.43339341086,101936.7622657731,84045.46487873375,82644.94927465312,71640.09024382714,81483.41852228863,82050.97401749779,109610.9208000804,73577.07006657959,4
130590.11168362043,149956.15481807647,90297.53837556105,183471.74626252012,92488.05403567005,69587.14957084056,86710.73159107348,122970.80433020645,108734.48654824335,81652.75533828203,79173.34338108818,72858.5955928082,85179.5029854182,82983.95818280676,111821.62008543254,79282.37519054118,4
129573.80021498207,146756.21202662136,103742.91732822864,179212.01785946108,92589.39684503041,71043.85746048183,85111.79955146307,119515.22463741597,103790.72770961854,82864.44340520423,81897.95397495675,72514.44578342984,82416.46974283097,82829.7982012985,109076.51294189847,74956.68678959452,4
130234.04839444738,148881.1923719874,90200.4423976472,180504.3063168891,91230.14256121428,69045.07506431044,86522.50755101533,123418.10744024605,104997.1854683382,83325.58224506167,81000.39732460944,71867.6086506377,83204.21227266935,82171.42756836744,111371.99239396959,76280.42415147116,4
130164.73563489148,148656.17736055583,98559.36897508729,182677.09704364504,93310.44176941416,70790.99217545893,85815.27600470495,120475.34382049368,107986.93245493561,81367.72589298796,79724.51504761161,73249.8405277539,84687.83166263481,83387.1836527805,110428.48055702217,78478.44999771715,4
129608.06543923206,146869.8706471766,98594.64002783777,177778.35461835322,91307.23372784063,69964.22349980158,85540.79658279379,121283.00175464175,101945.09946645492,84054.78555617161,82672.50897556651,71661.05618012622,81492.82860670431,82079.0701602781,109625.20356478734,73596.29256681116,4
130597.1301313794,149988.60955102558,90190.87585102032,183530.59840567096,92463.55652374703,69562.85322461763,86712.09504748524,123002.70026954416,108700.02015829328,81680.49385315107,79198.28792790031,72844.96102869046,85159.09584273052,82972.5364413901,111863.86488245308,79271.44518750253,4
129578.58348829551,146771.52297157323,103731.36147634525,179220.73503979863,92609.17813887337,71047.50079482804,85105.56341476005,119470.38703803862,103848.81989345788,82821.59511108341,81857.7208349372,72523.09590853404,82436.29574016282,82831.42987864374,109074.00954651948,75009.68277569805,4
130272.94042979962,148912.5518694582,90336.00572776863,180627.68794628239,91239.86557005234,69079.96613740518,86546.51332456034,123540.21502020539,104950.51502591552,83377.10301603115,81070.13476731,71874.0683047853,83190.6894672739,82177.149614948,111406.52583915304,76258.11711050477,4
130222.98428094201,148785.1245743185,98423.67153449912,182983.7406258274,93328.14435102277,70792.91442548209,85860.42652850469,120629.43674676857,108070.0585925649,81374.87845121366,79717.38484113036,73272.28167918703,84742.48167782804,83400.68410643151,110531.5891541945,78573.22139420765,4
129613.45220964578,146906.0804731942,98755.55023617152,177896.66240175517,91329.6078240404,69987.93870066866,85523.60809130766,121235.05726278512,101943.98187923216,84057.62422771743,82698.50405436804,71678.71405824591,81492.26981309293,82088.5249481827,109641.27446905071,73611.04471815166,4
130600.1252651364,150016.6162868281,90085.97911429156,183501.38467566785,92440.57893044698,69540.54618365124,86719.89580630015,123014.01025223856,108665.55376834319,81702.1303417838,79222.00312876739,72828.01840639334,85141.348557633,82955.68322607079,111882.0592024397,79259.93403910805,4
129583.07618893102,146793.83001253963,103705.70167371056,179191.40955107327,92635.0167554637,71055.10038794285,85111.62073750743,119435.25009575488,103923.09474028288,82781.20550885267,81820.41577344129,72540.70908316482,82470.58331615727,82846.2043817287,109071.08146799583,75081.25306144393,4
130218.75980123995,148804.10120536105,90400.60226924447,180264.11447097236,91208.90840398174,69062.17414881875,86501.87689088308,123383.28342238467,104848.76988515495,83383.09328354518,81098.63324149052,71845.48042362696,83120.70615538432,82155.22255363734,111325.65722771375,76173.06872285232,4
130228.03577518891,148765.99148106473,98243.94115733399,182797.08120788113,93324.90334807675,70779.77159974237,85886.35455207284,120679.43759911509,108113.35392157483,81341.59670371971,79677.17405285526,73260.07762671442,84753.2999221444,83391.27402201582,110509.08094752801,78608.29128125803,4
129603.77390429663,146849.35174576662,98919.9473166403,177773.2584206174,91349.6126353279,70018.98527371709,85508.07362891122,121202.9601577473,101939.82445476347,84049.15291656887,82715.62549062079,71684.83843622667,81487.62065024623,82101.31014601114,109615.54761118266,73610.39651756246,4
130620.577111313,150032.68719109145,90013.80533144539,183538.8685511194,92428.88896809686,69539.42859642846,86743.09691704475,123131.69218679574,108644.58783204411,81741.08943236941,79263.17504205406,72819.16711558904,85138.01814770915,82951.92813300231,111930.45072918544,79253.49673670492,4
129620.26949170465,146874.40805130103,103746.71712478604,179470.02404570868,92676.56864840612,71085.94579529116,85132.20669415078,119543.96898078549,104024.77282581005,82765.62634296731,81810.93863379225,72570.0792753791,82535.15750588865,82874.6581524203,109146.83152995486,75170.72709449854,4
130211.71900173654,148816.30525783365,90543.18404712487,180380.50000435114,91196.5255375535,69070.84662566741,86478.13933827155,123393.85579751203,104773.01982319592,83423.2370165869,81164.74970158932,71834.14808918811,83085.25628867821,82143.4878877983,111356.05560017296,76117.81521055881,4
130224.41479258715,148813.51128977674,98107.30494347871,182875.17820300796,93314.26391771602,70755.38584654163,85884.23113634958,120696.11200047875,108149.89902375925,81321.41307847656,79646.70862516268,73248.63353355331,84767.67209382917,83373.19146075148,110547.74946543569,78645.14930786483,4
129579.70107551827,146824.13897802104,99120.2412987043,177764.34007457973,91359.60386509942,70040.51000362754,85473.56253547223,121149.47243326575,101921.96541094368,84044.88373337791,82734.3339007299,71687.63240428358,81473.40494077266,82100.5278349552,109608.05977679012,73598.55009300115,4
130589.03879988656,150007.1614989235,89954.46144991655,183436.58696849193,92387.13590945434,69506.28095940125,86723.98617553547,123136.1178321979,108579.56660742362,81761.0942436569,79284.85623417572,72791.51800769783,85094.8345774215,82916.16534187381,111938.45265370044,79208.01093673837,4
129589.04410470059,146858.00187087082,103757.15538944666,179414.03292584812,92675.20519199433,71074.43464689668,85106.81511244955,119487.01673591338,104077.5676462135,82733.66334839624,81778.12627293186,72581.65747900694,82552.41305260814,82868.26555350609,109157.33684984886,75220.7055951006,4
130189.72488519251,148762.95164381881,90695.71235128789,180275.42445366675,91175.69371172115,69077.90977691529,86460.45910840739,123408.78676280819,104679.74599358393,83456.33995012521,81214.63879521356,71817.67485352456,83028.23698857272,82120.80086717616,111337.48130053059,76050.44705277051,4
130197.4809405185,148815.38883631097,97940.96326124232,182826.31728962867,93284.29022840146,70709.9894535529,85870.48481350957,120660.2821541169,108192.54615217999,81313.92524408404,79625.18389525222,73248.85705099786,84787.07340801638,83360.29450420076,110603.53941959613,78696.89359627887,4
129552.29783681605,146759.0954016561,99293.15439381056,177634.0741078942,91360.1179552219,70054.09986425636,85445.82402060319,121076.31517366352,101889.82360241695,84028.41049771434,82730.75762161704,71684.01142168182,81445.30879799233,82086.69210513736,109556.33784012054,73575.34898225653,4
130547.24103775514,149939.52512020172,89839.953463072,183212.93541347212,92330.69775470468,69455.38603727652,86698.19226243404,123048.07431078843,108518.97102820528,81781.79195902252,79295.49566453644,72765.1205974961,85062.40219621685,82884.33645776946,111939.25731650082,79174.86329971116,4
129561.97614216521,146777.22266640933,103716.81049070484,179173.03641713102,92674.6240466385,71063.05760896893,85093.91815589883,119378.25314739384,104111.31878034101,82668.93269645366,81700.1857400162,72573.76731321422,82555.76581427644,82849.57949514146,109089.38754670472,75247.2147640246,4
130147.41303293861,148617.50884264815,90787.89094542158,179931.14053382166,91142.59077818284,69067.4044570213,86429.72545978134,123295.21754923077,104574.67044289953,83469.90745900958,81232.11785937761,71792.10445786768,82970.14480473338,82090.44719820586,111265.21811070658,75966.06921745172,4
130190.88717590418,148757.117838516,97745.4749042362,182658.50039225823,93261.40204207922,70673.89138625759,85881.01248514802,120651.36380807923,108230.16413809826,81292.64638336259,79572.00909519305,73244.5878678069,84810.85566411683,83342.50251561434,110604.88052426346,78734.06454730804,4
129522.68177541278,146638.865368231,99418.27945927138,177424.95118677034,91358.84390578794,70057.92201255822,85414.9115580215,120962.47773915264,101863.22502651514,84001.74486657916,82705.20957770462,71685.01725018231,81427.22623672799,82075.00214278724,109493.6411969234,73549.9574005553,4
130554.75122389213,149870.10060192354,89744.75738343685,183073.72874900445,92302.44514971318,69438.53282195721,86718.93468128856,123120.33750061244,108452.58634717303,81790.46443587118,79291.40529530113,72735.70570179292,85025.7676870546,82848.61837012987,111903.94156026145,79121.66614790751,4
129625.18687548483,146846.73659166534,103718.21865060553,179503.23873796925,92721.04861987218,71092.20428373865,85138.26401689816,119537.71049233801,104235.86270044598,82665.267010363,81680.27033570652,72620.52716261473,82647.83264968784,82891.31020203952,109189.7245275646,75368.89766083928,4
130177.63259144219,148650.00827908615,90908.8585864137,180190.7783974145,91147.53051370746,69083.36360256239,86435.22398891735,123374.94622170285,104516.77942476029,83513.91804384209,81286.81257805975,71795.56897825825,82956.24201968218,82093.93407034088,111305.7194716596,75935.76025197032,4
130266.14549948521,148909.4896804678,97594.98060881862,183121.3156129498,93285.74309179105,70677.11003745915,85937.07066024192,120858.05038905745,108305.19894423473,81295.14977874157,79559.06743515343,73260.72582730363,84871.42889159071,83355.33241693169,110708.86083946955,78821.72808906175,4
129567.29585734557,146743.69504972638,99592.57836253385,177828.51193291091,91403.81561563202,70098.31161478897,85421.25945344681,121022.40276603732,101888.3483872829,84009.6350323719,82737.75371763155,71716.48850637538,81462.96667611202,82100.48313146629,109558.0589244436,73589.78820917466,4
130624.95805322625,150020.10315896312,89694.95769679043,183488.9571057507,92308.1895480382,69447.42881625042,86763.0793765878,123307.57806391455,108440.85168133398,81843.75099465264,79343.44015639307,72741.98654198486,85047.51593440962,82854.85450683291,112004.12207891014,79135.0324910918,4
129644.81170711658,146965.40200297858,103674.54334193986,179780.75799712635,92739.645271259,71083.91178654574,85129.70329877178,119496.1585993956,104322.92274509941,82637.59555072732,81666.03227448849,72650.09852052909,82711.08808649637,82913.19255986126,109268.76029595856,75454.28132465856,4
130154.20796325302,148615.7207030917,90998.33261946829,180011.56211037186,91127.07866753086,69081.48605602814,86403.10453213508,123273.33519140902,104400.12567044803,83506.78783736084,81310.30426148228,71762.33193425322,82879.41907398928,82059.06534899061,111222.7050927526,75832.42813735345,4
130269.05122626439,148943.33022157315,97416.81485376536,183064.87745820018,93270.11922241679,70652.85839472513,85949.1853057367,120871.14851130826,108357.79259893806,81281.89519427958,79536.89450465376,73263.78801629401,84907.16933097475,83355.19830646495,110743.52839511972,78873.53943270915,4
129543.46889775622,146695.45998519182,99731.80737874597,177651.21789589143,91413.09158958097,70119.12108887685,85396.20314791241,120935.83445976191,101867.11423005036,83988.04324722807,82747.78965089198,71713.24750342936,81445.04057705887,82097.73386689828,109514.42831926684,73573.06910432209,4
130545.76582262109,149913.26182046675,89566.16694523895,183060.1165366312,92244.6211868073,69387.68260332139,86708.07173348329,123129.8593437504,108362.15118910685,81846.23203828717,79341.27203718091,72703.45213454391,84988.82025346998,82818.44351511521,111959.9773836109,79076.42621712998,4
129602.18693044031,146868.37308029807,103626.39768438312,179416.46926599377,92738.4382770584,71078.99440276556,85113.52063578613,119401.74483081637,104350.16952159042,82574.07189298533,81596.51834923249,72633.91585754346,82700.85098753584,82889.76793167209,109187.48935311906,75475.58253712447,4
130134.80664906582,148523.67621942476,91122.51891166197,179783.70842739445,91111.47714990105,69098.49573355862,86395.97432565383,123264.77447328264,104331.59522194807,83539.55549473233,81355.63359923764,71754.88880334959,82847.47843116266,82053.05272973212,111200.08512736383,75789.64689846599,4
130289.97245907456,148959.02114618078,97234.46932249896,183044.53737074585,93262.94431244663,70640.83315620819,85991.00541961259,120943.23288717662,108411.28032341962,81275.10026396517,79507.18903627266,73270.87351928634,84938.61823542336,83360.09333850066,110779.47000020386,78934.17971541641,4
129566.11121488945,146697.85162184856,99845.4212958123,177718.76486763536,91439.26548233813,70153.8109962715,85409.72595330786,120935.40977661726,101901.06652987796,83985.80807278253,82761.91595338774,71751.49133819238,81473.20377507256,82134.10015512707,109521.13384260343,73618.08551765508,4
130584.3672852954,149955.93130063193,89453.55885667312,183158.41950874563,92232.43948607917,69386.11798120952,86748.55074269185,123221.83677218399,108340.11236907392,81874.5293467676,79377.66067715416,72712.72810849287,84992.66475351629,82827.4512681307,111982.61970074412,79081.45535963243,4
129657.68631192284,146966.5866454347,103552.48046546942,179681.7621209338,92782.42651014644,71103.71543213313,85158.20177295229,119480.02063989887,104466.19742705792,82542.69004377008,81565.96351456209,72684.69902094592,82780.24438384108,82937.13127817289,109233.19867053017,75591.4986838697,4
130168.40132098214,148567.95502519072,91233.49532288258,179945.55740899534,91130.09615303233,69130.88341127436,86405.25029960279,123326.82291589057,104281.34850041253,83568.0763206573,81407.93668126306,71772.01023960236,82834.2014949562,82072.23052647478,111197.62643547374,75762.86950860852,4
130328.41745953768,149078.9382551835,97074.63199789907,183310.1207983638,93278.5681818209,70636.74278697286,86015.5029315356,121052.13058616288,108476.63682420693,81276.39666514358,79489.75467559752,73290.58775789592,84987.70266624722,83376.72303637542,110850.36973361608,79001.83844588262,4
129591.81572101304,146776.61916930904,100062.5684931956,177999.21220531611,91483.7454538042,70202.31428173951,85401.88049100405,120994.61954767938,101915.59516377392,83996.55926186554,82775.72933146112,71780.5486059843,81493.25328984896,82157.94946646088,109567.9607472373,73635.94456147487,4
130594.0232389001,150028.73093232285,89465.36057774551,183326.0128886715,92216.8156167049,69381.06648696262,86749.1765915366,123311.82489536106,108278.9579962442,81926.92183577083,79413.19995083808,72697.75243970781,84963.22750606865,82807.96054696567,112040.77893981684,79039.34467307862,4
129667.78930041664,147061.3133384363,103618.46281510149,179903.5137776749,92807.59457440312,71116.72414740613,85156.72655781824,119524.88059102066,104535.30902091373,82543.76292750394,81547.34451143081,72703.8097624552,82817.25887265908,82946.58606607748,109309.48517435613,75651.13313807645,4
130157.2701522434,148577.99095845115,91474.71534904426,179977.4309965886,91124.35175470731,69150.64235337285,86391.57103199614,123360.70816048482,104178.10579277347,83617.96541428154,81466.36414126922,71746.84217534568,82771.72836920361,82047.37538664049,111203.32613030984,75674.58011801007,4
130310.93839537364,149147.04402053883,96986.90140091199,183399.50542444058,93260.30680660091,70600.48825746635,86013.35716406789,121076.51633936362,108513.87483046947,81303.57638640123,79497.84600709034,73287.41381018327,85008.95917522421,83368.38583569358,110953.12070287713,79043.23387661384,4
129570.17923238031,146762.2469976243,100312.1257200391,177947.57967562435,91503.61615462496,70228.80109891905,85386.7036565189,120970.65847762329,101874.82558188745,83989.56316585102,82781.47372978613,71759.9850010854,81446.78401312638,82139.97866391882,109532.28736308664,73589.63174696348,4
130600.21467211422,150075.42372649,89510.95813643433,183413.4529129807,92204.05277062093,69374.4280188594,86762.96761786552,123433.41838519793,108237.76373121307,81994.55821449259,79476.90242253571,72681.41331451098,84943.26739827007,82797.43287532723,112131.39291183864,79008.9463006194,4
129684.06137038009,147144.46182781004,103697.18565907307,180119.7222017911,92841.97155737538,71129.95638012367,85166.27075270066,119609.41488855063,104604.86764965864,82536.34214834477,81531.65358682319,72713.97980618237,82844.01391077208,82952.77749929161,109391.82900092949,75706.25253990323,4
130138.80761132333,148593.79364178106,91701.02676165424,180082.19362285064,91115.88044355875,69153.45867317423,86357.10464204606,123347.63238997846,104105.3732163159,83683.63483949123,81541.06367123887,71739.44374793099,82725.86258958133,82038.72526153628,111278.89737831324,75618.83486733853,4
130333.67011948468,149223.03995168686,96930.2844322067,183552.01137685913,93260.17269613418,70584.55146366972,86028.01990843058,121168.27025035265,108536.45009236934,81317.5462266858,79485.23962321754,73273.46632164315,85002.85714898791,83348.35867266163,111036.13508178414,79062.54578382323,4
129561.59616250946,146761.79996273518,100547.66840310913,177983.3201150084,91522.1010472895,70244.20145084876,85355.0982898591,120917.8413054754,101867.38245098383,84003.3765439244,82805.21128239766,71762.37663774213,81428.09795476175,82136.84941969508,109570.35238389402,73577.58415670207,4
130610.63058503039,150091.85225866464,89532.46051460035,183422.70653518516,92179.59996218681,69354.42320757189,86765.67217894462,123486.52613002375,108181.90672181925,82052.82921228757,79520.37656550128,72657.85457585509,84906.27526119653,82773.80708143796,112187.13816251018,78970.07661701163,4
129690.94570767233,147177.40829913717,103695.44222300556,180150.79112658396,92853.43800228096,71117.01472008404,85162.38154916544,119572.40039973265,104678.33783368324,82528.74255522997,81509.90533946817,72724.663940032,82873.78643438655,82957.69488307177,109448.22245219022,75770.75967440126,4
130110.465599354,148518.44591122222,91833.170274874,179827.4060878046,91094.31101015938,69141.58989686846,86325.56633061962,123231.42567055533,104012.52406984856,83711.75333401602,81587.80116889492,71716.26498893082,82660.68490274965,82018.7651537377,111233.70215102461,75543.3753780574,4
130315.94518613163,149175.09545983022,96708.59983069895,183249.1899429786,93232.72475394307,70535.3999776125,86032.71377476619,121096.45409541776,108555.60553736753,81299.77658984382,79449.90151523371,73255.11553944535,85000.55491930901,83331.37134687559,111006.4519651475,79082.12591196608,4
129529.2755400271,146641.5699293101,100608.97923815003,177612.661136706,91520.17879726634,70243.35208455946,85332.5900831926,120753.28776279543,101864.56613118245,83974.7216075327,82785.58645076591,71766.95874535546,81418.53140813488,82143.82316396513,109489.81904862155,73576.15364505693,4
130596.16900636781,149968.58238799364,89376.82531795804,183000.48208242442,92138.80802855588,69329.32219854859,86781.8771936747,123432.30079797517,108106.84956393833,82043.73205229426,79515.90621661022,72628.8420115521,84862.68935950869,82745.59917993537,112102.04507136883,78916.99122393026,4
129711.95634746032,147131.69898172605,103559.7447824174,180012.52323538344,92874.38158683557,71125.4413277437,85202.74879965173,119556.28479198038,104777.3784133647,82479.05462730583,81458.80925164334,72759.80088231574,82950.45291786826,82985.23223224071,109442.99214398768,75869.80025408271,4
130115.29357615634,148412.34218029288,91878.90194402957,179619.31134692568,91089.57244033486,69159.15836801034,86341.5254761607,123178.72025712971,103944.91004287126,83711.44040959363,81607.40364878222,71721.74116632238,82652.43710904564,82018.96631943778,111175.29704276289,75505.84679911695,4
130329.28917757145,149134.61645062166,96437.02613556698,183115.9288425361,93220.16307355918,70511.84123895661,86072.70104559672,121075.15288295185,108600.55489546715,81261.42099635852,79398.35839251976,73266.53728086202,85051.56160015603,83327.39273636256,111003.72505232395,79142.11799408412,4
129540.89844714386,146583.343635004,100673.12874473676,177540.01796722627,91553.08056510455,70278.04199195409,85351.61141772407,120708.53957039591,101892.12583209584,83936.05308962501,82764.64286621129,71796.57480675874,81461.02207434441,82158.03887343871,109449.07181847953,73612.11760188552,4
130576.27595380259,149897.70500632585,89230.77901968706,182801.3056875832,92111.47184508704,69304.33294824755,86784.04531288688,123362.1163203855,108056.69224938062,82048.85060177454,79520.98006260158,72619.54368585869,84857.63786526179,82725.81788609242,112073.01015532139,78887.93395613837,4
129715.68908878436,147104.13928081267,103437.16781582449,179915.60607142522,92902.54478484926,71135.25374355957,85225.36876504049,119534.13421322516,104856.03420210294,82419.37546961015,81390.72583803246,72774.48597842288,83004.03004932763,82990.77546486563,109406.2235243587,75935.00029265885,4
130092.00305843391,148329.55131883043,91957.22245660097,179444.43129830735,91089.81830952386,69176.19039728527,86328.80733356564,123117.69999476672,103881.20757117363,83718.72707828607,81634.76218399551,71714.20862844093,82626.93376862214,82014.8088949691,111116.84723101226,75450.57093507897,4
130323.32126180187,149135.04113376632,96205.84204266572,183053.7015859725,93214.1057508118,70490.11534334604,86090.09070278295,121093.70483084976,108643.87257622155,81241.43853681548,79365.16605200364,73257.77539703553,85080.57416445902,83326.74453577335,111005.62495060265,79177.41139857906,4
129538.3279965315,146558.9355300588,100772.14697267377,177518.89556871602,91589.98329520028,70312.79895458209,85352.66194971347,120691.6863550766,101917.78563473054,83906.39232473282,82751.50004047157,71801.46983879445,81474.05314136186,82178.51307135976,109399.76387021111,73627.27208462621,4
130577.99703812564,149899.04611099316,89147.96580648015,182810.04521966522,92102.32998160482,69298.07445980006,86800.22797587252,123424.14241124898,108020.05774021838,82075.873860821,79550.26084783803,72601.08114493861,84846.90902792323,82732.16578151772,112075.44649546701,78865.53750819416,4
129723.69101329935,147150.63090927972,103340.5859280331,180040.1946950191,92932.89845381958,71140.10407210638,85238.2657215912,119571.03694332087,104953.26429048352,82375.02960861083,81339.11566008517,72787.51704544033,83054.23206737424,83020.07860184653,109415.63360877438,76017.18765702102,4
130078.63671524964,148328.34432462984,92074.14443184668,179518.50497943224,91095.13802470423,69193.04361260458,86308.64606006695,123133.07799495198,103840.12506486477,83742.03994775296,81677.40931241623,71714.11922146312,82611.04167831442,82033.51730507819,111114.14266993316,75421.04428065351,4
130348.24345686955,149227.68911453357,96036.52757841678,183291.94883012163,93224.49931198351,70484.14742757648,86119.59500546397,121242.32157973309,108704.98224556235,81237.75049898034,79349.51983088492,73262.29044941551,85115.80051372058,83342.21194293642,111066.84637866574,79237.42583244156,4
129520.8712841119,146587.38930075042,100898.65784629082,177668.20522167746,91617.72181006931,70332.6026001695,85319.51431268625,120662.67379077361,101951.73793455816,83891.43900769223,82752.14824106077,71819.88767622563,81488.26885083543,82208.21853974088,109413.82311747351,73656.3293524181,4
130555.08650005895,149904.94697152937,89094.99217212107,182807.07243765265,92078.0336353819,69277.64496536792,86780.69255121858,123451.7915191402,107963.73134419101,82094.93989884137,79574.06545568294,72573.05205739166,84799.05394304442,82719.78291508948,112071.26671925386,78816.47542911475,4
129681.26740232318,147155.90592097116,103256.31985143661,180011.24918594948,92938.55344516676,71116.72414740613,85204.58164269706,119481.02646839934,105032.00948619956,82330.70609935596,81288.935993783,72789.28283325229,83075.7567972847,83033.75786945318,109424.26138213414,76078.14086415063,4
130018.0411360313,148217.6361343427,92207.07025612239,179214.7447722846,91080.40822510819,69193.3341852825,86269.37404505898,123033.05393851447,103737.82113049283,83732.58515984836,81684.67362936422,71667.13585461806,82518.03606963588,82007.94690942131,111002.98744475693,75317.64511080326,4
130376.04902697194,149280.05925179235,95901.34422795108,183404.06518030944,93236.6586609672,70487.72370668933,86170.2887618886,121426.85758195611,108774.36206035163,81248.85931597464,79345.27299943841,73264.01153373857,85151.0492147266,83358.23814371087,111128.91717301813,79299.22840586047,4
129543.64771171186,146664.23459818776,101082.18802001335,178003.59314722935,91660.4806972123,70374.48976927875,85330.17609479143,120758.42866402015,102020.44719701377,83908.64985092281,82782.79248270899,71861.39486567913,81536.86154328127,82255.17955484147,109507.27576104115,73726.8491061746,4
130571.44797700024,149993.92926620596,89100.26718381252,183099.4109033836,92066.96952187653,69275.4544944113,86797.34460083778,123586.99722135035,107919.56429714731,82142.14678313099,79628.71547087617,72564.04430437616,84778.55739337891,82712.65270860824,112144.24516490045,78796.4482660828,4
129739.60545535154,147325.30979219792,103279.05157554765,180516.19744493932,92984.5980387447,71150.00589490008,85245.21711411681,119672.62562187025,105138.49319678465,82321.8324568072,81282.61045010215,72825.31384531425,83142.05207133915,83063.99977970122,109537.78589222264,76185.27277532492,4
130071.68532272404,148366.05171752593,92446.32332877199,179727.672604045,91105.26336494248,69238.3953021044,86283.03096092117,123213.6336819689,103707.24394407797,83800.22153857011,81779.57913632145,71692.34862236364,82521.41118304864,82031.52799982167,111117.29426590136,75319.85793350435,4
130396.34441093737,149441.79647467096,95779.23664799174,183783.03900754917,93223.82875964986,70455.71600862933,86165.90781997536,121491.74469610986,108813.76818582632,81271.36752264113,79363.84729908076,73273.82394955444,85180.64292438542,83361.45679491243,111257.12677921377,79360.85216532375,4
129518.05496431053,146684.08294726408,101252.57536799615,178013.02558338948,91667.74501416029,70379.67537399237,85280.91285001193,120643.49599403096,101993.49099320067,83883.77235934406,82779.6408867408,71854.06349349779,81504.7867899879,82244.69658669193,109480.52072292814,73711.22523680034,4
130562.23905828466,149989.72713824836,89118.50620728805,182970.01665473185,92035.78883836138,69260.12119771495,86787.12985362171,123600.05064011224,107828.90562163659,82172.83572826812,79660.20907881368,72528.7732516257,84722.85684619629,82682.52255708248,112136.220888641,78732.90225659637,4
129718.55011207463,147335.61394639182,103249.81549380011,180415.90516756836,92983.03341663282,71128.10118533387,85224.02766037318,119590.5276644859,105207.91771506282,82303.39226763157,81248.61344678563,72834.56746751875,83178.26189735674,83069.58771581504,109577.616700842,76254.54083139192,4
129976.9809814669,148198.41363411114,92600.52801376916,179187.31918183796,91056.60361726327,69206.43230753331,86204.6433931164,122952.40884451973,103577.96145414848,83798.70161994715,81787.49165385863,71644.09120608465,82428.33851913674,81987.33860103352,111006.13904072513,75205.05937398189,4
130359.53108781947,149346.26511886896,95652.7257743747,183371.72220608263,93189.71999761106,70422.27779892419,86170.9369624778,121467.22483244239,108799.70893856394,81252.34618810966,79312.39358334466,73232.76379499004,85155.00547349518,83323.65999503851,111206.27656057794,79341.36144415873,4
129446.05999541999,146532.80634079056,101407.71882626043,177609.666002949,91658.71490940034,70374.7132867233,85230.64377673194,120461.30692497575,101991.07700479949,83862.22527768914,82752.90820037224,71844.96633350449,81489.00645840245,82234.92887436497,109426.76477751313,73693.16502728045,4
130491.38402836134,149821.03852284414,89110.30311707297,182513.2364050432,91979.84242198974,69221.31856934054,86753.64694042766,123492.31523183767,107735.05064666875,82198.02614426926,79672.43548303074,72481.07462895807,84660.27196172142,82637.1038123493,112082.26377752588,78641.99771189663,4
129674.3607132865,147218.2002327681,103217.49487131773,180146.83486781537,92977.49018400791,71112.14203979279,85211.04129684465,119527.89807652213,105254.72226795224,82264.05319739023,81184.82156811019,72823.81627843574,83193.39402835298,83051.66161676188,109548.35826734999,76280.71472414907,4
129950.96355092092,148065.33134762425,92822.54789144373,179014.42843847614,91048.13230611471,69228.06879616604,86194.22748020024,122978.29216459897,103483.43592684699,83822.79680046998,81813.64319487133,71620.51011568429,82379.16468133505,81956.44849019629,110961.03322041432,75119.38513748469,4
130358.30174187443,149341.19127287762,95552.96993887066,183482.9221347478,93174.3419974258,70394.5169323107,86183.11866320595,121543.84661243518,108834.55530816977,81282.52104312433,79319.74730727045,73242.79972825048,85201.54180545114,83318.98848044735,111313.16260256323,79389.93178486012,4
129471.56333584349,146541.61292810595,101641.87570117423,177847.39915697565,91698.85864244206,70416.37693838798,85247.94402694036,120562.91795526957,101995.74851939065,83861.35355965538,82755.97038936263,71862.46774941299,81509.30184236787,82242.41670875749,109450.54703361358,73711.53816122272,4
130518.07201124098,149878.79543051665,89183.1027487639,182829.22301640786,91967.81718347278,69218.61400826144,86773.53999299288,123641.91545747704,107674.3656604726,82268.05415964773,79742.0164635201,72477.25248065621,84656.9862552865,82632.78992566942,112181.483171163,78621.43410699775,4
129723.9145307439,147355.77521989052,103246.19451119835,180623.66463228044,93010.63782103512,71121.55212420847,85240.34443382555,119662.3438194208,105337.46842592579,82265.6178195021,81176.77494010628,72851.35362760468,83261.83506987513,83073.4545676058,109668.00715541925,76372.60274560485,4
129966.4756615729,148139.02504909338,93070.62990315318,179342.8873232469,91054.27903583992,69243.82677600703,86180.57056433804,123017.98886275159,103413.45261495741,83877.55857438548,81891.27080336462,71623.41584246348,82361.6409136821,81968.22785952424,111030.94947707052,75085.83516905727,4
130329.73621246056,149371.67905231466,95419.5747279614,183476.52953583354,93139.87560747571,70340.35865549548,86158.50939256065,121468.45417838743,108798.14431645208,81270.76402554083,79297.84259770425,73201.4266492637,85163.9461712773,83283.31509629669,111322.3268177899,79368.20588924956,4
129403.94930886618,146459.31380502152,101791.31946460242,177608.39195351506,91687.43690102542,70399.83664749106,85179.99472379622,120358.44419699242,101965.12662948688,83836.40901284326,82734.11038328534,71841.8594410252,81470.72273143801,82225.18351378245,109398.08748937697,73680.96097480787,4
130450.03330111901,149743.63443179542,89184.30974296448,182405.0539618795,91908.71917113295,69173.95522283975,86729.8199808383,123535.25293293632,107539.09290302909,82282.24751737685,79746.26329496661,72410.26430252366,84556.49281221544,82571.63555283971,112108.43767028305,78503.43924801819,4
129686.69887622583,147280.5168963095,103216.35493235051,180388.30076316604,93004.78166398784,71106.91173159024,85224.42999177337,119610.26425483993,105370.21373155281,82231.10672606311,81124.98594820332,72839.48485129891,83259.30932275168,83056.44489007532,109652.38328604499,76401.280033741,4
129900.42625670748,147985.66973038553,93268.01815843799,179020.9104443682,91023.76890465843,69235.51192706966,86126.4793427562,122890.11453272279,103306.94655262788,83902.72663864215,81922.56324560204,71594.02329850475,82289.0200959468,81936.37662367543,110980.68040379052,74995.73528715794,4
130309.57493896187,149310.61408646277,95294.38260726722,183343.49195283555,93106.9291361486,70304.7970300671,86162.57741005153,121501.73592588138,108790.20944717043,81279.25768843385,79279.46946376198,73180.68423040918,85156.32422641804,83250.59214241411,111343.3821610668,79370.82104335082,4
129403.41286699926,146409.08943523045,101960.09748698444,177631.7718782153,91702.18905236591,70424.51297336972,85178.22893598425,120378.40430479102,101966.73595508766,83825.16608538224,82730.6235111503,71852.74474057493,81475.01426637343,82218.9026735905,109396.81343994301,73694.23791101431,4
130458.5940192454,149745.8919579854,89191.19408025671,182545.28880659209,91880.935952775,69159.80656859954,86740.39235596567,123610.66771872852,107487.50507682623,82346.0840995412,79808.17762710783,72416.47808748223,84558.39271049412,82559.81148002285,112194.20131375807,78496.01846885902,4
129707.57540554708,147321.30882994042,103144.20350124879,180583.25267830523,93017.92448972756,71100.87676058731,85250.17920138588,119659.37103740824,105432.57509858313,82197.86968205807,81085.66922970644,72859.40025560859,83303.07403839518,83049.94053243882,109694.51632434325,76475.73369452164,4
129900.49331194084,147966.84956155415,93400.94398271371,179110.40682916724,91016.37047724372,69242.61978180645,86121.36079327593,122883.20784368609,103238.14788319444,83925.23484530865,81967.0432170681,71602.56166488669,82270.669313749,81926.76537355964,110989.37523238364,74966.23098447693,4
130351.77503249349,149383.34666292032,95117.82617781476,183551.56434197002,93099.39659826715,70288.68142231482,86208.30907920707,121623.84350584073,108810.37072066912,81280.35292391217,79264.91847812159,73188.1273613128,85185.8061773546,83240.62326438705,111402.90485655128,79417.06680262886,4
129421.78600094153,146444.4275432143,102040.56376702354,177801.80159828684,91727.55828232269,70444.98717129078,85182.72163661977,120358.33243827015,101997.44725196925,83804.20014908316,82729.1259442718,71886.0711915578,81505.77026674393,82237.07464183267,109417.51115530863,73739.43313830295,4
130470.46279555117,149751.63635631042,89127.04457366999,182536.10223962096,91861.51228684334,69149.59182138347,86752.30583576034,123631.74541374987,107407.91051482088,82361.70796891546,79828.80828724007,72398.77550587362,84515.16443671756,82537.61619777873,112170.59787161325,78441.43550889916,4
129727.28964415666,147385.16776384925,103018.34082822096,180690.22812726835,93038.53279811535,71099.40154545326,85261.10920442453,119659.1922234526,105523.43493979395,82171.24875441179,81049.01236879974,72886.35645942169,83361.12151874561,83072.78401527215,109733.87774632905,76563.66545720882,4
129880.1085209976,147932.78550300427,93507.60650725443,179019.97167110106,91011.3860382302,69250.48759585472,86089.30839172703,122794.65023215416,103167.42696373785,83936.38836579185,81993.28416505863,71596.19141771691,82227.68690916145,81921.26684442363,110944.64939172857,74912.22916987291,4
130362.61562855431,149404.6702271307,94925.66823073248,183495.72968432066,93092.71342667502,70276.87970124242,86232.89599810791,121681.75687572443,108808.35906366815,81256.5259643228,79227.76987883686,73166.75909361352,85173.06568301507,83219.0985344766,111379.8378562734,79419.68195673013,4
129437.00753891558,146483.9677791557,102165.86764643999,177948.0937657468,91765.89152406354,70482.02401185322,85183.97333430927,120394.00582242082,102052.29843286258,83798.83573041389,82740.95001708866,71917.4753925175,81548.57385737584,82270.91518293801,109452.24576619218,73796.29597619725,4
130414.27050999053,149702.82014642004,89074.02623582199,182380.28822902302,91809.70094319595,69106.63176854036,86703.28846016985,123516.38806061604,107317.49770849917,82382.22687032544,79855.6974358198,72365.3819996574,84462.01198840285,82510.21295907653,112160.62899358619,78375.76608368946,4
129699.4617223098,147340.3748679608,102917.04272234949,180509.26840415818,93035.00122249141,71087.1304377473,85249.8215734746,119608.87844668371,105553.1627599195,82099.94668959937,80975.85510919751,72866.66457255658,83354.88538204257,83048.91235219387,109671.382268832,76580.76454171712,4
129875.36995117307,147862.98100507035,93696.6128583685,178903.63084121118,91015.72227665452,69290.38545970744,86087.65436263733,122839.17490710913,103094.42616634682,83940.63519723836,82027.88466547546,71579.29349890871,82183.38575165102,81912.0355739636,110896.34727196065,74848.59375340864,4
130367.95769547913,149450.2677858195,94781.70064469584,183631.2930144421,93074.47440319949,70255.35497133195,86239.3556522555,121752.54485041439,108861.71267768297,81292.82519731822,79253.29557100483,73179.23136701959,85219.44555275983,83236.71170910737,111501.74427053265,79486.29015520694,4
129396.72969540712,146419.79592082452,102269.7362029238,177807.27777567838,91769.42309968747,70489.37773577902,85140.7003570438,120265.97503018082,102030.25961282964,83747.04673851094,82706.59538586086,71896.30829051833,81507.02196443343,82250.8656681616,109375.73574492167,73767.14930142752,4
130418.5843966704,149665.96211981322,89106.36921004883,182300.9842396956,91792.04306507624,69118.0088064681,86719.24760571095,123615.24982634185,107224.6038585429,82402.54460603531,79883.95004081131,72326.28879860506,84400.09765626164,82480.55219418433,112125.46969955799,78295.41156237264,4
129720.85234175353,147421.06466544446,102866.17015196921,180757.12689842307,93058.69407161404,71097.21107449663,85274.16262318644,119704.2533402745,105660.20526411597,82095.96807908632,80967.09322537103,72891.22913971294,83421.87356017514,83075.84620426253,109773.17211308147,76680.85565338799,4
129860.90837251049,147855.15789451098,93895.07399738718,178975.22347870155,91016.32577375481,69311.53020996216,86070.89055429585,122832.73760470601,103021.29125848904,83960.88587771487,82078.64547713345,71565.01073420176,82141.87856219753,81903.47485583721,110888.27829221229,74789.94277595793,4
130348.17640163618,149474.3406145979,94626.82540736502,183652.348357719,93045.88652204115,70221.64854069335,86237.43340223235,121761.17262377414,108858.98576485942,81291.0370577618,79251.03804481484,73156.25377371952,85215.37753526897,83217.10922922006,111534.80250058205,79485.86547206229,4
129370.98048579461,146404.08264447245,102404.60662896713,177813.0221740034,91786.20925977342,70509.85193370008,85118.16979863284,120214.38720397798,102046.59873802647,83717.98947071904,82705.45544689363,71896.64356668515,81512.58754880281,82256.5653629977,109361.40827672581,73775.8664817651,4
130396.76909408202,149640.03409624507,89127.11162890335,182238.89109359874,91760.32593969417,69109.71630927519,86709.77046606189,123633.71236726193,107137.9908487786,82435.89340876263,79932.49802976823,72292.18003656626,84352.37668184956,82454.66887410509,112123.70391174602,78222.65663417062,4
129693.85143445153,147414.47090083014,102773.29865375742,180705.2484995423,93051.20623722152,71078.39090566528,85253.15198339843,119642.58487732231,105719.16916598906,82055.91375302241,80926.39069871792,72888.88220654514,83446.54988605379,83071.44291060483,109783.72213646438,76726.69908126582,4
129797.02708685723,147726.8141778486,94062.04152846833,178670.81507096472,90985.59212512877,69310.36791925048,86011.81489370047,122694.7602861834,102913.08646358091,83954.33681658946,82094.20229127436,71529.20323958436,82062.77573857018,81870.08134962099,110788.27658751924,74683.66023107294,4
130324.57295949137,149428.36307625333,94477.67221661475,183490.1640999513,93011.88951872462,70192.68067987927,86239.02037608867,121794.20850207908,108844.41242747456,81281.67167683503,79223.0983642457,73123.88844774825,85194.72452339227,83185.45915907135,111523.13488997638,79466.24064043054,4
129379.72001787664,146405.78137705105,102565.53918904535,177926.43492536963,91815.17712058748,70552.36495165408,85121.61196727896,120284.12464667854,102087.30126467958,83707.37239210277,82701.78976080296,71918.57062799581,81537.91207527067,82277.73246499688,109380.13903857936,73808.99176704786,4
130381.27933517449,149632.92624150828,89149.70924254767,182303.1300071633,91727.8488550006,69099.12158240337,86693.43134086506,123669.96689676844,107058.79861817344,82483.50262445243,79987.2821554282,72278.12078930388,84314.82575116465,82447.87394379068,112162.12656046469,78174.06394172477,4
129716.67256554039,147487.15877379882,102723.02958047744,180959.63370318816,93070.96517932,71089.36561219282,85273.33560864159,119743.12302388228,105783.58689350926,82030.8127439991,80899.03216350463,72904.99781429741,83483.78789231634,83091.89475678143,109840.6296778476,76797.1294280445,4
129773.40129296796,147703.83658454855,94252.25487378298,178732.70705136147,90980.38416867069,69323.73426243475,85977.92964910623,122645.698207104,102820.4161310692,83967.814918496,82138.74931797378,71520.5307627357,82008.88568268844,81874.03760838957,110777.19012226941,74624.04812861064,4
130329.26682582698,149465.71284123813,94329.99424099854,183596.6925140253,92990.76712021437,70167.28909817805,86246.32939652556,121839.98487472355,108835.11410178115,81291.26057520635,79227.7475270924,73115.23832264404,85192.15407277991,83188.14136840598,111577.7849051696,79483.49618715003,4
129327.81926725141,146322.16350104375,102649.80526564184,177744.2458563144,91808.672762951,70542.61959107156,85070.09119630947,120094.51479846417,102057.4393340873,83657.37153975625,82671.1678708992,71911.55218023685,81501.85871146426,82277.28543010778,109312.01092147958,73789.14341797154,4
130381.21227994113,149577.76213619258,89167.81415555647,182191.25952616447,91699.9985814093,69095.96998643517,86706.70827707152,123726.71797594047,106955.46650355656,82512.40343003314,80020.25097849977,72252.46098666919,84260.84628830508,82433.76999303937,112139.32778112029,78097.3304030097,4
129728.20606567933,147515.29962006805,102617.48464315948,181044.3244629293,93079.01180732391,71080.76019057754,85291.59698386157,119768.9169369837,105850.46331291954,82003.92359541936,80858.37434034042,72920.39816622713,83528.53608471586,83111.87721632449,109888.32830051522,76866.66570504496,4
129762.6277521405,147665.9503776968,94405.47608202412,178710.936452262,90973.94686626755,69337.5699922526,85960.02590179753,122597.19492163598,102745.02369702146,83982.65647681433,82170.35468463358,71516.82037315612,81978.5543654626,81881.6819049933,110753.96665978034,74569.93455528433,4
130361.02865469798,149520.22874596462,94160.45625930504,183713.99446892674,92979.3453787977,70157.72255155117,86286.22726037828,121943.87578295181,108835.04704654778,81298.45783692096,79214.8952740306,73112.08672667584,85210.6166137,83191.40472309646,111622.77896675814,79500.68467863616,4
129392.32640174944,146421.42759816977,102776.1596770477,178104.3324594894,91859.56768507573,70598.27543476528,85110.34668807348,120222.59029419307,102110.100044024,83653.66115017667,82668.59742028682,71955.7862825139,81564.42124419466,82323.84411380817,109368.78435239606,73855.97513389292,4
130371.4222158697,149589.1168223759,89129.52561730452,182233.28080574048,91662.82763038011,69065.9068901428,86683.84244249374,123647.8833732466,106860.69510706606,82545.59577054928,80052.23632481531,72242.73797783113,84233.44304960288,82429.16553368157,112162.12656046469,78046.39077739607,4
129747.80854556663,147541.56291980302,102486.01168227335,181049.59947462077,93090.14297606266,71072.46769338462,85306.52794915771,119742.49717503753,105892.43988900661,81956.29202798511,80788.72630461768,72930.88113437667,83564.12006188871,83115.9228820709,109876.0348410648,76914.67725213495,4
129761.84544108456,147610.20512702529,94551.18710412826,178602.68695386493,90979.04306400336,69357.50774830673,85949.05119526997,122535.19118251697,102673.56516999783,83995.1734537093,82194.27105120076,71527.34804479458,81964.78569087813,81891.58372778699,110714.09114767208,74524.31464485105,4
130372.87507925929,149510.50573712657,93979.42948096151,183624.60984284995,92959.25116053238,70131.32514134946,86312.51291185772,121969.4908820976,108819.42317717352,81297.80963633176,79188.7437330179,73102.96721493808,85216.87510214747,83185.10153116006,111615.55935329908,79499.27651873548,4
129372.81332883994,146359.289748584,102840.28683188997,177953.36877743827,91874.27513292732,70606.90320812502,85094.40989427685,120113.53613299564,102118.83957610602,83613.1821409681,82638.9590071391,71963.60939307325,81576.06650305587,82335.10939301366,109325.33256117495,73863.03828514079,4
130394.89154754777,149577.18099083676,89169.93757127972,182238.39935522072,91658.55844718915,69088.52685553156,86715.60427136473,123775.62359280868,106787.02375734136,82590.50042515999,80098.23621490433,72230.55627710298,84212.2759476037,82430.99837672692,112162.93122326508,77992.76894244779,4
129748.70261534484,147589.328597704,102380.6679106555,181186.4592059206,93093.98747610897,71061.40357987923,85311.42298119342,119758.6127827898,105971.09567774483,81946.16668774685,80775.58347887796,72948.5166607519,83618.54655963738,83141.96266436133,109955.56234783678,76992.9754129619,4
129767.12045277601,147618.18469979582,94747.90480707942,178706.3766963931,90992.05177927636,69394.90221678045,85948.3359394474,122595.92087220203,102606.219363954,84018.62043364292,82248.20581057141,71515.47926848881,81925.78189680362,81897.26107087864,110708.2349906248,74473.28561225958,4
130391.67289634621,149602.2596481156,93839.46285718237,183842.11466814455,92944.67782314752,70112.25910332908,86332.13774348948,122085.71995326519,108830.86727033464,81325.5928546897,79200.70191630148,73096.03817415693,85230.84494243204,83190.0859701736,111704.89927588693,79527.55147547144,4
129402.98818385461,146458.91147362132,102942.63546975082,178250.2669990381,91912.02722931234,70639.17912711849,85102.12124611394,120177.48447388226,102171.29912034264,83610.56698686683,82651.18541135614,71989.40330617467,81612.14221860674,82366.91592537356,109387.29159680505,73921.75631782488,4
130385.34735266535,149600.02447367008,89134.37594585132,182225.88237832577,91629.56823463061,69065.32574478695,86696.20295717752,123739.65963598009,106701.70714875545,82619.51298946298,80131.29444495373,72207.15400065828,84163.66090341342,82418.68256553204,112161.32189766431,77934.69911035289,4
129785.18066229591,147684.368215128,102214.50504237475,181305.63870735632,93118.06030488733,71061.06830371241,85339.11679257355,119811.31819621542,106062.89429222279,81911.36502162994,80722.56514102998,72967.15801562763,83675.9011359097,83170.10351063055,109986.89949356312,77082.42709427203,4
129759.54321140567,147598.87279258642,94838.45172386787,178600.54118639723,90993.45993917703,69407.17332448642,85917.6246425658,122507.22915020338,102552.68693598354,84008.3833346824,82261.10276712212,71520.79898366917,81902.3796203589,81912.19203617479,110655.6636876659,74436.38288216387,4
130412.37061171183,149639.02826774458,93614.91723238435,183784.78244361668,92934.86540733164,70097.03756535501,86349.75091812026,122132.3233404545,108839.9867820724,81310.90775858257,79178.14900614608,73095.50173229001,85246.98290192877,83196.27740338772,111709.07905210007,79549.38912980427,4
129425.049355632,146495.4342240613,103003.70043560272,178307.62157531042,91957.84830544572,70683.27911892881,85100.55662400206,120185.4640466528,102233.57108039512,83572.88194571518,82635.1592105817,72031.82691715084,81660.33257965239,82410.23360612793,109388.99032938365,73978.4179900191,4
130392.18698646867,149629.01468622862,89155.61010308386,182272.01637888153,91619.53230137019,69078.73679146013,86684.82591924976,123794.10848547322,106639.07756079169,82653.08530963484,80183.99985837935,72212.58547456092,84145.3101212156,82427.69031854752,112183.5842351418,77890.06267667565,4
129838.51192456626,147818.85866151555,102178.9657686908,181632.80119094864,93159.38868038521,71100.45207744266,85374.41019706849,120001.53154153009,106150.37902002085,81893.01423943213,80704.77315244355,73002.04908872236,83729.79119179145,83193.28226963071,110061.48726481048,77152.90214453962,4
129762.33717946259,147654.03689790212,95096.189689182,178813.24038663393,91010.80489287435,69449.12754882903,85893.59651727635,122540.55560118624,102503.15547027058,84047.00714910116,82332.74010810138,71538.65802748896,81876.16102411284,81921.66917582383,110704.30108360066,74385.44325655024,4
130394.5786231254,149701.56844873054,93522.00103068365,183857.17974390744,92907.0821889737,70066.19215800668,86336.89866505846,122136.39135794538,108838.42215996054,81340.32265428576,79196.96917497745,73088.86326418677,85232.09664012154,83180.74294099129,111777.16246571094,79533.25117030754,4
129399.61307044186,146482.24669483266,103180.3015685441,178245.1708013023,91969.53826779584,70699.0370987698,85075.70148416776,120125.51666802367,102245.43985670089,83554.03942513936,82628.8560186453,72030.75403341699,81631.07414616039,82398.0519053998,109356.9155760903,73950.07597804976,4
130379.64765782925,149600.4715085592,89269.89457248386,182182.31882838235,91587.79282424365,69070.19842507821,86683.93184947156,123843.37173025272,106554.72207721736,82712.45154290814,80245.82478354273,72186.92567192622,84076.17617561534,82396.62139375466,112192.48022943501,77789.43512313785,4
129795.55187172318,147813.136614935,102114.34687547051,181539.12502993646,93143.74245926649,71054.0722076979,85351.03027236823,119900.68047054774,106228.38660816988,81888.90151845236,80682.35435275488,73007.59232134729,83748.23138096707,83186.64380152748,110112.04691076839,77187.25677576743,4
129676.86410866548,147498.75932917112,95317.76253196747,178393.63108797444,90985.0780350063,69430.0391590642,85830.27402523447,122336.99826443175,102409.09932960264,84051.41044275886,82352.11907054414,71501.24120727077,81784.27300265706,81878.75382646965,110598.73379453825,74257.6806852437,4
130353.3173028609,149614.6648662883,93444.08284951244,183570.74213871267,92871.49821180085,70025.10965169784,86331.53424638919,122142.00164580366,108814.55049688226,81353.48783176993,79185.32391611623,73050.1947462791,85192.48934894674,83133.44664972385,111759.41518061343,79471.89563177772,4
129351.62387509631,146401.75806304908,103346.48678856931,178106.81350312397,91981.1611749126,70704.71444186145,85045.81720183101,120064.54110914959,102282.16377284096,83543.84702966774,82617.92601560664,72030.21759155007,81626.58144552488,82384.57380349324,109345.78440735154,73938.36366395517,4
130317.1074768433,149490.65738805025,89374.00899815667,181958.57786638473,91547.02324235717,69047.55610794498,86646.98441588694,123784.720752802,106455.14505566897,82757.02092135203,80286.61671717367,72142.15512778224,83995.7769508096,82347.22403850843,112164.51819712142,77667.52870887861,4
129805.16312183895,147823.30665866216,102113.13988126992,181634.18699910486,93158.76283154046,71063.19171943566,85379.84167097112,120022.89980922936,106297.96758865924,81880.60902125943,80651.88892506229,73003.36784164523,83765.73279687557,83168.78475770769,110150.38015250924,77209.54146498936,4
129693.06912339559,147526.9225271848,95610.48097735418,178681.49920481435,90999.8301863468,69470.6969822284,85836.84543810433,122443.21375408338,102397.34231201916,84116.36461214598,82439.31322566429,71521.51423949173,81780.36144737738,81886.88986145137,110687.51492351473,74228.01992035151,4
130386.39788465475,149721.26033559567,93383.1966976162,183927.34186975265,92856.8131156937,70007.63058753379,86368.2358107848,122284.04698181713,108828.3862267001,81397.49841660242,79214.22472169694,73048.67482765614,85190.05300880111,83116.28050998217,111871.62093777907,79469.63810558774,4
129344.53837210398,146433.83281634247,103456.7255922229,178257.79953691954,91993.27582040738,70702.25574997136,85033.92607378079,119976.60934646241,102316.58545930214,83520.53416020086,82616.42844872814,72046.44495802461,81625.19563736864,82379.27644005734,109381.27897754658,73947.37141697067,4
130304.00935459249,149457.95678591213,89392.8515187325,181859.49258321436,91511.90865181788,69026.29959896799,86655.88041018015,123742.05127263682,106365.02282202516,82780.78082570802,80331.7672409734,72122.23972347256,83930.24163606664,82313.13762821408,112152.18003418208,77582.6591351818,4
129824.67619474843,147852.52038866526,101940.38324837486,181637.00331890624,93161.62385483073,71045.57854480488,85420.5665493687,120018.40710859385,106383.12773503397,81843.9745120972,80614.78502926648,73024.82551632232,83807.88818691828,83173.34451357658,110183.7066034921,77277.02138149994,4
129710.25761488172,147483.87306736386,95712.02495241463,178583.41975014447,91010.51432019644,69493.76398250628,85858.34781627034,122404.29936698668,102352.75058183081,84099.37728635994,82452.59016187074,71531.97485589681,81757.85324071089,81886.48753005118,110632.93196355486,74181.30477443991,4
130410.7836378555,149721.75207397368,93105.43156927009,183831.7881622062,92835.62366195007,69973.09714235034,86407.88780544851,122258.90126930492,108847.51931995385,81383.17094840658,79197.81854126675,73064.20929005257,85223.20064582833,83118.15805651642,111896.49842935783,79490.73815235354,4
129403.1446460658,146451.8706741179,103427.24364128633,178295.14930190437,92039.2757104964,70742.31007603527,85083.79281566058,119993.39550654836,102395.46476548491,83464.6995025515,82568.68512257161,72096.73638304906,81697.14590277028,82415.77683875285,109360.3130412475,74012.25853112442,4
130352.78086099397,149467.25511160554,89330.40074472436,181887.32050506122,91509.85229132799,69042.12463404234,86688.73747452945,123782.15030218964,106323.78385350513,82799.6904015172,80357.15882267461,72144.43500571669,83950.35820607642,82326.61573012063,112154.14698769416,77549.71266385469,4
129854.47107010736,147883.96929311389,101711.36727468578,181654.05769992564,93178.07473874984,71037.82248947889,85443.61119790211,119980.40914301982,106470.41129713194,81779.26621189907,80537.38093821776,73056.31912425986,83877.26800170756,83188.87897597301,110178.38688831174,77330.24088504803,4
129706.01078343521,147415.4990810751,95826.51058751471,178423.67183252238,91022.11487556873,69522.06129098669,85842.74629864053,122299.67085119139,102308.94116269841,84075.75149247069,82451.24905720343,71544.71535023634,81748.10788012837,81890.35438184194,110555.75138995069,74112.21553232856,4
130431.10137356537,149727.8317484655,92936.74295386589,183783.9777808163,92826.23592927885,69967.24098530304,86436.54274184023,122318.60277874504,108858.71754392596,81385.89786123013,79182.97698294843,73066.35505752028,85241.75259372624,83111.16196050191,111904.6121125951,79466.24064043054,4
129411.81712291445,146456.34102300895,103523.35614244416,178353.06267178807,92076.80428943686,70776.46354156299,85086.58678371749,119990.95916640272,102457.75907728185,83433.13883938061,82551.96601771904,72126.08422351888,81733.98157763261,82434.3064349063,109360.49185520314,74019.85812423922,4
130306.73626741604,149397.83059332735,89367.90697192037,181729.71835490686,91471.36258737596,69019.41526167575,86652.66175897859,123688.31767896625,106234.01924777261,82826.53484660803,80399.71654411752,72124.89958106275,83891.57311815895,82298.18431117348,112137.13731016366,77438.66919740071,4
129830.71116575136,147862.33280448115,101592.29953197236,181556.67114933385,93169.87164853474,71017.2141810911,85444.1699915135,119942.14295651234,106527.25178328178,81744.62100799335,80488.87765274974,73054.50863295897,83885.33698145593,83171.3328565756,110174.78825745443,77341.88614390924,4
129676.9088121544,147340.95601331664,96020.03199100877,178310.86257825646,91022.67366918012,69548.25753548832,85827.52476066646,122265.87501357497,102264.21532204334,84090.61540253347,82485.49192970895,71545.7882339702,81705.90778659676,81882.01718116012,110513.61835165243,74045.16029896264,4
130429.31323400895,149737.4429985813,92814.30009773972,183825.395563292,92804.26416447927,69953.69582816314,86458.49215489533,122414.22354152484,108865.40071551809,81412.80936155432,79190.6883347855,73065.17041506415,85236.99167215725,83101.64011736395,111943.68296190297,79457.0540734594,4
129389.15245403678,146465.21466555772,103600.98375093743,178449.622207835,92093.1881181226,70789.27109113587,85062.6257136614,119937.2032209877,102532.88329039613,83423.438182287,82543.49470657048,72161.534090225,81766.9504007042,82455.31707469429,109392.74542245215,74055.39739792317,4
130291.93941258662,149381.87144778628,89443.63468213496,181731.41708748546,91454.01763367864,69028.22184899115,86647.40909903159,123726.1591823291,106157.64333696883,82871.55125994101,80445.42586152862,72108.56045586593,83841.34874836788,82278.82770047519,112123.65920825712,77347.38467304525,4
129836.90259896549,147926.92934595697,101497.41637675957,181721.24704375828,93182.27686670744,71020.52223927049,85458.7209771539,120007.56651253301,106620.34679893813,81735.5909032334,80464.13427163771,73070.26661279995,83930.68867095574,83178.79833922366,110234.48976689456,77395.12799920178,4
129648.07506180706,147334.69752486915,96216.10149337072,178364.68557890484,91029.93798612809,69571.65981193303,85790.28675440393,122220.7468415197,102240.09778977607,84111.38017313245,82533.99521517697,71547.6881322489,81681.74555084057,81884.0288381611,110515.42884295332,73996.4111443056,4
130414.04699254598,149777.60908336748,92683.00595080924,183871.88719175901,92782.13593746853,69927.0078452835,86455.92170428297,122444.33134130614,108872.86619816616,81436.99394905496,79205.61930008166,73043.71274038705,85223.84884641753,83085.16688170038,111977.99288964187,79442.07840467435,4
129373.66269512924,146474.33417729547,103673.44810646154,178459.83695505108,92117.32800213432,70805.67727156608,85049.68405362178,119892.00799369908,102584.38170962116,83391.7881121383,82524.00398540545,72160.55061346896,81764.98344719213,82460.59208638575,109368.02439308458,74070.14954926366,4
130296.07448531086,149386.766479822,89492.58500249208,181735.8427328876,91443.71347948474,69036.49199443961,86657.44503229202,123791.9180145166,106102.21101071966,82916.07593489598,80496.58900458683,72084.42057185419,83793.13603557779,82272.70332249443,112110.62814123966,77280.4411984016,4
129846.67031129246,148003.81934688322,101342.58584291767,181871.2719525423,93193.63155289073,71001.52325648347,85467.52756446929,120021.55870456203,106731.27850666983,81731.92521714274,80438.1838963251,73091.72428747706,83986.74684604966,83210.62722332803,110304.27191308403,77480.2434420876,4
129642.62123615996,147316.95023977166,96369.47916382304,178338.37757568093,91043.0361083789,69591.59756798716,85779.4461583431,122177.80914042106,102196.62364681049,84110.5084550987,82544.25466588196,71540.55792576766,81644.59695155585,81891.11434115343,110456.35318235794,73943.5045651799,4
130456.18003084422,149845.3125173226,92537.47374266073,183998.1298444426,92782.42651014644,69922.71631034807,86509.05180085324,122589.8859011991,108883.9973669049,81454.85299287474,79202.51240760236,73033.76621410444,85230.24144533175,83087.15618695691,112006.55841905576,79448.80627975539,4
129435.84524820391,146607.37176029346,103751.20982542155,178873.970076319,92178.84000287534,70852.10184479975,85092.55469948707,120031.01349246663,102702.8906587232,83397.51015871885,82533.8834564547,72215.6476635513,81850.83649764497,82520.96414815953,109462.16994073034,74174.84512029233,4
130296.14154054422,149438.75663742505,89525.71028777484,181874.51295548832,91432.00116539016,69029.048863536,86645.5539042418,123782.6196888232,106042.53185302399,82959.46067088374,80557.78808090545,72082.45361834212,83765.50927943102,82279.02886617529,112139.88657473166,77233.83781121229,4
129889.51860541328,148127.0668658098,101230.40243749648,182115.9341473501,93225.3039747839,71012.4085560332,85506.17373063252,120145.05209267761,106815.5669350108,81710.78046688801,80408.90311108866,73104.82240972787,84026.55530292455,83226.4969618913,110340.54879433499,77537.26274219308,4
129612.55813986757,147327.5673183879,96554.77512535753,178353.97909331074,91054.1896288621,69603.5781030152,85731.50166648647,122075.68402000476,102169.84625695304,84131.34028093104,82587.70645710308,71550.72796949482,81623.25103560103,81904.10070468196,110457.24725213615,73896.45414310148,4
130408.90609132125,149824.50304323473,92416.77432260208,183779.55213541415,92750.15059115298,69881.63380403921,86473.80309984721,122498.22139718788,108841.439645462,81461.11148132224,79190.8895004856,73000.5291700994,85183.0569127866,83053.94149469632,111981.79268619927,79378.75591263246,4
129346.75119480505,146475.13884009587,103828.2115850701,178410.0596201491,92177.6106569303,70838.55668765983,85022.75020155314,119785.43487613618,102690.32897833931,83339.59678883514,82465.08478702126,72189.69728823869,81801.68501158775,82488.4647117215,109345.42677944027,74111.47792476154,4
130257.0483394919,149320.71707495654,89670.03550172276,181538.6556433029,91417.29371753857,69039.95651483018,86634.26627329187,123797.41654365261,105936.36106686128,82997.32452599103,80581.74915096154,72040.6558562107,83688.84279594933,82237.09699357713,112074.19479777751,77106.47757130595,4
129894.92772757147,148153.39722077813,101205.2343732398,182190.14193894173,93244.16884710419,71016.78949794645,85529.26308265486,120238.30357054515,106901.19646801907,81726.31492928445,80393.43570392558,73117.31703487838,84072.93517266931,83231.01201427127,110425.4183680318,77592.15862657531,4
129606.32200316453,147305.5732018439,96837.92702411737,178413.70295449533,91074.55206806089,69643.45361512346,85726.76309666195,122100.3156423945,102116.02325630466,84162.29744700163,82629.5489227234,71545.83293745911,81587.37648575027,81898.42336159032,110455.10148466844,73842.76525291982,4
130441.27141729253,149910.5349076432,92379.31279889499,184061.72055741795,92746.68607076241,69878.45985632656,86515.77967593429,122667.89348934812,108841.26083150636,81522.26585415195,79233.78249809534,73000.5291700994,85198.30080250512,83059.03769243213,112091.45034449702,79390.20000579358,4
129374.15443350727,146575.02878606663,103959.90806340076,178779.71276995097,92216.27917483797,70865.44583623957,85036.9212075378,119839.57080120694,102757.11599077178,83349.05157673974,82475.90303133763,72224.7001200557,81848.37780575488,82527.96024417404,109429.7822630146,74175.42626564816,4
130235.07657469233,149307.77541491692,89751.686424218,181528.2397303867,91389.04111254706,69026.09843326789,86614.9990695714,123734.87636266666,105812.51005083443,83033.57905549754,80626.29617766097,72010.81627736286,83614.94792878008,82221.5625311807,112054.27939346783,77005.76061079033,4
129894.27952698227,148173.33497683227,101072.39795594192,182172.66287477768,93245.9122831717,70997.63405294825,85543.7917165508,120213.40372722194,106939.55206150438,81701.6833068947,80347.77109000339,73119.17222966817,84094.37049560196,83243.01490104376,110434.40376930282,77628.63667352637,4
129556.20939209574,147200.38589243722,96992.39993004799,178155.2944368475,91064.65024526718,69642.5371936008,85685.16650023061,121920.00411987354,102043.04481065809,84162.31979874609,82644.36812929728,71541.47434729032,81547.54567713091,81911.07444895201,110383.88882683383,73776.15705444301,4
130387.0237334995,149784.13579274845,92187.87010763527,183607.7789792751,92692.57249743611,69823.40750973315,86500.22286179339,122532.59838016015,108766.38248758108,81508.3407173563,79200.27723315683,72955.22218408849,85143.78489777862,83031.2991775631,111998.24357011839,79316.86393223572,4
129334.99417722157,146448.4285054718,103966.88180767081,178392.89348040742,92222.023573163,70866.56342346233,85024.15836145382,119700.16297103919,102781.63585443924,83296.23440459186,82415.21804514148,72220.40858512027,81852.37876801238,82541.97478794752,109327.81360480949,74176.6556115932,4
130189.59077472577,149174.0002243519,89777.23446813041,181169.13660396775,91356.67578657577,69010.60867436037,86599.24108973039,123651.77257678183,105725.29354396982,83066.16789891338,80658.8850210768,71987.12342824023,83574.17834689359,82226.88224636106,111987.06769789073,76920.42165045998,4
129827.2913488497,148050.46743756146,100858.1564853378,181778.73573049734,93218.37493400276,70948.81784305786,85523.20575990746,120050.32539967602,106965.72595426155,81648.93318998018,80265.4496151745,73095.03234565644,84086.97206818726,83235.66117711797,110351.07646597344,77619.15953387732,4
129503.21340599221,147038.06752420278,97143.81064698823,177810.9658135135,91066.10310865678,69661.4914728989,85660.80309877433,121829.63601704074,101980.1693535053,84143.25376072571,82624.40802149869,71519.12260283502,81496.5389962839,81910.20273091826,110252.39351420326,73686.28068998823,4
130326.85283742582,149680.22253277572,92025.43998067857,183374.85145030636,92654.48512488428,69782.72733482449,86480.5086231838,122474.28267887625,108736.3640947776,81523.2940343969,79188.5425673178,72931.81990764379,85125.90350221438,83028.46050601728,111981.32329956572,79271.33342878026,4
129309.62494726479,146381.12740291684,104025.57748861045,178356.84011660103,92251.25965491054,70891.2844528299,85023.95719575373,119707.3602327538,102815.40934031122,83259.53284019623,82362.53498346031,72227.27057066806,81866.19214608576,82563.45481436906,109283.6465577658,74179.29311743894,4
130152.4198236966,149100.9994269609,89861.85817263821,181161.24643817503,91334.48050433166,69013.04501450599,86583.50546163386,123667.19528045598,105631.97501086892,83117.75572511622,80705.86838792186,71974.15941645615,83533.74404117395,82230.27971151826,111981.435058288,76832.3334255616,4
129827.60427327208,148090.99115025892,100734.1713588442,182018.8605211807,93225.99687886202,70936.90436326318,85540.93069326053,120130.18818261483,107033.80936787241,81650.94484698116,80238.67222531703,73109.31511036339,84139.47631591276,83261.0527588192,110419.04812086203,77674.99419152668,4
129505.51563567111,147034.62535555667,97366.79164967439,178017.20535960264,91094.26630667047,69701.25522628489,85666.10046221023,121875.81472108541,101928.82739649147,84162.00687432372,82656.28160909195,71522.56477148113,81478.32232455282,81925.13369621441,110240.94942104214,73637.10685218655,4
130378.66418107323,149797.0551010436,91939.47517150345,183803.66966768142,92661.83884881006,69784.80604705882,86537.21499886693,122680.63398368764,108743.89663265905,81583.97902059306,79234.94478880701,72945.74504443945,85157.97825550774,83049.06881440507,112089.55044621832,79291.53940576785,4
129313.4247438222,146449.2778717611,104072.87377987789,178653.3583585451,92282.19446923668,70893.83255169781,85016.55876833902,119659.92983101963,102869.85818980435,83242.00907254328,82355.60594267916,72256.81957683797,81903.56426281504,82589.87457631524,109323.67853208525,74223.61662669381,4
130134.09139324324,149076.05488014876,89902.44894056904,181147.09778393482,91315.36976282237,68995.02950847501,86566.182859681,123607.11379136013,105524.73134097236,83139.81689689361,80740.7594610166,71947.44908183206,83472.18733694403,82211.34778396461,111935.7704443658,76731.6611685349,4
129843.63047404653,148118.19322326104,100568.85785685276,182031.69042249804,93235.29520455543,70920.07349968833,85564.10945226067,120147.84606073453,107079.58574051688,81610.53289300596,80176.13204433108,73106.54349405093,84160.48695570076,83260.78453788573,110400.38441424185,77698.73174413822,4
129511.30473748503,147029.5068060764,97522.65036376123,178068.05557823845,91114.44993191361,69721.75177595041,85650.3648341137,121836.2074299106,101922.07716966596,84183.33043853407,82691.4632548646,71549.5880305276,81497.34365908429,81962.10348154348,110252.43821769216,73625.70746251434,4
130382.55338460844,149797.88211558847,91771.50181192181,183737.15087618242,92634.03327870766,69746.74102625145,86539.0254901678,122679.94107960953,108709.02791130876,81587.97998285055,79215.16349496407,72925.36025349621,85142.01910996666,83038.40703229989,112068.09277154123,79248.86992560267,4
129349.63456983979,146488.86281119141,104094.06323362152,178766.74875816688,92319.92421387724,70915.40198509717,85029.67924233428,119702.1075728068,102943.46248429567,83212.8400460291,82313.40584914754,72283.48520797315,81955.44266169581,82623.02221334245,109324.7067123302,74273.0810371734,4
130141.0651375133,149066.935368411,89949.34290043627,181118.08521963182,91305.89262317332,68996.97411024262,86556.63866479858,123615.65215774205,105438.9900492418,83165.85667918404,80772.99067652115,71934.10509039224,83440.58197028423,82211.45954268689,111906.44495564044,76652.75951060766,4
129902.14734103053,148237.4397799301,100407.32179967426,182314.4399898577,93264.03954792494,70923.04628170088,85601.95095562351,120285.55515832367,107185.73417493513,81610.51054126151,80158.58592493366,73137.90299152173,84252.06205273415,83304.39279131804,110489.00908100714,77790.77622780517,4
129506.38735370486,147030.8479107437,97646.12140013235,178098.2304332531,91133.47126644508,69740.2143168705,85620.77112445487,121762.40196971918,101889.3989192723,84175.19440355235,82705.70131608265,71556.15944339747,81491.44279854809,81982.82354865356,110214.4179003737,73588.82708416309,4
130393.0810562469,149827.25230780273,91590.60914404503,183720.1635503964,92626.52309257069,69732.01122665539,86555.99046420938,122726.47741156549,108682.83166680715,81594.55139572041,79208.77089604986,72909.40110795511,85142.37673787794,83041.75979396819,112056.31340221327,79230.56384689377,4
129374.80263409647,146533.92392801333,104070.6609571768,178838.1625817016,92370.14858366831,70948.16964246865,85046.13012625338,119716.81502065838,103024.28639224607,83179.40183632396,82276.34665684064,72313.07891763198,82015.77001998067,82669.78206274296,109324.5055466301,74343.15375604079,4
130197.97267889652,149143.91477631507,89993.0405608464,181333.6901466477,91333.56408280898,69040.51530844157,86595.97773503992,123770.72856077297,105418.56055480965,83228.57567412563,80843.21985759972,71957.59677381477,83465.86179326318,82261.14747061103,111953.98711609688,76655.30760947557,4
129918.77703890527,148346.38218240527,100147.28160468121,182493.65627690035,93279.59636206584,70900.94040643459,85610.39991502762,120279.56489080965,107291.61438841993,81596.78657016595,80127.7181658409,73170.022448304,84327.83446643763,83352.80666980824,110554.23147132773,77895.51650232275,4
129477.84417603543,146986.12207008863,97708.70628460721,177895.72362848802,91148.7598596525,69753.96063971051,85584.2483740149,121615.23808422544,101843.0861047609,84136.07885075556,82689.18337693017,71543.97774266932,81455.36708299723,81994.89349065942,110094.72430881552,73542.89424930743,4
130381.7263700636,149820.07739783256,91360.40852789981,183528.7655626256,92606.27241209417,69703.42334549705,86561.35488287866,122707.29961482283,108674.98620450334,81591.84683464133,79206.91570126006,72890.11155249018,85147.38352863592,83053.29329410712,112028.19490768849,79223.79126832381,4
129356.47420364311,146518.30005863906,104000.61059005387,178683.1308821596,92399.54112762703,70953.69052334911,85037.3682424269,119617.66268225464,103104.50680309616,83119.16388501691,82228.49157196183,72322.93603693676,82060.69702633584,82704.85194979334,109268.6932407252,74394.33925084343,4
130118.42282038007,149006.98798978186,89951.1310399927,180853.66408272556,91299.54472774801,69012.57562787243,86544.76988849281,123566.65713389602,105320.01171350619,83215.36579315255,80851.1323751369,71913.58618898227,83401.64523144308,82245.54595298124,111821.50832671027,76546.7675384006,4
129913.83730338066,148307.1548708862,99928.21215727474,182253.53148621696,93291.59924883833,70901.54390353488,85647.90614222363,120320.04390001821,107348.81250248106,81537.35328165928,80048.90591489148,73147.58129687086,84351.79553649372,83352.40433840804,110470.03244996458,77919.9916625013,4
129495.72557159969,146987.26200905588,97862.39687948191,177976.99457132752,91194.4244735747,69813.30452123935,85611.27163306138,121701.49346607846,101874.8926371208,84155.12253703148,82721.526351157,71572.5432720832,81498.59535677379,82041.13924993745,110100.40165190717,73563.27904025067,4
130398.5795853829,149881.70115729584,91205.77915975799,183697.07419837406,92602.04793239212,69695.24260702642,86589.96511578145,122807.36837474923,108692.15234424501,81626.60379726933,79233.02253878386,72896.59355838223,85177.84895632851,83067.5090035807,112086.39885025012,79240.06333828728,4
129362.46447115715,146580.77318439164,103989.3453108484,178888.20813753703,92433.29226175456,70971.1025322798,85041.9727017847,119630.69374927209,103192.95265590581,83092.78882655964,82196.59563262411,72355.7260460527,82120.10796309805,82739.31833974342,109283.40068857679,74464.41196971083,4
130140.48399215746,149045.432990245,90027.01521241847,181004.53835779888,91304.21624233917,69037.00608456208,86563.18772592398,123674.97368752644,105252.50944525117,83244.06543303316,80888.61625058846,71907.35005227925,83377.0806642867,82246.2165053149,111804.83392534661,76492.6539650743,4
129951.45528929893,148446.02625918703,99767.81603906346,182593.2556501932,93307.13371123478,70892.08911563028,85673.5212413694,120415.97758722039,107458.20193984533,81541.3989474057,80035.89719961848,73186.45098047865,84438.54265672478,83390.06702781522,110582.08174491904,78026.81064925321,4
129479.96759175869,146993.22992482543,97995.09918631306,177994.49598723603,91201.66643877822,69823.72043415552,85577.36403672268,121606.29738644332,101842.70612510516,84137.9116938009,82721.5710546459,71578.48883610831,81481.42921703211,82049.23058143027,110051.51838678341,73531.6066183575,4
130403.69813486317,149908.54560238667,91069.21000113607,183661.98195957925,92580.21027805928,69676.10951377267,86605.9913165559,122858.3527038518,108660.36816362957,81632.25878861651,79229.66977711556,72879.53917736282,85168.59533412401,83060.35644535499,112072.02667856535,79213.08478272973,4
129405.20100655568,146668.48142963427,104014.55807859398,179108.5739861219,92474.82180295252,71003.46785825108,85073.10868181095,119717.12794508076,103292.21675303183,83072.87342224996,82170.62290556704,72395.02041280514,82197.04266751322,82782.16663386424,109332.35100893391,74552.79076728711,4
130118.78044829136,149030.99376332687,90068.76827106098,180939.7630023674,91281.26100078358,69025.65139837879,86540.14307739057,123591.78049466378,105173.60778732393,83269.30055252321,80931.48689645373,71896.46475272952,83350.90677152954,82245.25538030331,111791.9369687959,76435.27703705753,4
129990.05675197326,148509.48286169564,99585.71637698608,182663.2613138272,93326.26680448852,70895.12895287621,85727.0313175954,120512.71593722297,107527.04531276767,81506.2396533775,79987.25980368374,73196.17398931671,84492.16449167306,83402.15932156556,110590.88833223443,78086.46745520443,4
129502.78872284756,147019.13559664914,98140.11730433909,178113.3402125049,91235.81990430593,69865.56289977586,85589.67984791755,121620.24487498343,101860.7439828806,84145.2654177267,82746.98498809159,71620.57717091766,81524.00929021946,82089.70959063883,110070.98675620399,73552.55020291213,4
130461.96913265815,150005.61922855608,90942.38620309666,183899.73746535034,92584.41240601688,69685.43019121053,86663.56941027277,123020.40285115277,108669.66648932296,81661.31605640842,79250.83687911474,72903.47789567446,85211.95771836731,83077.83550951905,112144.44633060055,79234.38599519563,4
129433.051280147,146739.67173572443,103994.68737777321,179283.6775521848,92513.89265226039,71024.94788467263,85087.10087383997,119696.81020937089,103380.57319886365,83034.76369795368,82138.79402146269,72447.99404716422,82267.80829045872,82817.61650057037,109366.63858492835,74628.20555307931,4
130160.68996914507,149072.38919405808,90156.32005409242,181037.3283669148,91297.13073934683,69064.54343373101,86567.50161260387,123684.07084751975,105120.16476633129,83307.83495996415,80982.40417032292,71920.29171231887,83344.0671377262,82259.64990373253,111787.10899199355,76387.93604230118,4
130013.0343452733,148601.25912442914,99402.63323815266,182817.30953661317,93330.51363593503,70880.30974630234,85743.30338755887,120539.82860324724,107622.24139240282,81508.85480747877,79972.35119013205,73240.7880712495,84563.13128031866,83432.87061844715,110669.94645237285,78168.99009573342,4
129500.75471410212,147004.47285228645,98304.5590882968,178034.63972027777,91259.11042202836,69898.19644668061,85577.98988556743,121569.37230460314,101826.00937199705,84129.86506579698,82758.07145334143,71631.32836000065,81498.99768817397,82095.81161687513,110012.08990956425,73514.28401640464,4
130440.62321670333,150005.0604349447,90796.69753273697,183750.69603332234,92547.2414549877,69648.05807448126,86653.44407003451,122978.85095821036,108651.31570712516,81696.25183299206,79274.55207998182,72901.3544799512,85206.2133200423,83080.8082915316,112155.28692666137,79228.52983814834,4
129401.55767220947,146692.59896190156,103975.48722928611,179029.85114215032,92520.37465815243,71022.13156487126,85067.61015267494,119573.40622823313,103424.15910055151,82984.44992118477,82091.69889589536,72450.00570416519,82277.26307836332,82825.5960733409,109301.57265681896,74659.16271914991,4
130109.19154992004,148953.52261704477,90203.83986280441,180648.9444552594,91260.22800925112,69055.73684641563,86535.31510058822,123567.26063099632,105025.37101809634,83327.23627415136,81012.55667359314,71898.69992717504,83291.27231732277,82251.44681351744,111712.32005504609,76305.90514015021,4
129968.53202206279,148513.3050099975,99166.1070783266,182431.8089999925,93296.58368785187,70842.4682429395,85735.70379444407,120420.15736343354,107654.07027650718,81458.2728097764,79889.67208739187,73227.71230074315,84574.2624490574,83420.17482759654,110608.8591347765,78190.2019012215,4
129438.70627149419,146820.13801576354,98383.81837413531,177524.17058040746,91243.79947707648,69906.82422004035,85537.30971065877,121353.9461915429,101781.28353134198,84095.21986189127,82727.40485994874,71628.44498496593,81476.26596406293,82092.03417206218,109879.52171319982,73461.62330646793,4
130438.99153935809,149891.20064868935,90608.65230663447,183388.70953186866,92522.65453608686,69639.20678367696,86688.20103266252,122999.99570846507,108615.86584041904,81691.24504223408,79244.62309415617,72888.21165421148,85200.98301183975,83064.87149773497,112075.7594198894,79192.3423638752,4
129386.6937621467,146616.9606586648,103863.48263782056,178851.4618696525,92540.13360025092,71023.18209686066,85071.32054225451,119473.87391017366,103525.2336889784,82942.92037998681,82030.54452306563,72495.64796634292,82356.20943977946,82859.68248363525,109274.50469428358,74740.34425501159,4
130085.4092938196,148820.55208928016,90180.12466193733,180337.49524801914,91247.80043933398,69058.32964877244,86533.3257953317,123498.52901679624,104944.86003456832,83323.1235531716,81011.86376951501,71892.26262477192,83259.01875007377,82242.14848782403,111585.74212619569,76232.85963927027,4
130008.45223765996,148521.21752753467,98926.4516742768,182464.8672300419,93324.61277539883,70850.2242982655,85796.23231842904,120539.94036196952,107748.14876891956,81432.09891701925,79840.02886295663,73254.4449871117,84647.41970865963,83447.73452850993,110598.66673930487,78276.39022784117,4
129446.86465822038,146816.80760583968,98486.45758467408,177667.60172457717,91284.21143105166,69944.9562960811,85533.08523095671,121355.4437584214,101822.2319271841,84107.08863819703,82750.06952882643,71676.23301461137,81526.78090653193,82144.3372540876,109890.33995751619,73504.13632442192,4
130423.41237347275,149880.136535184,90452.68183382534,183386.7872818455,92502.91794573283,69618.2855508668,86685.63058205016,123012.33387140441,108581.86883710252,81697.30236498146,79236.06237602977,72875.56056684979,85183.34748546452,83055.95315169731,112038.56611711576,79156.5795727467,4
129394.98625933961,146638.7536095087,103881.69930955164,178996.47998767853,92577.50571698019,71051.23353615207,85080.44005399228,119513.16827692608,103598.5027073029,82910.26448133761,81979.850766641,72520.30194047713,82397.94014667752,82883.19651880223,109263.90996741176,74785.02539217775,4
130081.36362807317,148809.24210658576,90305.29443088704,180424.42118220584,91248.49334341209,69079.96613740518,86531.29178658627,123547.8146133202,104871.30044356591,83369.12344326061,81056.99194157028,71886.47352295798,83222.58540661162,82242.28259829075,111574.90153013487,76158.27186802292,4
130029.88756059262,148618.11233974842,98811.38489382088,182756.24457076128,93338.91789185023,70844.74812087395,85824.9543100541,120645.03826439838,107839.03096187484,81449.98031258349,79827.35542385047,73280.7976938245,84706.36125878827,83475.27187767887,110687.626682237,78343.08783329581,4
129433.78888771402,146814.7512453498,98693.03240693003,177771.89496420563,91307.85957668538,69972.67245920569,85514.4885795699,121326.11826969603,101795.70040651565,84109.39086787592,82758.27261904153,71677.95409893442,81498.99768817397,82149.92519020144,109852.36434368663,73455.3871697649,4
130379.13356770678,149860.08702040758,90346.22047498472,183310.09844661935,92469.0774046275,69573.17973055599,86656.48390728045,122946.73150142808,108533.43260686786,81719.16237105876,79247.72998663544,72847.50912755837,85145.77420303515,83035.05427063159,112037.31441942626,79099.40381043003,4
129378.87065158733,146626.08017040257,103916.09864426836,178958.57142908234,92610.60865051851,71065.11396945882,85071.34289399897,119488.82722721425,103650.13523699465,82861.8058993585,81924.48549562521,72515.85394333053,82403.28221360233,82886.01283860361,109217.01600754453,74799.39756386251,4
130019.51635116535,148726.31713465657,90438.44377260731,180252.53626734452,91229.31554666943,69070.77957043405,86471.14324225704,123445.6894929039,104781.44643085558,83401.22054829843,81100.64489849149,71859.13733948914,83166.12490011752,82228.17864753946,111546.51481467663,76062.42758779855,4
129966.40860633954,148566.43510656778,98672.22293284214,182584.38200764442,93319.98596429657,70799.12821044067,85783.40241711169,120567.18713846055,107860.3098225963,81419.04549825734,79774.3817894914,73253.81913826695,84696.07945633882,83447.95804595448,110671.75694367372,78333.56599015785,4
129371.36046545036,146706.6358574195,98931.63727899043,177587.60483117163,91316.12972213385,69988.98923265806,85462.74429115586,121257.96780085181,101739.95515584412,84097.34327761452,82753.46699398363,71654.99885737883,81445.04057705887,82126.38880328998,109778.42477302847,73376.37375311539,4
130379.58060259589,149871.0840786796,90357.55280942355,183427.40040152078,92455.68870969876,69568.35175375364,86667.92800044156,123119.73400351216,108500.35202507401,81776.76281652007,79289.50539702243,72831.192354106,85132.56432206205,83018.02224135665,112103.74380394744,79067.79844377023,4
129410.02898335803,146734.91081415545,104021.53182286404,179404.0863995655,92651.9146742719,71085.81168482444,85084.17279531632,119644.28360990091,103752.52857834443,82882.16833855728,81936.77895507563,72554.38835077148,82467.65523763362,82911.89615868285,109344.55506140651,74890.50327426234,4
130022.66794713354,148773.25579801272,90603.44435017639,180513.1129042045,91219.70429655365,69068.94672738871,86453.86534379308,123505.1004296661,104707.4621567085,83464.14070894012,81177.24432673983,71856.18690922105,83120.70615538432,82212.97946130985,111597.67795773482,76010.81740985125,4
129990.39202814008,148657.92079662334,98489.22920098653,182782.73138794082,93315.80618808344,70761.84550068922,85795.29354516191,120627.80506942334,107917.66439886861,81409.79187605284,79741.54707688655,73251.85218475487,84709.35639254528,83428.08734513371,110719.61202855254,78390.87586294125,4
129410.90070139179,146752.07695389714,99058.2375595853,177724.1516380491,91348.42799287177,70012.65973003623,85468.04165459177,121276.76561793873,101764.05033636694,84093.99051594622,82764.86638365584,71675.3165930887,81449.75679513894,82130.99326264778,109770.89223514704,73404.42519240681,4
130452.3355307979,149979.13241137654,90172.07803393342,183632.45530515377,92456.20279982124,69545.68708487596,86711.75977131841,123233.37027232294,108533.03027546768,81814.89489256083,79324.73174628399,72851.37597934913,85163.40972941038,83026.47120076074,112174.42001991511,79114.8712175931,4
129418.90262590679,146755.9438056879,103822.71305593409,179321.63081426988,92669.9748837918,71046.24909713854,85064.86088810694,119452.01390409635,103860.44280057464,82809.86044524437,81859.93365763828,72587.42422907642,82522.21584584903,82922.31207159902,109310.31218890098,74976.13280727062,4
130031.07220304874,148670.25895956266,90528.14132310645,180101.43847482663,91208.90840398174,69055.69214292671,86449.7079193244,123375.43796008086,104625.45360630198,83426.0980398772,81152.903277028,71838.37256889016,83074.2592304062,82181.37409465005,111431.44803422071,75926.14900185454,4
130079.46372979447,148699.22682037673,98162.51375228331,182731.14356173796,93344.37171749733,70765.86881469117,85877.81618569091,120742.87184987926,108035.65925784818,81363.79198596382,79676.59290749942,73288.01730728356,84805.93828033666,83446.08049942023,110704.97163593431,78487.65891643273,4
129464.0084462176,146763.3422331026,99075.94014119389,177761.03201640036,91393.10913003792,70051.57411713293,85486.86182342313,121245.3167134901,101832.44667440018,84072.15286161339,82758.71965393063,71738.50497466385,81531.2959589119,82176.05437946969,109760.49867397532,73459.3434285335,4
130473.56968803046,149949.76221916225,89927.70641180353,183435.04469812452,92435.86271236691,69530.35378817962,86734.06681228481,123206.79404816557,108498.13920237294,81783.40128462331,79280.22942307347,72842.3905780781,85157.66533108537,82997.07865680203,112082.93432985955,79072.26879266129,4
129465.72953054066,146775.45687859738,103717.12341512722,179321.18377938078,92709.38100926651,71083.42004816771,85103.93173741481,119492.3588028382,103969.96634840565,82742.782860134,81781.56844157797,72628.48438364081,82603.08445728832,82938.85236249595,109275.75639197307,75055.32503787578,4
130083.91172694108,148711.609686805,90596.85058556206,180244.9366742297,91229.5837676029,69112.30911163201,86485.69422789745,123509.03433669024,104617.16110910906,83457.92692398155,81191.68355365796,71870.64848788363,83105.0599342656,82198.96491753637,111448.52476698456,75918.30353955073,4
130101.18962540504,148796.07692910157,97915.79519698564,182898.78164515278,93348.21621754364,70753.91063140758,85897.5304243005,120774.07488513886,108140.66775329922,81345.68707295503,79632.38115696683,73322.48369723365,84882.44830160718,83463.73837753992,110772.898587334,78577.69174309871,4
129445.56825704197,146733.52500599922,99164.05071783671,177629.76022121432,91412.08576108048,70080.40786748027,85467.12523306909,121141.02347386164,101831.41849415524,84027.15880002484,82720.85579882334,71742.79650959927,81516.23088314902,82172.96983873485,109667.87304495253,73439.69624515728,4
130419.4784664486,149880.80708751763,89713.73316213288,183076.14273740564,92388.76758679959,69487.81841848117,86710.50807362892,123079.61262221487,108466.01974559066,81776.6510577978,79260.5598879528,72818.45185976647,85126.35053710348,82973.02817976811,112021.57879132972,79035.70133873241,4
129481.73337957065,146790.67841657143,103629.97396349597,179246.39484243334,92751.04466093119,71116.21005728365,85140.56624657706,119546.83000407577,104093.59384698795,82693.20669093213,81716.74838265758,72652.62426765254,82657.33214108135,82967.03791225409,109236.79730138747,75144.486146508,4
130064.13043309814,148662.43584900332,90635.89908312549,180067.53087848795,91227.30388966846,69124.7143298047,86477.98287606036,123477.76424619726,104571.56355042024,83473.10375846669,81225.43468778547,71864.16648199159,83064.53622156814,82202.31767920467,111390.0973069784,75867.11804474807,4
130103.9612417175,148836.891214477,97666.90852247579,182908.6164127131,93350.92077862272,70734.75518640938,85917.91521524373,120822.22054269559,108242.21172835967,81325.92813085654,79602.7427438191,73334.53128749506,84930.32573823044,83478.44582539152,110796.99376785681,78655.67697950327,4
129423.1941608422,146708.31223825362,99277.88815234759,177594.39976148604,91437.45499103726,70107.60994048238,85440.54900891174,121099.22571173022,101849.09872401938,84004.31531719152,82721.74986860155,71753.01125681536,81510.35237435727,82184.5033388738,109613.40184371494,73436.27642825562,4
130428.30740550846,149921.8895938265,89623.2533005778,183172.61286647475,92381.52562159605,69485.87381671356,86725.21552148051,123206.90580688785,108458.5989664315,81803.45079939971,79293.17108311309,72807.3877462611,85117.25337711017,82966.59087736499,112040.13073922764,79020.61391122508,4
129456.49826008061,146822.3061349757,103592.28892234432,179334.5724743095,92767.54024833921,71107.35876647934,85109.07263863953,119482.27816608884,104194.8919528594,82654.26995209098,81683.13135899679,72671.84676788411,82700.62747009129,82980.38190369391,109265.76516220155,75216.21289446508,4
130029.61933965914,148618.51467114862,90770.2777707908,179991.82552001782,91210.4283226047,69128.73764380666,86441.81775353166,123446.80708012666,104495.41115706101,83493.1085697542,81269.1323481956,71842.57469684776,83009.26035753016,82181.12822546104,111344.32093433393,75792.35145954508,4
130104.38592486214,148884.1428022555,97505.55127925293,182979.67260833652,93343.81292388594,70710.28002623082,85928.44288688219,120890.30395630647,108305.13188900136,81310.81835160474,79570.7350457591,73328.33985428093,84953.05746234149,83467.8510985197,110828.06269264969,78704.20261671575,4
129405.64804144479,146705.94295334138,99459.18315162459,177647.64161677856,91452.07303191103,70125.42428081325,85415.17977895496,121053.58344955248,101870.13171555182,84000.58257586749,82729.03653729399,71767.31637326675,81520.3883076177,82194.78514132323,109616.93341933888,73452.79436740809,4
130450.4356325192,149969.25294032728,89563.90941904896,183278.89541135973,92362.07960391995,69475.25673809729,86751.21060028204,123321.68201466586,108434.88376556442,81841.56052369601,79325.8269817623,72794.3343274992,85110.32433632902,82953.09042371398,112075.42414372256,79014.89186464452,4
129492.4622169092,146920.2738309233,103582.20828559498,179595.90907048096,92801.53725165574,71122.58030445341,85136.27471164164,119564.1749577731,104302.53795415616,82629.79479191241,81643.34525386636,72702.06632638769,82760.44073825369,83002.26426151565,109309.19460167822,75318.78504977048,4
130028.81467685875,148631.00929629913,90895.67105718507,180046.76610788895,91199.54302305497,69130.54813510754,86424.89748297901,123430.46795492983,104430.30052546269,83526.63618643716,81312.27121499434,71832.04702520932,82973.72108384623,82173.3945218795,111332.4298062837,75750.75486311375,4
130117.97578549097,148942.43615179494,97313.25922170392,183020.95628034548,93338.98494708359,70681.46862762792,85943.75383183407,120908.09594489289,108362.7323344627,81292.0428862623,79529.0713940944,73323.1542495673,84977.3091050755,83461.3020373943,110844.53592831326,78763.03240812212,4
129431.5984167574,146720.6280494485,99656.88433133178,177705.13030351762,91493.46846264225,70171.62533660237,85420.38773541305,121090.77675232611,101878.4018610003,83985.11516870442,82718.95590054464,71774.20071055899,81516.61086280477,82208.30794671869,109574.39804964043,73459.63400121141,4
130469.32285658394,150020.55019385222,89524.70445927435,183382.1381189988,92348.02035665755,69465.31021181468,86755.0774520728,123407.15508546295,108409.98392224121,81886.66634400682,79368.3847032052,72785.05835355024,85106.9939264052,82952.84455452497,112128.53188854837,79007.06875408516,4
129504.50980717062,146983.32810203172,103594.07706190075,179736.94857799396,92832.18149330396,71129.57640046792,85129.25626388268,119565.65017290715,104388.41335635346,82600.8492828428,81601.4133812682,72716.41614632799,82806.68649753171,83019.13982857941,109346.61142189639,75394.35629777388,4
130036.72719439593,148647.32606975152,91108.37025742178,180114.268376144,91206.29324988047,69158.5772226545,86412.35815433957,123473.0927316061,104354.90809141495,83574.17834689359,81366.6083057652,71823.77687976086,82937.3771473619,82172.52280384574,111341.61637325483,75691.5674437961,4
130193.70349570556,149102.22877290592,97253.33419481924,183406.41211347724,93367.39401428628,70701.02640402633,86005.48935001962,121158.45783453678,108436.73896035421,81320.697822654,79534.79344067496,73339.20280208622,85033.03200400258,83478.4011219026,110965.70473500548,78836.63670261344,4
129465.57306832947,146833.48200720336,99910.55427915505,178065.99921774855,91532.71812590577,70210.18209578778,85413.8610260321,121131.52398246813,101910.54366952702,84023.40370695636,82765.7381016896,71810.47759180995,81549.37852017624,82240.20388605642,109676.88079796801,73499.30834761958,4
130484.65615328029,150096.99315988936,89500.16224386243,183494.74620756463,92322.98640286761,69439.42689173542,86755.97152185101,123436.25705674375,108344.94034587627,81937.337748687,79409.06487811386,72764.94178354046,85068.2807050086,82929.55403680254,112178.979775784,78964.24281170878,4
129572.36970333692,147115.4716152515,103631.60564084121,180024.4367151781,92877.13085140358,71154.52094728005,85171.21048822529,119686.28253773243,104483.07299412167,82595.73073336254,81581.74384614752,72747.61918158761,82863.99637031513,83045.93957018132,109425.66954203481,75485.0149732846,4
130034.20144727248,148644.8897296059,91266.66531165426,180054.7009771706,91192.7257409961,69150.99998128414,86388.35238079457,123396.58271033558,104261.43309610285,83615.21614971354,81423.87347505969,71813.15980114457,82887.93508862676,82165.12437643103,111340.34232382088,75625.31687323056,4
130162.14283253466,149071.76334521335,97041.70787831639,183125.54009265188,93329.75367662356,70631.31131307023,85981.66239043027,121006.77889666306,108447.46779769276,81303.30816546777,79495.8119983449,73322.81897340047,85031.08740223496,83458.3963106151,110955.57939476722,78854.3169324776,4
129412.71119269267,146664.92750226587,100039.25562372872,177513.7993709802,91527.3537072365,70201.88959859486,85369.8951446885,120918.10952640887,101847.17647399622,83974.6769040438,82717.74890634404,71781.66619320706,81493.34269682679,82214.0523450437,109521.78204319264,73436.05291081106,4
130474.73197874213,149987.53666729174,89443.56762690158,183103.38951389666,92294.0855972869,69418.30449322517,86767.77324292342,123449.62339992802,108283.13777245734,81970.23951652522,79431.50602954699,72737.82911751617,85044.14082099686,82912.23143484967,112142.23350789947,78917.90764545294,4
129537.05394709755,147028.23275664245,103586.14219261911,179736.05450821575,92880.95299970543,71132.37036852483,85146.6459210689,119554.60841114623,104556.27495721281,82568.21573593805,81539.81197354937,72760.09145499367,82908.69985922574,83057.76364299818,109415.90182970784,75545.96818041423,4
129983.10535944765,148483.4877828941,91413.53862447008,179648.56978041766,91166.37303428329,69145.74732133714,86345.45938318485,123282.40999965787,104156.35754541846,83641.32298723733,81453.64599867415,71780.92858564002,82827.8983030198,82137.1846958619,111253.72931405656,75528.08678484998,4
130190.26132705943,149070.62340624613,96915.30876342164,183106.87638603168,93331.67592664671,70626.59509499015,86019.66035600429,121151.86406992246,108495.0099581492,81307.53264516982,79469.92867826566,73309.83260987194,85058.60239965944,83446.90751396508,110983.4967235919,78892.58311898507,4
129426.14459111031,146676.70687159384,100282.15203072454,177683.71733232946,91560.4119372859,70238.01001763463,85360.61917073956,120954.07348323746,101881.28523603502,84001.09666598996,82748.84018288138,71805.0461179073,81518.26489189445,82237.85695288861,109574.15218045142,73461.95858263476,4
130475.31312409797,150009.2625629023,89444.64051063544,183209.26972738144,92264.89421902827,69395.10338248055,86760.37481550871,123500.0489354192,108225.93965839621,82027.28116837516,79480.07637024837,72712.81751547068,85009.33915487996,82890.66200145031,112196.66000564814,78869.22554602928,4
129584.43964534279,147130.2908218254,103643.63087935817,180078.5502885044,92921.47671240292,71157.0913978924,85177.42427318386,119699.6041774278,104649.52643508035,82558.02334046643,81512.09581042478,72774.59773714516,82954.14095570338,83071.88994549394,109488.3438334875,75616.66674812636,4
130011.80499932826,148552.17469360528,91658.04435706668,179970.79252848538,91176.5654297549,69169.9319088378,86342.84422908357,123377.24845138175,104099.00296914614,83710.54633981542,81535.47573512504,71783.96842288596,82806.08300043142,82144.11373664305,111332.49686151707,75489.48532217566,4
130210.66846974714,149180.92926513308,96796.26337245267,183378.2265637191,93325.5291969215,70593.13453354055,86029.29395786453,121195.22645416576,108539.37817089297,81329.86203788067,79472.47677713356,73314.03473782954,85088.24081280718,83448.7403570104,111090.65098651063,78944.84149752159,4
129421.18250384124,146695.95172356986,100476.12046910769,177771.8055572278,91579.47797530628,70253.94681143128,85336.94867336139,120878.56929046742,101880.30175927898,84004.27061370261,82763.4358720107,71816.4008040906,81519.67305179514,82250.19511582794,109584.61279685651,73469.66993447184,4
130444.288902794,149972.85157118458,89375.68537899082,183021.04568732332,92218.33553532786,69352.27744010418,86741.28642574388,123414.26294019974,108141.22654691059,82051.2645901757,79494.9626320556,72675.91478537497,84961.21584906768,82856.70970162269,112179.65032811766,78809.68049880034,4
129536.83042965298,147058.09468723473,103556.05674458227,179770.9902847994,92908.71386631893,71124.2343335431,85147.20471468028,119504.78637275535,104694.38638620215,82502.25573805043,81442.91716133562,72764.83002481819,82967.84257505448,83058.81417498758,109437.67242880732,75652.34013227704,4
129948.86248694212,148360.1732087342,91752.61458785708,179399.2360710187,91138.18748452514,69159.31483022151,86304.71215304281,123185.24696651066,103976.42600255323,83698.16347338719,81533.17350544615,71735.46513741794,82719.62645287829,82104.79701814617,111187.05406034637,75370.35052422888,4
130187.5344142359,149083.90034245257,96567.82854411943,183014.36251573116,93295.53315586247,70558.13170172354,86042.54854232652,121154.345113557,108580.79595336867,81301.72119161143,79420.08428813033,73297.15917076578,85107.4409612943,83438.03387141632,111068.27689031088,78973.80935833567,4
129377.79776785348,146538.70720132676,100570.19896152007,177404.00760221574,91581.57903928508,70261.34523884598,85309.0313445367,120733.32765499684,101880.56998021246,83956.08025265698,82732.32224372891,71810.56699878776,81506.59728128878,82247.28938904875,109490.66841491085,73452.79436740809,4
130427.86037061935,149869.74297401228,89263.88195322537,182784.20660307488,92181.70102616561,69331.19974508283,86747.14258279116,123424.14241124898,108101.88747666926,82066.46377640532,79507.43490546166,72656.71463688787,84941.61336918037,82843.4551171607,112154.81754002781,78773.00128614919,4
129540.83139191048,147014.73230299144,103453.97632765489,179713.23337712686,92925.90235780507,71128.34705452288,85161.55453462059,119506.84273324523,104793.42696588361,82446.42108040108,81380.73460826094,72780.58800465918,83013.90952037687,83070.86176524899,109417.06412041953,75723.9774732563,4
129934.95970189091,148282.92557989666,91855.20909490694,179335.39948885437,91129.82793209887,69172.81528387252,86289.84824298004,123160.34712318744,103933.17537703221,83725.25378766701,81579.64278216872,71737.65560837455,82703.13086547027,82112.57542521661,111159.58376641081,75330.60912258734,4
130192.45179801606,149083.18508663,96322.07111383333,183027.52769321535,93280.13280393276,70532.56130606668,86062.12867046936,121196.79107627763,108638.01641917425,81285.62793560361,79383.51683420144,73295.37103120936,85135.15712441888,83434.45759230347,111069.14860834464,79012.7013936879,4
129425.92107366576,146582.8966001149,100707.7739486425,177690.10993124367,91630.05997300864,70320.42089944135,85337.32865301713,120851.88130758778,101956.94589101624,83967.05495918453,82748.99664509257,71857.37155167718,81565.8070523509,82290.74118026986,109519.83744142503,73510.23835065823,4
130441.58434171492,149891.46886962283,89157.8452775294,182883.44834845644,92159.63985438822,69316.22407629777,86752.1270218047,123463.70499893487,108061.52022618297,82099.27613726571,79537.9226848987,72648.73506411733,84919.06045902497,82828.32298616445,112158.19265344056,78733.2822362521,4
129581.46686333024,147108.85549889272,103361.08247769863,180003.5378341124,92964.54852396829,71143.36742679685,85183.9062790759,119578.12244631321,104927.7162465711,82427.93618773654,81357.3993870496,72828.73366221592,83094.88989053844,83104.83641682105,109475.73744961471,75834.05981469867,4
129954.83040271168,148302.63981850623,91974.70152076501,179464.59257180605,91143.73071715006,69204.57711274351,86287.92599295688,123200.08852482899,103877.87716124978,83746.89027629976,81622.42402105618,71743.77998635531,82672.57603079987,82107.74744841426,111127.77723405091,75277.88135741727,4
130253.4944121235,149218.52489930688,96128.95204173948,183356.14304019726,93296.29311517396,70535.82466075715,86106.65334542435,121358.26007822277,108719.7120451584,81289.51713913884,79373.21268000755,73316.89576111981,85191.10354079051,83442.83949647422,111143.5799173808,79086.95388876843,4
129405.69274493371,146593.69249268682,100792.28589442802,177718.2507775129,91646.28733948318,70330.23331525724,85290.12176872752,120701.1411429812,101977.46479242621,83935.04726112453,82740.25711301055,71873.2636419849,81570.32210473086,82297.15613092853,109494.06588006805,73521.34716765251,4
130449.49685925209,149905.39400641847,89069.98057007558,182834.58743507715,92140.68557509013,69315.03943384164,86760.7771469089,123498.26079586278,108011.56407732535,82113.3353845281,79554.93236242919,72627.27738944023,84894.20531919066,82812.18502666772,112136.98084795248,78690.25512817563,4
129612.13345672292,147170.41220312266,103280.3256249816,180088.0944833868,92996.28800109483,71168.55784279798,85212.20358755632,119631.23019113901,105024.23107912912,82378.71764644595,81301.20710148897,72847.44207232501,83145.38248126299,83119.58856816156,109481.45949619527,75908.84875164613,4
129969.35903660764,148327.8078827629,92104.00636243897,179533.123020306,91149.43041198616,69235.98131370322,86284.46147256631,123230.5316007771,103842.53905326594,83780.64141042727,81678.4821961501,71756.45342546147,82664.99878942952,82119.81739042012,111145.92685054861,75251.77451989347,4
130263.12801398373,149285.08839429478,95904.94285880838,183396.80086336148,93284.17846967917,70512.48943954581,86119.57265371952,121390.71481117187,108767.09774340365,81273.24506917538,79345.60827560523,73319.801487899,85217.25508180322,83437.38567082712,111180.54970270989,79131.0762323232,4
129444.87535296386,146664.70398482133,100953.21845450622,177910.9451664621,91695.01414239575,70391.38768808695,85309.07604802561,120804.60736806481,102028.27030757313,83923.51376098559,82744.25807526805,71908.13236333519,81605.95078539262,82324.20174171946,109504.68295868432,73565.00012457372,4
130449.80978367446,149956.46774249885,89018.81742701739,182906.94003187897,92119.00438296847,69300.9131313459,86753.8257543833,123549.15571798751,107967.55349249287,82152.9873791918,79593.51147335905,72622.40470914898,84876.18981315968,82799.31042186146,112171.84956930275,78661.15315689483,4
129596.17431118184,147220.92714559165,103200.35108332052,180137.24596944405,93007.39681808911,71152.71045597916,85191.21529951278,119578.39066724667,105114.64388545083,82339.75855586035,81250.33453110869,72864.6976190445,83189.97421145132,83125.78000137568,109503.56537146156,75984.50940662735,4
129898.68282063995,148217.36791340922,92244.75529727404,179194.8517197194,91123.10005701781,69227.84527872149,86226.21282651578,123069.08495057643,103729.86390946675,83774.0252940685,81686.03708577598,71717.18141045349,82579.48101514352,82078.868994578,111034.23518350544,75141.37925402871,4
130266.43607216312,149305.11555732676,95757.5554558701,183358.89230476526,93280.08810044386,70501.60413999607,86149.41223256734,121494.24809148886,108820.27254346282,81280.39762740108,79327.21278991853,73310.52551395005,85239.6738814919,83426.0980398772,111211.23864784703,79167.64368625208,4
129423.88706492032,146628.06947565908,101127.80793044662,177843.46524995152,91718.50582581828,70418.34389190005,85294.81563506313,120770.58801300384,102042.7318862357,83905.47590321016,82734.55741817445,71907.1265348347,81589.83517764034,82318.05501199425,109465.72386809872,73558.7639878707,4
130475.4472345647,150015.63281007204,89033.92720626917,183096.8181010268,92108.16378690765,69305.98697733725,86781.45251053006,123711.6976036665,107954.99181210897,82230.57028419618,79670.11090160739,72621.64474983749,84876.74860677107,82804.80895099747,112262.84352098031,78659.47677606068,4
129627.86908481945,147338.8773010823,103177.32878653155,180449.0975080845,93040.0080132494,71162.99225842861,85211.9130148784,119664.82486305534,105228.59307868399,82332.91892205703,81234.42008905651,72886.1552937216,83242.90314232149,83144.8236876516,109585.95390152383,76080.62190778517,4
129921.01221335081,148275.72831818205,92456.6721864548,179409.83079789052,91136.01936531298,69256.63432557993,86224.13411428143,123134.84378276394,103683.72990891099,83829.25645461756,81762.9494384467,71718.61192209863,82553.46358459754,82087.74263712676,111071.719058957,75108.83511410179,4
130274.25918272248,149391.48269790204,95582.31777934049,183496.75786456562,93261.3126351014,70459.78402612019,86149.59104652298,121507.25680676184,108861.62327070514,81288.7348280829,79324.48587709498,73306.12222029237,85262.45030909184,83427.48384803341,111291.8166866084,79216.70576533148,4
129394.98625933961,146603.79548118063,101254.16234185247,177746.81630692678,91727.78179976724,70413.56061858662,85253.42020433191,120618.03735709637,102043.60360426946,83872.84235630541,82718.86649356682,71903.55025572184,81583.04024732593,82324.15703823055,109432.37506537141,73560.4180169604,4
130408.70492562115,149886.2832649092,88943.31323424735,182596.47430139474,92049.75867864594,69248.65475280938,86742.38166122219,123524.32292989767,107830.26907804837,82215.16993226646,79648.94379960821,72556.35530428354,84789.62150688429,82750.62832243781,112156.76214179542,78549.03680670701,4
129594.63204081441,147230.27017477396,103061.50204676414,180027.0965727683,93037.14698995913,71138.56180173896,85214.10348583502,119547.09822500923,105274.07887865054,82256.09597636414,81140.43100362194,72866.17283417855,83260.44926171891,83132.4184694789,109507.78985116362,76108.3157191653,4
129879.0579890082,148123.84821460824,92565.32401625205,179008.8628541068,91118.6073563823,69255.11440695697,86205.26924196116,123020.49225813059,103610.66205628659,83834.57616979792,81777.9027554873,71700.73052653439,82525.56860751731,82082.78054985769,111005.17791571355,75048.217183139,4
130244.50901085246,149294.87845836623,95341.88006423475,183165.57206697133,93225.84041665083,70412.97947323078,86161.81745074004,121453.85848925811,108869.20051207549,81252.3238363652,79258.39176874064,73275.52268213304,85260.86333523552,83402.11461807664,111245.95090698611,79220.52791363334,4
129382.51398593355,146511.41572134683,101354.924005857,177580.29581073474,91748.30070117721,70440.53917414417,85257.37646310049,120572.55155712982,102070.11277319345,83833.8385622309,82692.29026940945,71908.35588077974,81599.78170392296,82331.24254122288,109391.69489046275,73577.96413635781,4
130438.09746957988,149886.39502363146,88916.24527171199,182679.42162506838,92040.05802155234,69261.64111633791,86784.64880998716,123677.00769627187,107803.42463295754,82254.79957518574,79688.95342218321,72552.01906585922,84790.69439061814,82750.80713639344,112194.11190678024,78536.09514666739,4
129616.33558468052,147314.513899626,102970.82101950896,180343.97725391117,93054.76016458991,71136.61719997134,85230.0626313761,119598.88721691219,105405.3283220921,82238.57220871118,81116.42523007694,72906.5624364093,83347.35284416114,83166.43782453988,109620.50969845173,76232.50201135899,4
129832.52165705225,148039.82800720073,92678.75911936273,178864.04590178083,91088.6560188122,69244.85495625198,86156.6318460264,122872.41195111418,103499.77505204381,83814.12432362132,81781.32257238896,71666.93468891796,82447.00222575692,82047.44244187385,110916.28502801478,74947.20964994546,4
130250.00753998847,149293.89498161018,95112.30529693428,183115.70532509152,93197.56545991487,70378.87071119198,86187.76782605264,121472.72336157839,108900.87293396867,81230.91086517702,79209.15087570559,73263.96683024966,85284.60088784706,83389.61999292612,111254.01988673447,79249.47342270297,4
129387.76664588055,146474.55769474004,101428.66241081506,177547.9975399968,91767.83612583115,70461.03572380969,85261.06450093562,120510.90544592208,102108.24484923421,83794.63360245629,82655.67811199166,71927.10899437773,81628.8166199704,82349.54861993178,109353.96514582219,73607.44608729436,4
130418.53969318149,149803.7606243802,88787.8568515607,182454.60777933692,91996.89680300913,69226.79474673209,86780.67019947413,123604.38687853658,107726.73579773138,82252.1173658511,79684.43836980325,72524.86169634601,84753.18816342214,82727.15899075974,112128.68835075956,78472.21386101411,4
129621.38707892742,147283.17675389966,102800.4113197817,180245.27195039653,93067.05362404033,71128.794089412,85248.10048915155,119554.80957684632,105495.85288713609,82167.15838517647,81029.05226100115,72921.60516042772,83400.59469945368,83178.70893224585,109581.90823577742,76303.82642791586,4
129842.95992171287,147986.429689697,92802.43132143395,178817.66603203607,91097.88728927223,69276.21445372277,86160.11871816144,122891.54504436793,103451.94231890945,83820.04753590198,81802.08734298794,71674.64604075505,82433.61353082818,82055.13144196647,110864.7195535564,74907.08826864818,4
130305.14929355972,149375.56825584988,94956.78185901426,183368.99529325907,93211.93763159963,70388.83958921905,86238.37217549946,121678.51587277841,108954.22654798348,81232.60959775563,79196.76800927735,73278.02607751204,85328.7902866352,83396.39257149608,111308.51343971652,79303.63169951817,4
129382.20106151118,146525.40791337585,101592.00895929444,177836.6703196371,91792.91478311,70481.2864042862,85219.64671845993,120485.22329154293,102162.29136732714,83801.87556765981,82670.00558018751,71972.55009085538,81676.60464961585,82381.08693135822,109434.36437062793,73661.17968096491,4
130394.26569870302,149796.63041789897,88823.53023571137,182472.0197882676,91959.79290721333,69205.00179588817,86750.60710318174,123617.7308699764,107611.44549983091,82275.40788357353,79698.87759672137,72483.33215514805,84678.7345026415,82676.33112386837,112103.83321092525,78374.8049586779,4
129634.30638722259,147354.70233615665,102828.64157302876,180466.75538620417,93083.68332191507,71133.68912144771,85258.73991951227,119652.37494139373,105561.74582979034,82150.61809427955,80992.88713847246,72932.02107334389,83432.53534228032,83173.36686532103,109637.89935563796,76365.2713734235,4
129802.72678169332,147963.72031733042,93050.35687093221,178867.10809077122,91075.87082098375,69268.45839839679,86112.53185421608,122833.6987297176,103367.67624231294,83869.06491149246,81860.71596869422,71663.5148720163,82383.9926581374,82040.37929062598,110895.81083009373,74847.36440746361,4
130227.72285076653,149326.5508802594,94798.71032222632,183156.38550000018,93148.16810466864,70301.26545444316,86196.41795115685,121535.66587396454,108919.02255046637,81220.60671098313,79153.91971515653,73226.55001003147,85277.49303311027,83342.50251561434,111299.08100355638,79270.4170072576,4
129296.19154884716,146370.53267604503,101742.70442041212,177421.06198323512,91773.82639334517,70451.53623241618,85170.09290100251,120290.78546652621,102115.46446269327,83747.15849723322,82607.30893699038,71922.97392165351,81597.39006726624,82334.21532323543,109301.17032541876,73593.38684003196,4
130337.93930267564,149670.81244836003,88832.20271256003,182141.2363220735,91906.08166528722,69156.34204820896,86738.42540245359,123592.74161967536,107526.06183601164,82310.81304679073,79715.37318412939,72426.58107597604,84603.52088254939,82633.79575416991,112072.2501960099,78289.42129485862,4
129623.8457708175,147349.65084190975,102779.24421778253,180506.34032563452,93094.54626972035,71107.3811182238,85273.71558829733,119711.18238105565,105672.27520612183,82133.51900977123,80944.78618440464,72928.69066342004,83471.76265379938,83178.61952526803,109690.82828650813,76438.1380603478,4
129767.4780806873,147903.03533113425,93261.78202173497,178861.7660238464,91069.96996044755,69259.4506453813,86087.54260391505,122829.65306397117,103306.81244216114,83895.73054262764,81889.70618125274,71631.9542088454,82326.97335803192,82021.91674970588,110881.14808573105,74769.37917105904,4
130239.25635090547,149414.34853247984,94672.22180035374,183465.89010547282,93142.60252029926,70256.65137251036,86220.49077993522,121703.39336435717,108985.474286732,81250.69215901998,79149.06938660973,73222.86197219635,85310.32774571511,83342.59192259215,111421.56856317146,79319.50143808144,4
129284.54628998594,146430.54710990752,101914.6563905068,177723.25756827087,91809.1197978401,70449.30105797066,85153.75377580569,120316.82524881665,102165.66648073989,83737.68135758417,82599.91050957567,71934.70858749254,81611.02463138397,82344.1842012625,109357.49672144614,73619.31486360013,4
130326.27169206997,149738.0017921927,88849.70412846854,182386.43495874823,91889.69783660148,69114.11960293289,86733.23979773997,123678.66172536155,107482.05125117913,82368.68171318552,79754.89106832637,72414.62289269244,84576.47527175848,82620.63057668574,112150.3248393923,78253.12206186319,4
129597.02367747114,147423.61276431236,102670.50298100746,180683.96963882085,93100.0224471119,71049.13247217328,85258.89638172346,119685.2990609764,105765.97371887848,82104.70761116834,80879.9884772287,72936.89375363514,83501.71399136948,83178.6865805014,109753.03319132724,76512.4576106617,4
129726.08264995608,147887.07618559315,93391.77976748702,178838.14022995715,91057.63179750822,69227.55470604356,86054.77494654358,122770.91267954263,103255.0234502582,83912.67316492477,81905.7323820272,71620.10778428409,82279.0735696642,82008.77392396616,110866.68650706846,74724.47451644833,4
130225.06299317635,149448.14437009627,94423.22336712162,183414.45874148115,93113.20997634054,70184.6117001309,86232.2477975187,121722.57116109983,109024.1875081286,81240.61152227063,79099.85084531915,73202.65599520874,85304.06925726763,83321.69304152645,111430.1516330423,79349.89981054066,4
129301.64537449426,146463.24771204565,101956.58826310496,177786.53535682385,91837.81943772071,70449.61398239303,85171.00932252519,120349.36938874358,102246.11040903455,83715.48607534004,82564.05831146936,71950.95830571155,81636.66208227421,82367.27355328483,109354.4121807113,73683.66553588695,4
130340.37564282128,149780.76067933568,88719.05818212726,182450.40565137932,91862.51811534383,69066.21981456516,86747.65667291364,123724.88513289514,107479.88313196697,82404.33274559173,79781.04260933907,72411.71716591324,84574.77653917987,82630.5547512239,112191.67556663461,78262.0180561564,4
129627.3996981859,147506.98477113066,102433.08275140318,180816.62724216311,93114.14874960766,71006.37358503028,85286.34432391457,119710.89180837772,105899.05600536538,82047.68831106286,80799.1198657894,72957.88204167868,83571.65259977014,83203.07233370213,109770.5569589802,76629.35723416296,4
129789.29338327568,147952.90207301403,93447.59207339193,179041.56345624488,91085.7055885441,69239.848165494,86097.71264764221,122897.3117944374,103265.03703177418,83919.80337140601,81914.3825071314,71642.68304618396,82302.74406704237,82037.69708129134,110861.90323375503,74744.21110680237,4
130301.81888363587,149626.4665873607,94108.01906681289,183816.5442724877,93122.48595028948,70134.76730999557,86289.2670976242,121873.8701193178,109158.20856788261,81253.08379567669,79076.69443806344,73251.42750161022,85416.2079591999,83368.20702173794,111564.39621024087,79489.03941977494,4
129355.66954084272,146606.58944923754,101936.44934135072,178155.58500952544,91885.31689468824,70442.01438927822,85182.49811917522,120368.05544710821,102380.7126141444,83689.89332793873,82530.62010176422,72014.86194310927,81738.3401678014,82426.28215864685,109414.38191108489,73806.5777786467,4
130378.3736083953,149866.1219914105,88583.67366596147,182554.85535321897,91852.0798506832,69028.87004958035,86764.68870218858,123782.03854346735,107458.73838171225,82404.10922814718,79759.40612070634,72406.06217456606,84566.61815245368,82624.0503935874,112171.55899662484,78244.89661990364,4
129712.76101026071,147714.07368350908,102255.54284519468,181235.38717453327,93164.86485777675,70994.54951221342,85335.2946442717,119854.56882173644,106103.82033632045,82029.47163933178,80746.81678376398,73026.81482157884,83707.84177873633,83265.34429375462,109900.688815199,76808.28294852769,4
129793.11553157754,148017.56566972323,93532.17107441081,179099.78975055096,91096.27796367145,69224.1348891419,86065.39202515985,122808.59772069428,103268.34508995355,83929.2134558217,81933.47089689624,71662.19611909344,82299.12308444061,82060.42880540238,110865.07718146768,74740.47836547832,4
130350.50098305954,149754.6985453008,93885.10511936012,183914.93665157995,93124.92229043512,70103.07253635795,86326.7733248202,121990.05448699648,109234.11509205283,81251.09449042016,79041.69160624643,73256.97073423515,85448.8191543602,83381.17103352203,111604.31642583806,79549.54559201546,4
129367.89594505978,146668.79435405665,101999.95064734825,178152.9028001908,91916.98931658141,70445.83653758008,85171.72457834776,120313.11485923707,102459.74838253837,83656.70098742259,82502.68042119508,72039.13593758774,81765.16226114778,82458.20044972902,109403.34014932397,73865.00523865286,4
130399.13837899428,149914.29000071168,88554.07995630264,182487.71071287524,91841.59688253366,69016.4871831521,86777.98799013949,123822.29403523136,107433.41385524439,82446.17521121207,79805.83069394,72397.68027039531,84550.14491679013,82634.5557134814,112178.1304094947,78227.23874178395,4
129746.91447578842,147805.76053926477,102134.88812862494,181252.55331427496,93194.90560232468,70998.79634365992,85364.12839461904,119891.18097915423,106226.93374478028,81996.03342962664,80707.34360305591,73044.45034795409,83759.22843923909,83297.44139879243,109919.35252181918,76908.91050206548,4
129779.32450524862,147982.67459662852,93704.25715497222,178890.97975384947,91101.19534745162,69246.57604057503,86036.64768179032,122724.2645888644,103214.45503407181,83934.1084878574,81969.1442810469,71650.68497069896,82245.68006344796,82068.56484038412,110797.7537271683,74683.9731554953,4
130347.75171849153,149761.38171689294,93735.50489372075,183740.0118994727,93109.85721467224,70085.10173381589,86331.8248190671,121999.97866153464,109246.02857184752,81243.427842072,79036.97538816636,73234.90956245775,85433.01647103029,83376.83479509769,111602.34947232598,79554.53003102899,4
129359.75991007805,146641.860501988,102178.42932682388,178038.95360695763,91953.31090132128,70488.885997401,85151.33978740452,120265.0362569137,102496.0476155338,83628.31427196435,82506.30140379684,72050.49062377104,81768.47031932716,82480.84276686225,109383.35768978093,73888.69808777548,4
130344.04132891195,149816.83639488654,88619.70467802342,182162.2022583726,91804.04595184875,69005.33366266891,86726.64603312565,123716.27971127984,107328.830042938,82474.53957492586,79861.91122077838,72360.2858019216,84471.53383154082,82609.34294573581,112141.54060382136,78136.80358371777,4
129706.39076309095,147721.3603522015,102110.3012097241,180944.8592001032,93190.61406738927,70998.55047447092,85339.67558618494,119818.51545793003,106248.68199213529,81939.4388126658,80658.95207631018,73017.47179239652,83735.35677616081,83274.17323281447,109857.08056176669,76910.49747592182,4
129761.3313509621,147892.39590077352,94004.08345509571,178733.55641765078,91103.38581840823,69295.99574756571,86017.80516121449,122739.66494079411,103137.90030931239,83963.54573530504,82038.59115106954,71635.37402574706,82195.63450761253,82063.06631124811,110768.76351460976,74614.77215466168,4
130351.35034934884,149761.78404829314,93684.09588147353,183741.24124541777,93089.27125802891,70078.77619013503,86340.8772755715,122067.52563327858,109241.26765027853,81264.8855167491,79066.25617340281,73219.30804482795,85428.65788086152,83363.84843156916,111652.93147002834,79558.82156596442,4
129364.5878868804,146616.5583272646,102410.12750984759,178055.024511221,91978.79189000034,70534.32709387864,85143.71784254526,120257.1907946099,102495.60058064468,83604.95669900856,82511.24113932147,72055.02802789546,81756.82506046594,82477.53470868287,109361.72120114819,73887.06641043024,4
130371.77984378098,149814.0647785741,88761.23592391443,182241.30508199992,91786.05279756222,69026.32195071244,86742.225199011,123830.85475335775,107232.91870748029,82527.42380230711,79944.72443398529,72344.19254591377,84429.60195894266,82591.52860540494,112169.36852566821,78072.00587654185,4
129747.76384207772,147792.7294722473,102118.03491330563,181194.28231647998,93209.18836703163,71011.91681765519,85361.49088877332,119904.81554327198,106315.44665282329,81925.51367587014,80658.75091061008,73038.75065311798,83786.45286398564,83284.4550352639,109936.96569644997,76986.02402043629,4
129758.4256241829,147853.03447878774,94291.19161262413,178756.62341792864,91102.91643177468,69324.98596012425,85985.70805617668,122686.46778899049,103041.83251164347,83982.12003494741,82108.44035249238,71629.8531448666,82153.21089663636,82052.02454948719,110759.75576159428,74550.91322075286,4
130343.43783181165,149725.66362925337,93588.02808380463,183628.342584174,93052.97202503348,70050.41182642124,86333.65766211244,122045.15153707881,109186.39411764075,81260.6833887915,79082.34942941063,73189.28965202447,85399.66766830298,83326.81159100671,111651.59036536103,79529.87605689479,4
129354.06021524195,146539.84714029398,102587.77917477836,177945.05392850089,91989.90070699462,70560.38922791353,85119.15327538888,120175.78574130365,102489.31974045275,83573.03840792637,82517.5219795134,72054.759806962,81754.61223776487,82472.12558652468,109333.49094790113,73889.50275057588,4
130339.48157304307,149686.79394564556,88847.64776797865,181957.81790707327,91737.23658767184,69022.81272683296,86715.15723647561,123759.5079850564,107082.04443240697,82544.79110774888,79994.14414097597,72293.65525170031,84345.51469630179,82538.37615709021,112114.42793779707,77956.71557864136,4
129730.97768199179,147723.28260222467,102079.92518900934,181040.01057624945,93193.65390463518,71009.50282925402,85351.41025202397,119834.92163836023,106343.87807177045,81889.34855334146,80630.14067770728,73035.26378098295,83803.61900372732,83263.28793326473,109944.9005657316,77019.30576793024,4
129746.71331008832,147715.39243643195,94591.3755406589,178539.27505484523,91098.51313811698,69380.9770799848,85975.04627407149,122666.68649514753,102905.39746348829,83985.71866580471,82150.86396346855,71602.29344395321,82073.9739625423,82010.04797340011,110669.45471399484,74435.28764668557,4
130368.29297164596,149736.3924665919,93559.12727822391,183760.86607704952,93034.97887074696,70061.69945737117,86360.2338862698,122169.42723625033,109180.69442280465,81311.46655219395,79130.94212185647,73198.09623933987,85426.53446513826,83317.15563740201,111761.06920970311,79549.74675771556,4
129357.81530831044,146526.01141047615,102834.94476496516,178089.64736338228,92012.14069272765,70609.09367908165,85106.1892636048,120170.33191565657,102475.21578970144,83570.71382650302,82536.72212800052,72070.20486238062,81757.22739186614,82464.99538004345,109359.44132321374,73887.87107323064,4
130348.17640163618,149664.15162851234,89025.63470907626,182043.64860578164,91717.72351476234,69049.50070971259,86719.2699574554,123842.09768081877,106940.26731732694,82612.58394868183,80078.61138327258,72271.72819038967,84280.98521005931,82500.93698512757,112142.83700499976,77857.4738332598,4
129761.01842653973,147799.01031243926,102126.90855585439,181352.82323990145,93217.14558805771,71032.05573940942,85370.52099353325,119926.11675573788,106392.69428166084,81910.1803791738,80646.50215464857,73060.83417663982,83857.10672820888,83270.97693335735,110065.80115149036,77089.60200424219,4
129721.74641153174,147652.7404967237,94925.8023411992,178540.392642068,91091.27117291346,69406.61453087504,85928.64405258227,122579.3805813051,102756.69130762713,84024.20836975674,82219.93085383545,71580.85812102057,82004.97412740876,81978.64377244041,110658.4129522339,74332.96136056917,4
130349.04811966994,149692.82891664852,93486.03707385506,183648.16858150586,92994.36575107167,70030.29525641147,86347.51574367472,122144.23682024919,109093.0979362843,81323.71530815546,79133.04318583527,73151.00111377252,85380.44516807141,83261.43273847493,111770.74751505227,79494.24737623303,4
129349.14283146178,146454.6199386859,103068.96752941221,177988.97510635556,92034.8724168387,70645.7728917328,85087.79377791808,120114.38549928494,102435.20616712644,83544.67404421259,82524.6298342502,72058.82782445286,81734.4956677551,82442.77774605487,109320.59399135041,73862.94887816298,4
130301.32714525786,149541.44055145272,89134.26418712905,181791.6550387925,91663.07349956913,69028.0430350355,86673.09125341073,123741.67129298107,106783.17925729505,82668.99975168702,80158.87649761159,72231.15977420328,84210.10782839154,82458.5133741514,112138.92544972009,77744.5528202716,4
129737.21381869481,147701.82492754757,102088.75412806918,181100.15912057867,93205.72384664105,71024.88082943927,85360.23919108382,119874.68539174621,106370.0519645276,81856.69265469226,80597.5741860359,73023.12678374372,83827.9824051836,83222.898331034,110004.713833894,77070.62537319963,4
129640.31900648106,147463.68944212073,95184.45672803602,178167.36437885338,91058.72703298653,69415.04113853468,85855.93382786916,122391.53652090271,102623.74313160696,84040.14516355339,82279.65471502003,71549.36451308304,81931.95097827328,81945.02674877964,110595.55984682559,74228.86928664081,4
130321.35430828981,149586.7028339747,93422.17813994625,183401.02534306352,92954.98197734142,70024.19323017517,86354.86946760053,122185.00640213567,109002.57337124032,81325.43639247851,79151.55043024427,73103.45895331609,85326.97979533432,83203.89934824698,111735.2752966017,79426.90157018919,4
129310.7201827431,146360.8543706959,103258.10799099303,177899.3446110898,92038.0687162958,70678.9875839934,85053.7744228571,120047.71024557475,102429.59587926816,83533.90050338513,82551.00489270745,72067.65676351271,81740.41888003575,82437.86036227469,109326.62896235335,73869.29677358828,4
130241.8938567512,149400.6245613843,89253.44368856474,181541.42725961533,91609.40696113193,69025.38317744531,86632.41107850207,123677.83471081672,106609.52855462176,82700.023972991,80231.51966709133,72181.27068057904,84111.38017313245,82395.01206815387,112092.45617299751,77607.04488838254,4
129716.27023414019,147659.66953750487,102052.1866741403,181081.00367558046,93199.68887563812,71028.59121901885,85357.13229860453,119885.77185699606,106386.79342112463,81832.75393638063,80585.92892717468,73017.76236507445,83841.25934139006,83193.97517370882,110032.89938365214,77094.698201978,4
129614.63685210192,147385.2795225715,95465.61932153933,178172.17000391128,91054.86018119576,69452.32384828613,85829.40230720071,122369.40829389195,102521.64036293511,84067.77191970014,82343.31248322874,71544.40242581397,81887.06867540702,81918.00348973316,110588.51904732217,74154.61679156027,4
130332.08314562836,149602.3043516045,93337.68854590518,183542.19896104324,92932.429067186,70014.44786959265,86378.02587485622,122292.31712726559,108961.62497539818,81351.9455614025,79177.1878811345,73090.47258978756,85316.85445509607,83167.7789292072,111796.5861316426,79415.56923575036,4
129308.93204318668,146367.67165275474,103399.08044327264,178107.1934827797,92061.47099274052,70700.75818309285,85048.074728021,120036.60142858046,102451.32177487871,83520.40004973413,82553.39652936418,72091.32726089087,81765.9445722037,82435.7592982959,109369.87958787437,73908.38997464061,4
130254.92492376865,149414.52734643547,89319.3813347079,181735.32864276515,91589.5139085667,69026.88074432382,86645.86682866416,123769.92389797258,106507.58224816111,82751.41063349374,80289.43303697504,72165.31153503794,84076.51145178216,82366.87122188463,112132.2646298724,77551.38904468883,4
129722.88635049897,147715.43713992086,101907.54853577001,181274.1898029077,93198.59364015982,71002.17145707268,85367.36939756507,119883.38022033933,106445.33263985308,81798.73458131964,80543.12533654277,73027.84300182379,83880.53135639803,83189.28130737321,110086.36475638924,77166.29083946835,4
129620.9400440383,147362.57015020493,95645.5285126601,178235.64895816435,91061.16337313216,69474.78735146372,85826.69774612162,122369.11772121403,102444.70565851995,84069.20243134529,82371.72155043144,71540.3344083231,81850.03183484457,81909.46512335124,110556.0419626286,74101.37493626773,4
130350.3668725928,149651.23232021718,93144.50241857796,183677.0470353421,92906.05400872875,69978.8638924198,86399.01416289975,122360.44524436537,108960.55209166433,81365.960105176,79182.93227945952,73088.90796767568,85336.07695532763,83161.27457157071,111869.8104464782,79438.23390462804,4
129297.57735700338,146360.8990741848,103424.91905986298,178114.70366891669,92072.80332717935,70699.0818022587,85029.99216675665,119940.53363091155,102476.66865309104,83467.53817409732,82516.00206089045,72099.53035110598,81778.97563922116,82438.88854251963,109349.98653530914,73934.6979778645,4
130255.30490342437,149374.83064828286,89307.3784479354,181623.14523734394,91561.97655939776,69021.85160182138,86656.08157588025,123785.50306385793,106402.14906956544,82766.74393019009,80312.12005759717,72133.03561604448,84022.26376798913,82338.4845064264,112089.41633575158,77468.97816288211,4
129790.45567398737,147835.28719369022,101767.0231183795,181581.61569614598,93232.00949812049,71021.6174747488,85431.60831112962,120060.338981192,106567.44021981243,81792.6549068278,80519.83481882034,73065.84096739782,83976.55445057803,83221.91485427796,110192.60259778531,77288.17490198313,4
129638.86614309147,147404.9937611811,95808.13745357245,178425.23645463426,91076.36255936178,69500.08952618713,85819.18755998464,122367.41898863543,102414.19552733845,84094.66106827988,82420.67187078856,71555.66770501944,81855.57506746949,81924.68666132531,110586.9991286992,74093.73063966402,4
130376.9207450057,149728.4352455658,92946.0412795593,183795.39952223297,92890.31838063222,69953.3605519963,86423.57873005614,122423.45481198488,108955.54530090635,81373.13501514614,79169.07419789722,73070.1995575666,85339.02738559573,83138.2746265262,111903.3157114167,79447.82280299936,4
129333.96599697662,146433.74340936463,103508.7828050593,178304.2911653866,92114.80225501089,70735.2469247874,85043.71613785221,119976.02820110659,102542.53924400083,83443.33123485223,82499.50647348243,72127.20181074165,81822.44978218673,82454.35594968271,109369.05257332952,73993.70658322652,4
130254.65670283517,149394.99192178153,89332.99354708119,181648.26859811172,91535.91442536288,69009.13345922632,86639.54128498332,123767.53226131586,106327.67305704035,82816.02952671403,80372.29095367086,72124.72076710711,83991.66422982982,82323.37472717461,112115.43376629756,77417.77031633501,4
129792.91436587744,147875.8109063877,101604.81650886733,181562.2143819588,93234.91522489968,71001.29973903892,85435.67632862048,120044.29042867309,106629.13103450908,81745.47037428265,80463.6872367486,73062.80113015189,83997.49803513265,83207.40857212646,110191.82028672937,77337.12522234026,4
129607.93132876532,147342.72180112862,95978.43539457743,178249.66350193782,91073.97092270505,69513.09824146012,85784.0953211898,122270.77004561068,102351.52123588577,84092.20237638979,82447.94099902404,71547.03993165969,81814.09022976045,81910.35919312945,110532.81850013955,74036.91250525863,4
130363.71086403262,149718.82399545002,92763.36047212606,183640.39017443542,92859.07064188369,69918.13420273474,86428.96550046987,122436.21765806887,108935.60754485222,81371.48098605646,79165.5426222733,73047.93722008911,85323.17999877692,83111.60899539101,111907.18256320746,79435.23877087102,4
129324.95824396114,146427.9543075507,103562.31523302976,178252.74804267264,92144.753592581,70749.01559937187,85037.70351859374,119939.52780241106,102602.8666022857,83405.19915881148,82476.14890052663,72144.14443303877,81852.44582324575,82469.28691497886,109361.18475928126,74047.01549375242,4
130212.99305117049,149327.8025779489,89340.48138147371,181432.88718854036,91504.55492789208,68984.45713334765,86612.36156372566,123698.48772269342,106230.6217826154,82837.42014615776,80413.46286695753,72093.49538010304,83931.3592232894,82296.10559893913,112082.5543502038,77341.48381250905,4
129766.382845209,147851.98394679834,101409.01522743884,181398.04081893456,93232.0542016094,70966.58747989983,85429.17197098398,119983.35957328792,106687.35732881515,81691.26739397853,80397.95075630555,73050.7982433794,84009.36681143842,83191.00239169627,110166.45105677261,77383.39333336275,4
129565.15008987786,147240.88725339025,96137.31159416576,178007.21412983112,91074.32855061634,69524.56468636569,85747.21494283855,122156.03854132158,102293.94314216891,84085.58626003102,82459.85447881871,71532.57835299711,81764.91639195876,81899.65270753535,110453.5145108121,73981.36842028718,4
130315.74402043154,149650.38295392788,92554.01403355766,183391.6823138812,92817.74226638583,69866.18874862061,86410.19003512741,122359.9311542429,108915.13334693115,81375.21372738048,79155.17141284603,73017.65060635217,85295.84381530808,83084.20575668881,111896.43137412446,79415.70334621708,4
129273.45982473611,146329.89720462527,103601.18491663753,178014.07611537888,92154.72247060806,70749.3508755387,85000.97960245366,119814.82742009491,102630.04632354336,83346.10114647164,82420.35894636619,72135.98604631258,81835.39144222635,82458.49102240695,109281.05375540898,74051.84347055477,4
130158.99123656646,149206.45495730103,89376.57944876903,181168.48840337855,91464.50060182817,68968.14035989527,86580.19740345448,123654.56654483874,106121.90289758479,82858.38608245684,80438.25095155847,72050.37886504875,83850.20003917218,82258.64407523205,112019.25420990637,77241.8844392162,4
129744.54519087616,147842.41740017146,101258.4538767879,181409.55196732903,93227.49444574052,70945.66624708966,85427.67440410548,119994.69190772677,106773.16567577908,81663.8194517874,80352.0626249388,73054.82155738135,84044.01201534415,83192.61171729706,110205.67836829167,77451.6332091848,4
129516.62445266539,147144.05949640984,96334.3422215393,177890.40391330767,91069.50057381399,69540.52383190679,85710.62513716522,122085.83171198747,102221.43408315588,84074.41038780336,82468.43754868956,71510.78540215318,81702.15269352826,81880.81018695953,110377.27271047507,73907.0935734622,4
130300.94716560212,149647.7677998266,92406.53722364154,183438.95625340418,92786.69569333742,69837.48910873999,86419.22013988736,122433.26722780077,108905.27622762635,81396.13496019065,79154.4785087679,72995.85765550824,85284.89146052497,83067.53135532515,111927.00856053933,79407.85788391327,4
129252.69505413713,146314.87683235132,103681.04769957635,178091.12257851634,92174.88374410674,70764.66182049058,84988.23910811414,119789.43583839368,102673.98985314248,83307.96907043089,82378.85175691269,72140.56815392592,81843.39336674135,82461.9108393086,109256.60094697487,74073.6364213987,4
130158.56655342181,149212.31111434833,89475.8211941506,181304.92345153374,91447.44622080878,68979.53974956748,86584.55599362326,123748.9579616735,106048.43271356019,82919.60751051993,80500.96994650006,72038.33127478734,83816.15833236674,82253.23495307386,112039.90722178307,77176.84086285126,4
129759.45380442785,147925.4541308229,101139.49789279675,181660.60676105105,93236.47984701155,70938.60309584178,85449.10972703811,120086.80344662708,106852.64847906215,81652.12948943728,80320.16668560109,73060.72241791754,84083.17227162985,83199.33959237809,110262.36239223032,77514.97805297114,4
129528.64969118235,147186.66192134167,96586.6487129508,178165.28566661905,91087.2031554226,69582.38864927157,85705.43953245158,122164.15222455887,102190.61102755202,84110.73197254325,82519.55598825884,71518.00501561225,81689.25573697755,81895.89761446687,110403.08897532093,73882.26078537236,4
130321.42136352317,149749.08825744252,92308.68128641622,183738.4696291053,92762.35464362559,69817.7301666415,86436.94507324041,122567.28828755478,108888.24419835141,81433.32826296429,79179.73598000241,72974.75760874244,85278.36475114402,83055.55082029711,112013.80038425927,79405.6450612122,4
129282.75815042951,146427.77549359508,103801.3000847459,178474.32088545812,92207.58434624485,70789.13698066914,84993.00002968313,119849.85260365637,102737.8487870513,83300.12360812708,82375.94603013349,72156.75081691156,81888.36507658543,82487.03420007638,109334.11679674588,74142.3009803654,4
130179.28662053189,149261.59671087225,89591.78204438473,181484.07268334302,91432.67171772382,68980.56792981243,86587.6405343581,123812.3251572043,105929.63319178025,82959.97476100622,80558.59274370584,71998.56752140135,83759.74252936155,82230.90556036301,112061.78957960483,77100.37554506965,4
129804.44786601639,148062.2468068894,101033.61767931197,181999.03452384885,93248.84036169534,70921.05697644436,85474.45660525044,120169.28138366717,106927.95150613207,81646.27333239,80303.08995283722,73070.6912959446,84152.4626794413,83218.27151993175,110386.01224255709,77609.95061516174,4
129529.09672607145,147175.06136596936,96797.96210503127,178146.30903557647,91094.64628632621,69588.40126853005,85676.82929954879,122075.54990953802,102089.89406703641,84098.5502718151,82534.41989832162,71494.35686997854,81645.20044865613,81881.39133231537,110357.17849220974,73816.16667701802,4
130358.39114885226,149795.848106843,92166.39008121373,183751.70186182283,92742.68510850491,69785.16367497011,86462.02373051927,122628.5991225957,108851.60968918916,81455.43413823059,79186.59796555019,72956.56328875582,85289.51827162722,83049.53820103862,112056.00047779089,79409.37780253623,4
129318.6774037692,146465.30407253554,103860.30869010791,178522.62300522602,92243.03421295098,70804.73849829895,85001.82896874296,119839.32493201792,102781.12176431678,83265.03136933224,82348.45338445347,72177.1803113437,81937.04717600909,82517.03024113539,109342.18577649424,74200.43786769365,4
130186.59564096876,149237.6132890717,89635.63616700604,181358.8135074155,91410.40938024633,68975.35997335434,86581.89613603309,123800.16580822061,105813.73939677948,82995.60344166798,80598.08827615838,71975.85814903476,83719.33057538635,82231.21848478538,112027.01026523237,77027.17358197851,4
129820.11643887954,148101.6082288752,100839.11279906188,181965.37279669914,93244.92880641566,70896.02302265442,85487.59943099016,120165.52629059867,106984.59082658183,81615.80790469742,80248.50699287737,73071.60771746728,84200.85420618704,83239.81860158665,110403.22308578767,77682.8396538305,4
129499.9724030462,147100.6747604221,96942.17556025692,177912.2415676405,91092.79109153642,69599.39832680205,85641.53589505385,121935.5832857589,102016.20036556726,84082.47936755173,82542.89120947018,71477.23543372577,81610.17526509467,81894.08712316598,110281.71900292863,73763.52831882576,4
130347.50584930253,149757.4478098688,91979.03775918935,183515.28746071906,92705.87178538702,69750.09378791974,86467.54461139973,122613.10936368816,108802.8828862766,81447.83454511578,79163.77683446131,72922.07454706127,85268.3288178836,83040.64220674541,112019.7906517733,79379.00178182147,4
129315.03406942298,146433.4081331978,103873.60797805882,178407.48916953674,92262.01084399353,70815.10970772621,84996.48690181815,119775.77892253149,102829.69210501816,83218.18211295392,82309.53899735678,72189.45141904967,81974.26283052716,82546.73570951649,109324.7067123302,74249.54465026196,4
130152.75509986343,149118.32202891374,89647.50494331181,181018.5752533168,91369.21511521521,68954.10346437735,86555.29756013126,123701.43815296152,105685.41803186155,82994.41879921184,80611.99106120957,71937.23433461599,83650.30838850838,82210.2525484863,111941.80541536873,76923.7073568949,4
129873.49240463882,148134.5547002023,100659.82945678585,182015.44070427906,93266.38648109275,70903.86848495824,85545.95983576296,120301.49195212031,107071.8743886798,81585.34247700483,80197.679125986,73090.38318280973,84267.17183198594,83265.79132864373,110430.9168971678,77766.14460541542,4
129525.43103998079,147097.07612956478,97096.82728014319,178010.03044963247,91112.77355107946,69635.183469675,85640.19479038654,121942.31116083995,102012.62408645441,84099.75726601569,82580.15156747718,71513.13233532099,81635.29862586244,81937.04717600909,110298.97454964812,73774.79359803125,4
130367.22008791211,149786.7062433608,91784.55523068372,183562.49434500866,92679.11674727402,69728.52435452037,86489.56107968821,122673.77199813987,108783.54862732276,81460.75385341095,79160.06644488174,72913.0667940458,85268.52998358369,83042.22918060175,112035.01218974736,79374.06204629685,4
129308.23913910857,146441.05242980152,103871.55161756893,178443.87780950998,92279.40050117976,70824.966827031,84982.36059932239,119708.32135776537,102896.68028315071,83176.71962698933,82263.09207237865,72218.21811416365,82008.37159256596,82576.32941917532,109317.86707852688,74306.76511606755,4
130144.64141662615,149097.87018273716,89712.86144409912,180983.43831103307,91346.55044633753,68963.3794383263,86545.06046117074,123722.06881309376,105597.82154534121,83032.30500606359,80653.20767798516,71923.39860479816,83597.7370855495,82203.56937689417,111912.59168536565,76850.55009729268,4
129867.56919235816,148176.86655245622,100517.35943762773,182073.8681642852,93263.88308571377,70891.86559818573,85552.41948991055,120329.67750187845,107140.18131973522,81562.38723544923,80152.48389869736,73095.14410437872,84288.02600956273,83266.50658446629,110454.83326373498,77817.30774847361,4
129503.72749611468,147082.50279217993,97345.71395465302,178054.91275249873,91122.45185642861,69669.33693520272,85615.04907787431,121937.17025961522,101978.6717866268,84119.82913253656,82612.89687310421,71518.20618131234,81601.36867777929,81938.29887369859,110283.88712214079,73737.42148130196,4
130355.84304998435,149823.74308392324,91706.65940125697,183655.23173275375,92645.65618582442,69697.56718844977,86488.93523084346,122735.86514423671,108766.04721141425,81504.47386556552,79187.15675916157,72901.91327356259,85246.4688118063,83020.68209894683,112088.96930086247,79359.46635716753,4
129277.88547013825,146432.6705256308,103979.97992992162,178444.50365835472,92289.39173095129,70824.94447528654,84954.24210479762,119621.79775497888,102938.16512085976,83151.55156273265,82231.57611269667,72223.67193981075,81999.16267385038,82565.19825043657,109293.7495462596,74319.01387202906,4
130091.37720958916,148995.29802743174,89846.30135849731,180734.03754640074,91299.63413472583,68943.12875784979,86506.32488802969,123628.57146603722,105472.16003801348,83068.73834952574,80684.16484405576,71880.68442114406,83499.74703785742,82153.36735884755,111842.54131824271,76718.2054183728,4
129820.09408713509,148121.23306050696,100385.73001453043,181874.6247142106,93232.03184986494,70839.58486790478,85524.14453317458,120219.81867788061,107192.97614013865,81539.32023517136,80093.78821775773,73084.32586006235,84292.00462007578,83239.8409533311,110454.16271140131,77834.33977774857,4
129426.32340506595,146906.23693540538,97578.3285591994,177665.09832919817,91093.86397527027,69657.08817924121,85543.45644038398,121724.5828181008,101900.1501083553,84102.73004802824,82600.80457935389,71486.39964895244,81519.44953435058,81894.28828886608,110166.36164979478,73625.86392472553,4
130307.0044883495,149688.76089915764,91614.79373154567,183294.25105980053,92588.41336827438,69652.61783035015,86469.3103992117,122687.0042308574,108695.79567859122,81505.32323185483,79163.0839303832,72846.7491682469,85170.87521205845,82951.19052543528,112029.58071584473,79259.44230073004,4
129287.9661068876,146398.91939150327,104131.63651605089,178502.70760091636,92323.3887342678,70861.08724607078,84965.552087492,119704.76743039697,103011.09886301743,83121.64492865145,82203.32350770516,72237.12768997284,82018.49693280422,82558.60448582226,109309.48517435613,74343.6007909299,4
130078.54730827181,148971.15814342,90038.72752651304,180888.21987965345,91277.10357631488,68941.45237701564,86482.22970750686,123685.7472283539,105397.90754293294,83141.33681551658,80772.34247593195,71874.09065652975,83453.59068555721,82130.30035856967,111918.67135985749,76640.6895686018,4
129823.26803484774,148170.0269186529,100307.05187404774,182103.9759640665,93224.99105036152,70811.35461465771,85522.51285582935,120280.92834722143,107244.83218727497,81527.67497631014,80067.61432500057,73076.61450822526,84295.26797476626,83208.74967679378,110525.95651459176,77859.01610362722,4
129408.19614031269,146877.91727518052,97847.4435624413,177754.3041413193,91101.01653349597,69673.82963583824,85510.95700394595,121689.57998628379,101841.45442741567,84115.78346679015,82642.20001008511,71476.9225093034,81462.13966156717,81868.89670716485,110161.75719043698,73557.84756634803,4
130314.87230239778,149732.3468008455,91537.09906781901,183441.77257320556,92561.92655109485,69617.36912934412,86480.7097888839,122769.99625801996,108671.65579457949,81555.3464359458,79197.72913428892,72827.59372324869,85146.60121758,82923.34025184397,112101.86625741319,79237.82816384175,4
129281.0594178509,146416.86784230088,104167.77928683511,178586.61604960158,92337.06800187446,70847.22916450849,84949.79410765102,119644.12714768972,103067.35820381144,83096.34275392804,82182.58108885064,72241.21805920817,82026.78942999714,82553.21771540854,109321.42100589526,74380.41411404779,4
130063.12460459764,148917.2457357938,90089.57774514887,180759.45147984644,91245.40880267725,68920.37468199429,86469.86919282308,123632.52772480581,105294.77659401615,83169.74588271927,80815.90602587535,71834.39395837713,83373.5267369183,82095.69985815286,111865.02717316475,76547.10281456744,4
129858.96377074288,148233.95290779506,100088.8764964195,182216.51699739898,93230.53428298644,70786.6112335457,85564.93646680552,120342.3062374957,107345.81736872403,81513.54867381438,80036.7912693967,73086.22575834105,84344.21829512338,83218.91972052095,110578.70663150628,77945.45029943589,4
129426.59162599941,146855.2749580473,97959.78343007367,177739.66374870107,91117.1544929927,69689.29704300131,85513.75097200286,121638.99798858142,101824.08712197389,84098.52792007064,82645.66453047568,71477.70482035933,81443.94534158056,81871.19893684375,110107.55421013288,73533.79708931412,4
130373.83620427088,149785.38749043795,91319.92951869125,183552.59252221495,92545.40861194237,69592.96102439893,86531.06826914172,122871.87550924726,108680.48473363933,81567.32697097385,79194.28696564281,72825.51501101434,85170.47288065826,82920.94861518724,112136.33264736328,79253.6084954272,4
129296.43741803616,146430.99414479663,104067.59876818644,178630.3137100117,92352.8483334599,70830.75592884493,84944.47439247066,119516.38692812764,103160.67673691234,83033.31083456408,82118.85626540855,72273.27046075708,82096.88450060898,82570.71913131705,109322.76211056259,74459.56164116402,4
130054.83210740473,148818.56278402364,90048.8528667513,180468.67763622734,91217.1785494302,68900.4145741957,86458.42509966197,123500.56302554168,105186.14711596337,83145.6730539409,80800.39391522335,71806.38722257462,83325.0681549392,82055.77964255567,111745.26652637322,76450.14094712031,4
129903.55550093121,148235.62928862922,99818.80036816602,182130.46278124605,93243.69946047061,70776.86587296319,85617.08308661975,120385.15453161651,107426.37305574097,81446.09110904827,79946.82549796409,73096.48520904603,84411.69821163395,83209.39787738299,110542.07212234403,78008.95160543342,4
129441.32142559547,146812.15844299298,98064.65781505797,177706.35964946268,91146.54703695144,69723.56226725128,85515.60616679266,121589.8017990353,101835.50886339055,84077.0478936491,82649.57608575537,71510.74069866427,81483.41852228863,81885.16877712832,110071.83612249329,73542.15664174041,4
130364.76139602202,149744.21557715125,91084.9009257437,183387.1896132457,92515.32316390553,69557.08647454817,86539.4725250569,122834.30222681788,108647.6947245234,81551.59134287732,79160.22290709292,72806.7395456719,85155.94424676232,82884.17999555827,112080.54269320282,79219.85736129968,4
129323.773601505,146445.7239443927,104021.73298856414,178668.9822279194,92399.20585146021,70860.37199024821,84975.47626203016,119544.37131218569,103262.98067128428,82977.05149377006,82063.40158741493,72304.56290299451,82154.88727747051,82588.95815479258,109287.02167117855,74530.7966507431,4
130050.00413060238,148793.32766453357,90062.3086169134,180431.30551949807,91206.15913941374,68904.32612947538,86453.79828855972,123484.78269395622,105137.6214787509,83177.14431013398,80848.49486929117,71811.81869647726,83301.08473313866,82056.80782280062,111720.90312491693,76402.88935934179,4
129883.19306173243,148234.71286710654,99531.2898792374,182019.84399793672,93230.40017251972,70736.61038119918,85616.9042726641,120309.02449000174,107499.39620487645,81396.0679049573,79880.84314833202,73094.69706948962,84428.14909555306,83200.39012436749,110509.28211322811,78053.5209838773,4
129402.63055594332,146726.26068905124,98155.49530452435,177481.36698977556,91153.40902249921,69739.6108197702,85484.93957339997,121470.19761445494,101814.90055500277,84042.89442812139,82642.5576379964,71506.4268119844,81447.0745858043,81884.49822479466,109958.35631589369,73499.17423715285,4
130350.88096271527,149729.61988802193,90896.20749905199,183276.59318168083,92487.80816648105,69537.68516036095,86544.45696407044,122857.50333756249,108643.60435528807,81566.25408724,79172.29284909878,72794.28962401029,85147.29412165811,82879.57553620047,112075.08886755574,79200.83602676821,4
129313.55885428893,146443.48876994714,104004.79036626701,178655.5711812462,92426.58673841796,70886.07649637181,84969.57540149396,119531.5637626128,103340.38476233301,82922.69205125477,82016.21705486979,72315.6717199888,82178.78129229324,82601.8998148322,109249.00135386008,74568.05700875008,4
130047.0984038232,148797.01570236872,90173.82147000093,180530.39080266844,91201.82290098941,68935.19388856816,86448.29975942371,123576.64836366754,105078.79168734452,83223.18890371191,80910.9456432993,71800.37460331614,83269.52406996777,82060.11588098001,111725.373473808,76339.5668672999,4
129881.94136404293,148316.07321692386,99361.5060283549,182242.84735236733,93227.56150097388,70722.10409904768,85615.4067057856,120369.30714479771,107582.14236285,81383.9532594625,79854.87042127496,73097.37927882424,84461.31908432473,83206.87213025954,110574.88448320443,78109.15447582657,4
129364.11850024683,146706.7252643973,98346.46860915048,177505.17159762044,91156.18063881167,69758.05100894583,85433.30704370822,121377.46022670988,101789.86660121282,84033.5290471946,82658.53913528194,71497.50846594674,81406.72968706247,81882.26305034912,109920.47010904195,73452.97318136373,4
130310.13373257325,149694.84057364948,90759.32541600769,183130.6362903877,92438.52256995709,69497.2061511524,86522.44049578196,122823.26046505696,108588.03791857218,81567.17050876266,79173.11986364363,72745.22754493088,85079.34481851397,82841.68932934872,112035.81685254775,79132.66320617952,4
129303.92525242869,146450.46251421722,104013.21697392667,178699.15708293405,92443.28349152608,70893.02788889741,84958.08660484393,119508.36265186818,103444.07450486119,82883.68825718026,81985.32694403255,72333.3743015974,82211.5042461758,82623.245730787,109261.16070284376,74636.05101538313,4
130021.99739479988,148723.81373927757,90266.31298855698,180370.93345772428,91170.48575526307,68931.48349898857,86425.72449752384,123531.94487475693,104973.60437793785,83233.00131952779,80943.08745182604,71763.31541100924,83182.59813578107,82028.39875559793,111649.3998944044,76233.93252300413,4
129902.16969277499,148365.5823308924,99172.83495340764,182351.65564437577,93225.41573350618,70704.06624127224,85638.92074095258,120432.0261397393,107675.63970990655,81366.1612708761,79820.91812144735,73108.24222662953,84509.33063141473,83215.41049664146,110625.17590822888,78184.16693021858,4
129411.41479151427,146737.86124442355,98567.23678913555,177715.81443736725,91196.39142708677,69816.0761375518,85454.96588408541,121490.33653620917,101787.94435118967,84028.25403550315,82674.09594942283,71514.09346033257,81405.45563762852,81895.87526272242,109897.85014365318,73439.02569282362,4
130371.08693970287,149833.55549973913,90670.38782482002,183570.54097301257,92431.01238382011,69489.36068884858,86557.19745840997,123016.33483366191,108610.25555256076,81631.54353279395,79224.48417240194,72768.04867601975,85124.42828708033,82863.1023005369,112173.63770885918,79167.06254089625,4
129358.4858606441,146595.81590841006,104066.39177398584,179156.63023670082,92488.6798845148,70918.86650548775,84975.92329691927,119601.6364814802,103530.12872101412,82851.72526260916,81952.71574887226,72366.2313659467,82266.64599974704,82645.95510315361,109316.81654653748,74705.02849877221,4
130017.88467382011,148759.64358563942,90398.68001922131,180510.0507152141,91150.6150544423,68924.8673826298,86394.36500005305,123504.00519418779,104878.02831864695,83269.43466298994,80994.49646407324,71751.06665504773,83135.9723968473,82011.52318853416,111654.16081597339,76148.23593476247,4
129953.06461489972,148490.93091379773,99059.35514680805,182628.23613026575,93237.59743423433,70697.62893886912,85676.15874721513,120576.15018798712,107744.66189678454,81353.73370095894,79787.92694663131,73116.19944765561,84549.04968131181,83214.6952408189,110687.47022002582,78237.45348900002,4
129373.10390151787,146719.91279362593,98783.8698963964,177697.5530621473,91192.50222355155,69814.35505322875,85398.17010142448,121335.81892678964,101754.08145833988,84022.5319889226,82691.35149614234,71517.11094583404,81377.73947450393,81895.16000689984,109886.16018130306,73400.75950631613,4
130351.35034934884,149809.28150526065,90604.91956531044,183420.47136073964,92388.27584842156,69454.06728435366,86550.67074902901,123011.81978128193,108532.0691504561,81644.39578585576,79221.2431694559,72722.80874524222,85060.79287061607,82817.52709359254,112143.77577826689,79088.18323471346,4
129294.9174994132,146517.3836371164,104090.03991961956,178882.9778293345,92471.91607617332,70888.17756035061,84921.92148231524,119399.88963602658,103564.84098015321,82802.41731434075,81895.71880051123,72356.79892978656,82255.69364496395,82630.89002739072,109273.32005182744,74710.8846558195,4
129963.25701037134,148607.6740750878,90564.39585261296,180096.63284976876,91107.78911206593,68919.2123912826,86356.72466239032,123423.67302461542,104731.6690959536,83285.9078986535,81020.6256533415,71697.33306137718,83023.87839840393,81966.05974031208,111541.28450647408,75999.39566843459,4
129926.44368725344,148450.07192493344,98931.74903771271,182479.86525057143,93210.7529891435,70665.62124080912,85671.24136343497,120579.41354267759,107782.70456584747,81347.4975642559,79758.82497535051,73105.35885159479,84558.39271049412,83207.5426825932,110718.02505469622,78257.50300377644,4
129335.37415687731,146624.58260352406,99034.76822790722,177560.4698134029,91187.80835721592,69834.02458834942,85355.21004858137,121272.38467602548,101698.24680069051,84021.90614007786,82707.15417947223,71504.75043115026,81330.8008111478,81886.55458528455,109837.43337839049,73337.30290380752,4
130289.36896197427,149697.00869286165,90519.96058463582,183123.84136007327,92318.82897839892,69398.00910925974,86507.37542001909,122919.2612074925,108426.36775092695,81659.1255854518,79227.65812011459,72666.16942479246,84983.20996561169,82764.91108714475,112103.58734173625,78988.0474195537,4
129310.7201827431,146495.94831418377,104163.06306875504,178913.64442272717,92498.7381695197,70910.39519433919,84935.1537150328,119467.3472007927,103618.59692556823,82773.69532271568,81860.55950648303,72361.89512752237,82282.38162784358,82637.21557107157,109273.72238322764,74744.63578994702,4
129956.23856261237,148576.4710398282,90732.32450870569,180186.777435157,91085.63853331072,68915.32318774739,86332.78594407869,123431.51848691923,104651.96277522598,83355.3771204206,81099.77318045773,71693.8685409866,83002.21955802674,81972.72056015975,111596.85094318997,75941.59405727316,4
129914.6643179255,148437.6890585052,98764.46858220919,182457.60291309393,93183.68502660812,70618.25789430832,85662.63594181967,120531.4466990765,107789.07481301723,81318.08266855273,79703.70557352371,73080.07902861584,84551.3519109907,83181.72641774731,110718.96382796334,78256.81009969833,4
129336.49174410007,146581.89077161442,99248.29444268877,177567.5553163952,91201.42056958922,69854.02939963691,85339.60853095156,121231.12335576098,101668.2954631204,84024.36483196793,82721.19107499017,71512.43943124288,81323.02240407735,81900.34561161348,109814.90281997953,73309.54203719403,4
130295.15806378819,149685.05050957805,90425.1444846564,183095.72286554848,92280.31692270243,69363.0733326761,86512.56102473271,122943.91518162671,108356.13856984838,81689.65806837774,79246.14301277912,72644.91291581547,84951.87281988536,82753.35523526135,112114.49499303044,78938.49360209628,4
129321.00198519255,146513.9414684703,104165.0300222671,178996.3011737229,92513.84794877148,70912.51861006244,84937.38888947832,119463.41329376856,103675.45976346252,82738.84895310986,81819.70051761872,72381.47525566522,82316.91507302703,82664.0600161624,109280.51731354205,74798.79406676222,4
129937.19487633645,148531.14170207284,90846.25135019438,180131.61332984132,91054.70371898457,68908.6623678997,86307.8190455221,123396.00156497974,104539.73466631588,83389.79880688176,81147.18123044744,71677.35060183413,82946.6307695664,81970.61949618095,111570.87821613291,75857.1044632321,4
129950.36005382062,148519.65290542282,98592.62837083678,182649.98437762074,93183.9979510305,70605.13742031305,85699.40456144865,120659.14221514968,107839.72386595295,81311.39949696058,79674.02245688706,73087.81273219737,84586.08652187425,83197.79732201068,110771.15515126649,78313.82939980381,4
129328.780392263,146587.7469286617,99432.1151890892,177668.49579435537,91216.7315145411,69875.97881269203,85315.24512949529,121188.2080064068,101642.03216338542,84020.90031157737,82737.95488333165,71525.24698081578,81308.24790099238,81923.70318456927,109803.32461635169,73292.26413873007,4
130340.73327073257,149779.17370547936,90360.2797222471,183378.6288951193,92271.75620457604,69365.80024549965,86558.22563865491,123146.4219863918,108314.5643251615,81737.043766623,79285.43737953155,72637.22391572285,84941.79218313601,82758.47378474163,112181.05848801835,78919.09228790906,4
129329.89797948576,146618.16765286538,104157.89981578587,179315.5734915225,92537.9431292943,70908.96468269404,84929.23050275214,119447.20827903847,103758.5859010918,82718.73238310008,81799.74040982014,72417.66272993835,82371.60979170917,82702.75088581454,109368.73964890715,74882.23312881388,4
129929.57293147719,148519.65290542282,90983.08872974977,180123.27612915947,91041.65030022268,68915.1667255362,86294.87738548248,123381.13765491697,104397.39875762448,83405.10975183365,81181.73702737535,71646.16991831898,82857.71553012318,81947.82071683655,111507.17574443528,75735.60038037306,4
129983.01595246982,148625.64487762988,98421.79398796488,182879.55914492122,93187.77539584343,70587.34543172663,85730.20526530806,120752.01371336148,107913.39521567765,81320.87663660964,79662.13132883684,73107.07993591785,84644.87160979172,83224.21708395686,110871.49213212635,78387.47839778404,4
129307.50153154154,146558.71201261427,99591.21490612208,177615.7680291853,91225.35928790085,69882.81844649535,85281.3822366455,121069.09556020446,101595.20525875155,83999.3755816669,82737.06081355344,71521.20131506937,81280.82231054573,81927.4359258933,109751.78149363775,73247.15831841926,4
130360.15693666422,149795.82575509857,90256.16529657428,183363.67557807872,92247.81748626441,69344.23081210027,86578.72218832043,123214.080716858,108255.06398142148,81765.18461289223,79301.6647460061,72615.63213057902,84923.93313931623,82748.03552008099,112188.45691543305,78875.43933098785,4
129364.14085199128,146670.89541803545,104131.4800538397,179414.77053341517,92576.45518499079,70922.62159855623,84950.50936347358,119476.71258171948,103830.91614614919,82681.13674892626,81761.60833377938,72436.68406446982,82421.54358882231,82725.19203724767,109372.60650069792,74941.8899347651,4
129952.46111779942,148536.7072864422,91096.61323983828,180186.4421589902,91046.47827702502,68928.75658616502,86294.5197575712,123401.0754109711,104331.81873939262,83455.49058383591,81248.65815027454,71647.39926426402,82847.63489337383,81964.2939525001,111512.98719799367,75690.67337401789,4
130019.3375372097,148700.07618666603,98207.66427608303,182970.70955880996,93193.58684940182,70566.51360589429,85761.05067265639,120807.24487391055,107956.64584119867,81299.77658984382,79625.89915107479,73105.69412776163,84678.19806077458,83230.60968287107,110887.31716720072,78431.08665121635,4
129338.99513947907,146596.06177759907,99747.61006207587,177735.1486963211,91265.54772443148,69926.11377550528,85288.08775998208,121073.2306329287,101604.4812327005,83995.39697115385,82761.69243594319,71543.77657696922,81300.78241834432,81962.21524026577,109742.14789177751,73259.38472263631,4
130360.98395120907,149810.0191128277,90109.4707977141,183289.75835916502,92221.73300048507,69321.05205310012,86581.49380463289,123185.55989093303,108199.9445795947,81782.17193867826,79316.48395257998,72594.46502857984,84894.47354012413,82741.64292116677,112171.89427279166,78829.48414438774,4
129401.80354139848,146726.41715126243,104079.69106193676,179497.40493266642,92617.13535989945,70951.56710762586,84978.94078242073,119511.53659958084,103928.43680720769,82639.04841411691,81722.60453970487,72466.92597471786,82477.80292961633,82762.72061618813,109375.62398619938,75015.18130483406,4
129971.84008024218,148528.68301018275,91195.43030207518,180156.73669060908,91051.77564046092,68958.28324059049,86309.7189438008,123432.09963227507,104250.61485178648,83477.39529340212,81293.02636301832,71641.58781070565,82801.45618932917,81972.78761539313,111469.06602013898,75611.77171609065,4
130027.47357219143,148759.17419900588,97946.64060433395,183008.08167553923,93185.16024174217,70533.9471142229,85774.68523677412,120794.50437957101,108037.93913578262,81292.75814208486,79596.21603443814,73125.52012509348,84728.98122417704,83256.71652039487,110939.95552539296,78495.39262001427,4
129357.16710772124,146595.0559490986,99879.41829912881,177715.5462164338,91302.15988184928,69966.68219169167,85291.21700420583,121053.96342920822,101609.51037520294,83975.86154649992,82755.92568587372,71563.71433302335,81300.84947357768,81989.01498186767,109687.22965565082,73243.20205965068,4
130365.38724486677,149814.6235721855,89958.8870953187,183203.3465151008,92198.86716590729,69294.16290452039,86586.3441331797,123180.70956238623,108167.62395711232,81816.59362513943,79335.19236268906,72591.9839849453,84886.67278130923,82750.65067418227,112176.83400831629,78795.48714107122,4
129425.6528527323,146758.9836429338,104011.11590994787,179517.52150267622,92653.83692429507,70967.34743921131,85001.00195419812,119516.18576242754,104020.72716006364,82597.07183802985,81662.768919798,72494.39626865344,82531.40241282016,82795.33181134843,109363.17406453777,75076.55919510832,4
129958.04905391324,148489.63451261932,91286.51366073056,180052.93518935863,91042.03027987841,68967.62626977281,86291.23405113627,123369.82767222259,104179.4916009297,83516.9131775991,81340.41206126357,71647.33220903066,82778.94798266268,81989.48436850123,111449.24002280713,75545.72231122522,4
130051.70286318098,148799.80967042563,97733.47201746369,183014.8989575981,93188.37889294373,70524.13469840703,85808.45872264609,120846.58394415188,108094.04201436545,81279.52590936732,79550.64082749377,73131.66685481869,84764.90047751671,83271.06634033518,110954.61826975564,78532.96590244364,4
129330.61323530832,146537.85783503746,100015.62982983945,177562.39206342603,91320.801236725,69987.69283147965,85263.88082073699,120929.62067480334,101601.37434022121,83956.99667417964,82750.27069452652,71574.26435640626,81292.8922525516,82010.76322922269,109631.3279427681,73217.69871922716,4
130336.41938405269,149760.62175758145,89846.6589864086,182979.87377403662,92160.82449684436,69266.71496232926,86581.80672905526,123145.34910265793,108108.32477907238,81839.6159219284,79349.54218262938,72563.55256599815,84849.03244364649,82740.50298219956,112147.6202783132,78730.13064028391,4
129399.18838729721,146724.8301774061,103951.25793829656,179377.08549226352,92663.4705261553,70960.23958447452,84986.56272727999,119429.6398078966,104098.57828600149,82555.81051776535,81607.5601109934,72501.32530943457,82561.44315736809,82816.63302381433,109347.95252656372,75118.53577119538,4
129934.57972223518,148393.4773079726,91425.09447635346,179807.11070383916,91030.56383497284,68986.64760430428,86275.1631468729,123337.77527067368,104075.13130606787,83532.33588127326,81368.79877672181,71614.47514468136,82707.35534517233,81976.67681892835,111364.32574562142,75431.79546973652,4
130056.21791556096,148817.15462412295,97549.49480885206,183019.16814078906,93183.37210218575,70507.57205576565,85827.48005717756,120897.05418313196,108159.28675643049,81282.36458091314,79531.55243772894,73137.38890139924,84804.75363788052,83285.93025039796,111011.39170067212,78575.45656865319,4
129336.11176444433,146537.32139317054,100212.45929151289,177673.65904732456,91352.18308594025,70031.2787331675,85258.60580904553,120937.95787548517,101619.74747416348,83963.47868007168,82763.61468596634,71598.82892356264,81307.84556959219,82039.35111038103,109646.63888771998,73216.15644885975,4
130355.95480870662,149794.2611329867,89787.2927531353,183100.50613886194,92143.18897046911,69265.97735476225,86604.27023223284,123253.97858071073,108051.08196152234,81875.6245822459,79375.40315096416,72548.55454546864,84823.10442007834,82726.64490063726,112178.46568566152,78673.15604366733,4
129424.42350678725,146807.91161154647,103931.0296095645,179644.47941118234,92698.31689576112,70975.43877070413,84997.7162477632,119456.88658438761,104207.07365358755,82535.87276171122,81576.58059317835,72540.91024886492,82631.13589657974,82850.07123351947,109424.28373387859,75201.86307452478,4
129902.34850673063,148347.67858358368,91550.55481798112,179733.5734645812,91011.34133474129,68983.65247054725,86238.61804468847,123232.31974033354,103977.00714790907,83553.7712042059,81406.21559694,71598.76186832928,82648.21262934359,81964.4951182002,111323.51146024602,75334.36421565583,4
130093.65708752359,148876.49850565178,97376.62641723471,183123.2825664619,93188.04361677691,70502.29704407419,85869.81426117591,121009.818733909,108209.71229192166,81267.05363596126,79490.60404188682,73135.55605835392,84832.15687658274,83284.8573666641,111033.92225908308,78605.36320273438,4
129333.56366557642,146525.00558197565,100375.44821208098,177689.931117288,91376.568839141,70056.55855614645,85236.5669890126,120861.47020595912,101623.65902944315,83948.45830779771,82764.70992144465,71616.12917377106,81310.43837194901,82058.37244491249,109625.2706200207,73204.1759138317,4
130340.64386375474,149764.66742332786,89676.74102505935,182959.46663134894,92107.67204852964,69228.80640373306,86590.34509543718,123191.08077181349,107997.48247831852,81903.27369013711,79401.46528499905,72531.7683853827,84797.44461744365,82716.00547027653,112168.29564193435,78618.48367672965,4
129424.66937597626,146771.7911925067,103863.95202445412,179474.49439459972,92718.18759658189,70976.73517188254,85003.72886702167,119391.01599347783,104265.05407870462,82474.27135399239,81505.25617662146,72544.77710065569,82649.509030522,82856.03914928903,109352.53463417705,75222.96312129058,4
129892.11140777009,148271.21326580207,91664.88399087,179550.5797327256,91003.31705848183,68996.54942709797,86227.03984106063,123189.15852179033,103909.86250756533,83589.10931218974,81455.99293184196,71597.62192936205,82621.56934995287,81976.34154276151,111282.29484347044,75262.99509561004,4
130041.13048805363,148794.53465873416,97090.90406786253,182777.32226578263,93147.5422558239,70434.99594151926,85846.83666787585,120836.39154868026,108236.4002748013,81233.9730541674,79434.23294237054,73123.01672971448,84838.61653073032,83277.14601482703,110990.55987483978,78606.63725216834,4
129302.11476112781,146377.9534552042,100465.8610184027,177301.21192946576,91389.80107185854,70075.9375185892,85229.88381742047,120738.33444575482,101607.96810483553,83909.8568451234,82724.76735410302,71611.5023626688,81290.8358920617,82062.93220078138,109485.23694100822,73157.48311966457,4
130335.10063112983,149676.9815298297,89537.62376756952,182718.69364007638,92083.66627498464,69215.48476403771,86618.12831379514,123211.55496973456,107958.00929761045,81933.51560038514,79410.00365138098,72520.32429222159,84789.82267258439,82716.87718831029,112134.54450780684,78571.27679244004,4
129431.93369292423,146742.82333169263,103753.35559288927,179440.27387383865,92745.12144865053,70981.4513899626,85026.2147219437,119362.71868499741,104374.0858881576,82436.51925760738,81441.50900143493,72581.05398190666,82724.20856049164,82888.51623398259,109346.74553236313,75296.50036054854,4
129887.61870713458,148185.00258743795,91747.78661105473,179444.96774017427,91004.36759047123,69013.78262207302,86228.35859398349,123156.59203011895,103837.04052412993,83611.19283571158,81475.55070824036,71602.51696139776,82600.33519272032,81981.1024643305,111215.44077580461,75182.90879522667,4
130088.24796536542,148838.76876101122,96862.93862616285,182942.6357677741,93162.56262809785,70437.90166829845,85902.09018016937,120964.08706475343,108311.77035710459,81228.85450468713,79391.04937208288,73147.00015151504,84904.55417687347,83296.94966041442,111023.52869791136,78658.91798244929,4
129314.5199793005,146370.8456004674,100591.76839491945,177424.4818001368,91429.05073512206,70119.00933015459,85223.49121850624,120704.65036686067,101631.32567779132,83893.54007167103,82713.23385396408,71646.41578750798,81324.6987849115,82095.83396861958,109470.12716175642,73161.05939877742,4
130377.3677798948,149728.56935603253,89460.53260094316,182924.59790999864,92082.16870810612,69232.1368136569,86654.29343632382,123358.02595115018,107928.50499492943,81981.9071271309,79438.65858777269,72522.9170945784,84795.79058835395,82727.71778437111,112153.20821442702,78541.72778627012,4
129497.96074604521,146895.5751533002,103707.78038594489,179935.94615887955,92799.59264988812,71022.019806149,85071.76757714362,119517.95155023952,104507.77167174479,82431.04308021582,81425.05811751581,72632.6418081095,82822.71269830618,82943.59093232047,109448.80359754607,75414.15994336129,4
129894.2571752378,148231.71773334953,91860.2829408983,179632.2977104542,91015.20818653205,69037.81074736247,86215.50634092168,123134.55321008601,103767.3477849183,83644.92161809464,81532.9946914905,71601.08644975263,82570.69677957258,81992.88183365844,111214.21142985958,75130.33749226779,4
130157.4713179435,148993.88986753105,96656.85554228492,183275.67676015815,93185.11553825326,70447.40115969196,85969.10071004638,121141.33639828401,108377.32802359201,81230.70969947692,79366.61891539324,73152.5210323955,84953.57155246397,83316.12745715708,111077.75402995993,78725.86145709293,4
129378.80359635397,146505.26899162162,100716.40172200224,177814.1174094817,91487.36643640595,70172.20648195822,85253.84488747656,120775.95243167311,101689.90960000869,83899.82091186296,82740.83825836638,71691.09692467414,81387.12720717516,82148.7405477453,109530.74509271921,73226.46060305365,4
130407.18500699819,149813.34952275152,89296.51550013012,183030.38871650564,92060.35340551776,69204.59946448797,86667.48096555244,123341.48566025325,107880.3593373727,82005.28705183114,79450.10268093381,72522.55946666711,84798.85277734432,82728.54479891596,112174.01768851491,78523.04172790548,4
129522.39120273486,146929.39334266106,103496.3775868866,179819.91825341206,92815.95412682941,71006.17241933018,85086.58678371749,119394.90519701305,104579.47606795741,82349.32510248723,81322.15068604359,72650.18792750692,82874.99342858714,82949.29062715657,109378.97674786768,75475.64959235783,4
129915.96071910391,148182.61095078124,91858.71831878643,179368.88240204842,91011.90012835266,69051.86999462485,86224.37998347044,123046.24146774311,103709.41206329013,83644.02754831643,81538.26970318196,71616.84442959362,82572.41786389565,82002.0013453962,111113.80739376634,75087.86917780271,4
130175.5762309523,148973.32626263218,96268.33752016276,182967.06622446375,93166.56359035535,70408.88910399546,86000.43785577272,121067.55328983704,108431.37454168494,81182.2064140089,79286.35380105423,73166.31205872442,85004.13119842186,83314.87575946758,111003.61329360168,78778.7456844742,4
129390.6947244042,146440.1136565344,100697.76036712651,177545.9635312514,91516.78133210914,70202.64955790635,85257.19764914486,120666.40653209765,101746.59362394734,83854.42451887424,82699.35342065734,71733.49818390586,81439.38558571167,82177.26137367028,109427.79295775807,73274.02511525454,4
130418.27147224803,149756.1514086904,89097.87554715581,182734.96571003983,92043.61194892073,69206.34290055548,86692.20199492002,123347.5653347451,107849.24570909092,82002.02369714067,79443.26304713047,72516.8150683421,84790.00148654003,82716.60896737683,112072.0043268209,78492.08456183488,4
129573.26377311513,146997.58851499422,103372.23599818183,179940.68472870407,92869.28538909976,71052.39582686375,85130.2397406387,119491.50943654889,104752.03153515239,82319.17259921701,81278.34126691119,72713.55512303772,82986.50628167466,83002.75599989368,109408.27988484858,75612.8445998245,4
129922.57683546268,148175.25722685544,91979.2612766339,179372.68219860582,91026.7863901599,69099.18863763675,86216.98155605573,123061.61946792835,103673.78338262837,83667.0051416165,81572.6019826653,71629.89784835553,82550.84843049628,82005.97995590925,111070.33325080077,75033.9567701765,4
130241.20095267308,149121.4959766264,96107.04733217327,183331.1314381518,93194.25740173548,70437.2311159648,86063.33566466995,121298.69267924938,108550.71050533182,81206.74862942084,79277.211937572,73202.63364346429,85076.37203650142,83337.0710417117,111094.24961736794,78863.57055468208,4
129408.15143682378,146521.87633775192,100888.97954094167,177815.6596798491,91561.30600706411,70255.71259924324,85256.88472472248,120682.87976776122,101808.84323225537,83866.02507424654,82714.41849642021,71777.37465827164,81461.3797022557,82200.79776058171,109451.77637955862,73297.31563297697,4
130439.46092599166,149843.05499113264,89070.91934334271,182923.61443324262,92033.4195534491,69208.33220581201,86715.55956787581,123437.12877477752,107833.97946762794,82067.60371537253,79502.22694900358,72523.43118470088,84776.05399799992,82710.79751381846,112118.42890005457,78464.74837836604,4
129592.32981113551,147097.38905398716,103333.47807329633,180128.08175421736,92905.96460175092,71065.35983864783,85153.12792696094,119519.24795141793,104868.97586214256,82298.6760495515,81242.64553101607,72743.32764665218,83029.77925894014,83014.8929971329,109427.61414380244,75684.79486522614,4
129890.63619263604,148147.4740084975,92154.47660141905,179276.27912477008,91019.67853542311,69107.41407959629,86184.41506438436,122972.50306278505,103606.99637019592,83700.46570306607,81623.49690479004,71621.11361278458,82491.83982513426,81990.62430746846,111021.18176474355,74946.67320807853,4
130195.31282130633,149106.1403281856,95910.59785015558,183110.2738511889,93167.70352932258,70384.65981300591,86038.74874576912,121188.90091048491,108586.45094471586,81191.12476004657,79240.89035283212,73186.76390490102,85070.53823119859,83312.14884664404,111080.48094278347,78856.75327262322,4
129349.0757762284,146417.82896731247,101084.44554620332,177497.9966876503,91579.12034739499,70275.29272738608,85206.77211365369,120537.88400147963,101805.66928454272,83829.8375999734,82683.05899894942,71766.95874535546,81427.58386463927,82186.51499587476,109350.52297717608,73242.19623115018,4
130388.61070735584,149757.26899591315,89092.68994244217,182652.6218834665,91999.48960536595,69189.80260965855,86690.2126896635,123433.75366136477,107760.37517313662,82105.73579141329,79522.79055390247,72485.29910866013,84712.70915421357,82669.37973134276,112085.5047804719,78360.43278699313,4
129544.92176114582,147057.5135418789,103341.54705304469,180023.20736923307,92908.62445934111,71050.6747425407,85118.21450212176,119449.80108139529,104956.01355505153,82276.10078765164,81192.28705075826,72745.36165539762,83055.08143366355,83004.70060166129,109451.35169641397,75716.53434235268,4
129876.97927677385,148088.9571415135,92438.85784612392,179240.29281619703,91020.81847439033,69141.58989686846,86172.65804680086,123026.32606343343,103532.02861929282,83755.0710147704,81682.10317875186,71602.09227825311,82434.08291746175,81966.93145834583,111008.24010470392,74849.55487842023,4
130238.00465321598,149191.88161991615,95809.59031696204,183389.60360164687,93167.41295664465,70375.98733615725,86082.49110966816,121370.84411035111,108663.65387006449,81238.46575480292,79256.31305650629,73194.00587010453,85109.7878944621,83311.27712861028,111202.16383959817,78913.75022098425,4
129362.6879886017,146437.7220198777,101265.24880710231,177670.19452693398,91604.57898432958,70293.59880609499,85202.23470952925,120511.28542557782,101844.56131989496,83833.30212036397,82696.17947294468,71779.47572225043,81433.7752978534,82194.29340294522,109372.02535534208,73263.18451919372,4
130391.06939924591,149750.20584466527,89005.33932511084,182606.01849627716,91962.34100608123,69153.19045224077,86695.93473624406,123409.09968723055,107704.3169980427,82139.55398077417,79561.66023751024,72452.71026524428,84672.58777291629,82645.50806826449,112078.1063530572,78312.33183292531,4
129594.56498558105,147125.0381618784,103192.21504833878,180128.68525131766,92945.77305862583,71051.83703325236,85167.81302306808,119492.69407900501,105088.82762060495,82232.60429294161,81134.70895704138,72765.63468761859,83123.65658565242,83029.98042464023,109459.26421395114,75821.31932035915,4
129895.12889327157,148060.77159175536,92500.10162593146,179153.5903994549,91028.17219831613,69154.15157725234,86178.82712827052,122970.69257148416,103489.13562168309,83758.37907294979,81710.02050757653,71602.96399628687,82417.47557133145,81976.34154276151,110946.34812430717,74808.65118606701,4
130274.86267982278,149233.70173379206,95469.68733903019,183363.87674377882,93161.64620657518,70343.5549549526,86123.59596772147,121383.09286631261,108739.04630411224,81204.78167590877,79210.13435246162,73204.35472778734,85173.57977313755,83319.92725371447,111203.43788903212,78976.35745720357,4
129394.4945209616,146435.24097624313,101276.49173456333,177643.2383231209,91644.70036562686,70326.0535390441,85215.33283178006,120449.70636960345,101911.37068407187,83778.74151214857,82649.53138226645,71816.84783897971,81499.86940620774,82224.89294110452,109320.16930820576,73307.77624938205,4
130444.06538534944,149772.35642342048,88850.79936394685,182613.01459229167,91957.53538102334,69161.99703955615,86740.1241350322,123493.34341208261,107684.42394547748,82152.96502744735,79570.3327143589,72464.37787584995,84702.42735176413,82650.24663808903,112062.86246333868,78299.18900718559,4
129655.8534688775,147209.12542451924,103010.3165519615,180306.8510063709,92982.96636139946,71072.44534164017,85211.10835207801,119545.64536161964,105236.48324447671,82177.08255971463,81066.29026726368,72822.85515342417,83243.48428767733,83070.9511722268,109491.31661550005,75950.93708645548,4
129905.79067537675,148060.3916120996,92581.30551353759,179166.73322519462,91032.97782337402,69181.59951944347,86169.1935264103,122925.87732385128,103459.13958062406,83770.270201,81740.21771433565,71630.27782801125,82433.36766163917,81997.21807208277,110924.71163567444,74788.93694745743,4
130301.77418014697,149310.01058936247,95203.14278640065,183433.68124171274,93152.54904658187,70333.74253913671,86156.20716288175,121443.97901820888,108808.09084273469,81189.49308270134,79168.42599730802,73219.03982389449,85221.68072720537,83329.78437301927,111225.07437766486,79034.49434453182,4
129393.4439889722,146452.1165433069,101371.26313105383,177642.8806952096,91676.21632530885,70366.08551336355,85203.77697989666,120390.29543284125,101964.8137050645,83744.09630824284,82623.33513776484,71844.67576082656,81520.09773493979,82250.9103716505,109283.11011589887,73337.61582822989,4
130424.75347814006,149758.63245232494,88758.77723202435,182455.39009039284,91928.65692718708,69148.96597253872,86731.83163783928,123467.12481583653,107633.68548556394,82177.4401876259,79594.15967394825,72447.12232913045,84664.76466235695,82640.88125716225,112034.85572753618,78246.28242805987,4
129666.85052714951,147259.93093966614,102876.1837334852,180319.09976233242,93012.31420186927,71078.43560915418,85233.19187559985,119563.43735020606,105362.14475180444,82137.67643423993,81012.73548754878,72846.39154033561,83302.49289303934,83097.34858242853,109497.23982778071,76042.73570093342,4
129857.8014800312,147975.54439014726,92671.60656113703,178884.36363749072,91020.99728834597,69180.21371128723,86127.23930206768,122779.89808081367,103389.3574344346,83771.83482311187,81760.0437116675,71608.82015333416,82376.79539642279,81989.7525894347,110825.42518680397,74715.24324598828,4
130307.69739242762,149313.02807486392,94945.71774550888,183275.09561480233,93151.20794191456,70313.51421040467,86188.25956443067,121508.06146956224,108847.89929960959,81163.45330041091,79125.84592412066,73200.53257948549,85229.92852090938,83322.58711130466,111180.30383352088,79057.91897272099,4
129430.61494000137,146507.8841457229,101500.4562140055,177818.69951709505,91742.1092679631,70424.13299371398,85229.10150636453,120495.90742539256,102061.64146204489,83743.93984603166,82635.87446640426,71892.26262477192,81588.13644506174,82309.31547991223,109310.28983715652,73418.17151524681,4
130457.45408027817,149855.79548547216,88723.57323450723,182711.04934347267,91936.94942438,69158.68898137676,86755.83741138427,123623.09528864567,107620.09562493511,82236.87347613258,79661.39372126982,72454.76662573418,84674.95705782856,82661.78013822796,112104.0120248809,78246.10361410423,4
129675.61241097598,147377.45641201216,102774.88562761375,180580.74928292623,93051.34034768825,71074.59110910787,85225.48052376277,119573.96502184452,105487.29216900971,82107.59098620308,80973.9105074299,72871.76077029239,83368.43053918249,83130.89855085594,109563.1551221794,76147.38656847317,4
129868.32915166965,148019.9349546355,92881.53414506128,179015.83659837683,91054.30138758438,69218.72576698373,86114.07412458351,122833.00582563947,103338.30605009868,83802.0767333599,81809.93280529176,71605.26622596577,82341.47964018342,81998.76034245019,110813.01996863127,74663.56601280761,4
130327.45633452611,149429.63712568727,94780.96303712882,183482.47509985865,93158.78518328491,70292.14594270539,86199.3907331694,121602.13996197462,108918.5084603439,81186.58735592215,79125.73416539839,73207.99806213356,85263.3220271256,83336.33343414468,111272.4153724212,79118.31338623923,4
129401.62472744283,146512.30979112504,101641.36161105176,177799.61112733022,91769.5572101542,70430.86086879503,85180.24059298522,120369.55301398672,102097.80658457358,83724.27031091099,82617.72484990655,71904.91371213361,81587.28707877244,82322.8829887966,109297.81756375046,73432.45427995376,4
130441.89726613728,149824.2124705568,88710.63157446761,182539.18678035578,91910.86493860066,69139.71235033422,86743.56630367832,123615.49569553086,107549.41940896743,82270.69166549346,79683.43254130275,72424.12238408595,84618.29538563435,82637.88612340525,112071.04320180931,78175.51680511437,4
129700.02051592119,147418.58362180993,102698.75558599897,180603.34689657055,93079.14591779065,71082.95066153415,85251.78852698667,119621.19425787858,105602.35894946563,82081.19357600136,80916.75709685769,72895.07363975927,83420.0407171298,83154.34553078956,109591.05009925964,76238.40287189519,4
129875.90639304,148002.3888352381,93073.55798167681,178987.9416212966,91062.16920163266,69247.91714524236,86109.2237960367,122832.51408726146,103302.38679675899,83843.02512920203,81861.69944545024,71616.12917377106,82325.47579115341,82023.07904041756,110812.93056165345,74639.18025960687,4
130330.98791015006,149454.268748077,94560.88776122186,183437.81631443696,93134.24296787298,70252.4268928083,86209.6054803855,121596.61908109416,108961.93789982056,81191.77296063578,79111.80902860273,73204.53354174299,85290.72526582782,83346.59288484966,111306.34532050435,79168.3365903302,4
129407.72675367913,146486.44882279026,101765.63731022326,177728.06319332877,91797.78746340126,70459.64991565346,85175.5020231607,120326.79412684371,102137.4585792373,83687.97107791556,82587.34882919179,71911.6192354702,81601.05575335691,82347.3357972307,109244.39689450228,73463.70201870227,4
130444.24419930509,149799.8490691005,88691.16320504704,182442.40372686432,91884.80280456577,69129.05056822904,86742.33695773328,123636.57339055222,107493.87532399599,82308.86844502312,79727.10784996842,72403.42466872033,84597.4188563131,82638.91430365018,112069.2550622529,78139.66460700806,4
129692.86795769549,147420.68468578873,102588.1144509452,180558.75516638224,93087.32665626128,71069.60667009433,85245.88766645046,119574.09913231125,105700.86308728017,82037.04888070213,80861.68239851981,72904.32726196376,83472.79083404432,83171.89165018698,109598.09089876305,76320.12084962378,4
129852.07943345064,147914.07709289517,93278.5681818209,178812.34631685572,91058.36940507525,69271.0064972647,86081.4182259343,122787.76589486194,103225.60855455502,83855.72092005264,81886.39812307336,71598.58305437364,82281.8228342322,82013.93717693535,110747.32819167712,74568.68285759483,4
130348.84695396984,149486.61172230385,94414.84146295089,183504.71508559168,93124.25173810146,70236.80302343405,86237.18753304334,121713.65281506215,109001.41108052863,81211.48719924537,79098.33092669617,73200.24200680757,85323.64938541048,83343.77656504829,111371.61241431384,79209.21793093896,4
129403.12229432134,146483.18546809978,101940.09267569694,177801.33221165327,91826.44239979297,70483.56628222064,85155.18428745083,120291.1430944375,102174.89775119994,83678.38217954423,82572.08258772882,71929.43357580109,81625.77678272448,82362.42322473803,109259.17139758724,73499.91184471987,4
130445.76411792805,149785.9462840493,88733.31859508975,182431.5184273146,91857.08664144119,69120.1098704469,86744.05804205633,123694.82203660275,107406.27883747565,82360.97036134845,79767.38569347688,72377.65310736337,84550.07786155675,82613.14274229322,112074.73123964445,78073.65990563153,4
129714.50444632822,147486.77879414306,102530.82692990625,180755.83049724466,93101.65412445714,71057.58143157738,85256.01300668872,119620.52370554493,105809.98430371098,82029.60574979852,80824.57850272399,72930.4117477431,83538.8178871653,83186.84496722757,109681.59701604808,76421.53071421752,4
129823.11157263657,147849.23468223034,93496.00595188212,178718.3795831656,91042.90199791218,69267.2514041962,86038.81580100248,122694.9167483946,103127.26087895167,83869.93662952622,81908.2357774062,71574.30905989517,82214.23115899935,81982.62238295346,110691.8735136835,74481.71221991924,4
130330.04913688292,149455.0734108774,94232.80885610687,183353.8855140073,93082.94571434805,70178.15204598333,86229.20796027279,121667.94349765105,108999.04179561637,81208.46971374389,79064.04335070174,73172.59289891635,85311.71355387135,83305.39861981853,111372.35002188088,79207.56390184927,4
129397.51200646306,146421.27113595858,102090.00582575868,177682.5773933622,91846.8271907362,70498.5866544946,85146.33299664652,120229.51933497422,102200.37873987899,83650.241333275,82537.482087312,71936.00498867095,81631.40942232721,82355.65064616807,109215.40668194374,73514.17225768235,4
130400.16655923922,149665.09040177948,88709.20106282248,182111.97788858152,91803.15188207054,69073.35002104641,86713.12322773019,123585.14202656056,107302.05265308055,82384.90907966008,79782.54017621759,72339.16340341132,84489.16935791605,82566.80757603736,112028.0384454773,77986.152826089,4
129713.34215561656,147446.7021163347,102427.67362924501,180635.35459463057,93108.33729604929,71042.1140244143,85273.3803121305,119615.40515606466,105886.15904881466,81979.76135966317,80750.41541462128,72933.22806754448,83578.80515799584,83174.75267347725,109664.85555945105,76483.17682542525,4
129794.09900833358,147741.365163489,93686.88984953045,178533.4859530313,91034.67655595262,69274.850997311,86014.34064082392,122607.70024152998,103054.34948853846,83885.09111226692,81946.88194356942,71571.15746392697,82183.74337956231,81971.17828979234,110650.18751027437,74424.20118143572,4
130342.70022424463,149444.1657595832,94057.43706911053,183323.4200863147,93069.5123159304,70154.63801081634,86263.89786766743,121749.48266142402,109006.17200209762,81200.0654578287,79052.1075191626,73164.27804997898,85322.35298423207,83287.33841029865,111382.81063828596,79224.73004159094,4
129395.3885907398,146409.87174628637,102228.81015882613,177789.97752546996,91877.44908063997,70519.28436986022,85136.63233955293,120207.23464575228,102256.41456322845,83634.8409813453,82544.23231413751,71973.39945714468,81674.90591703725,82385.37846629364,109238.22781303262,73570.63276417647,4
130398.06549526042,149646.18082597028,88725.20491185247,182138.86703716125,91783.77291962778,69065.9068901428,86715.64897485364,123639.0320824423,107213.76326248208,82417.54262656483,79835.67027278784,72318.57744676799,84440.01787185883,82544.41112809314,112012.86161099216,77920.46104913486,4
129710.01174569271,147476.7652126271,102326.37552337356,180743.00059592733,93122.12832237821,71030.15584113072,85273.26855340821,119604.5869117483,105974.80606732442,81947.6419028809,80714.02677464805,72953.85872767672,83621.60874862775,83185.99560093827,109694.78454527672,76562.52551824159,4
129760.59374339507,147667.38088934193,93884.27810481527,178443.78840253217,91028.66393669414,69290.02783179615,85978.01905608406,122537.35930172913,102970.28457764204,83899.7538566296,81984.0528945986,71560.45097833288,82125.5841404896,81959.39892046439,110586.17211415435,74348.67463692125,4
130352.60204703834,149479.90619896725,93906.5627940372,183441.05731738298,93055.07308901228,70137.82949898596,86285.55670804462,121860.0120377555,109032.74822625497,81220.38319353858,79059.32713262166,73161.88641332227,85339.22855129583,83280.18585207294,111436.67834242326,79247.39471046862,4
129355.24485769807,146362.5531032745,102363.68058486946,177759.98148441096,91888.46849065644,70529.52146882075,85095.46042626625,120092.43608622982,102268.05982208966,83595.21133842604,82516.94083415758,71980.26144269246,81665.45112913265,82375.52134698884,109201.81682131492,73564.57544142907,4
130368.42708211268,149576.9574733922,88755.93856047852,182017.45236128,91745.73025056485,69052.74171265861,86699.64512582363,123629.68905325998,107113.20276417767,82449.01388275789,79872.88592730594,72290.50365573211,84380.62928684108,82505.40733401863,111987.49238103538,77829.04241431266,4
129714.66090853942,147480.02856731755,102244.6798973894,180790.4757011504,93133.55006379487,71029.75350973052,85286.00904774775,119634.31473187385,106053.35009734037,81911.16385592984,80663.8918118348,72966.19689061605,83661.70777818059,83180.80999622465,109717.18099322093,76622.49524861517,4
129748.59085662257,147614.96604859424,94103.2581452439,178460.0828242401,91028.70864018306,69316.08996583104,85954.14739300578,122515.92397879649,102911.38773100231,83932.2085895787,82033.360842867,71569.63754530401,82102.60654718954,81956.85082159648,110584.54043680913,74301.55715960947,4
130341.00149166603,149460.1696086132,93709.75568410823,183389.89417432479,93017.63391704964,70096.76934442155,86283.34388534355,121846.13160444876,109024.1875081286,81218.8185714267,79036.48364978834,73147.15661372621,85333.01476633725,83253.0061308153,111445.46257799419,79250.2557337589,4
129400.23891928661,146379.1604494048,102498.5957144017,177920.4446578556,91935.92124413505,70584.99849855882,85123.51186555767,120187.98979377626,102319.49118608132,83576.34646610577,82503.55213922885,72011.35271922979,81698.62111790433,82400.91292869007,109196.74297532356,73616.99028217678,4
130420.95368158266,149650.2264917167,88765.61686582767,182305.56634730892,91744.32209066417,69073.17120709077,86733.57507390679,123794.13083721767,107082.96085392963,82526.39562206216,79956.83907948007,72313.90593217683,84396.3202114487,82530.19541861957,112074.93240534455,77836.39613823846,4
129793.9872496113,147664.38575558492,102110.41296844638,181312.38893418183,93177.33713118281,71045.82441399389,85334.51233321575,119798.6224053648,106200.0222444561,81910.9850419742,80657.54391640949,73028.15592624617,83770.06903529991,83235.7952875847,109846.17291047251,76779.04686678015,4
129778.54219419268,147669.79487774312,94252.70190867208,178640.1037740831,91050.52394277144,69346.62244875699,85948.22418072513,122518.89676080905,102849.76397153903,83937.97533964817,82074.55510789814,71580.67930706493,82072.90107880844,81967.53495544613,110552.10805560448,74264.52031904702,4
130410.64952738877,149610.30627611952,93492.83200416947,183663.099546802,93030.32970790025,70091.15905656327,86335.26698771323,122010.1040017729,109078.23402622153,81232.43078379998,79043.59150452513,73168.54723316994,85379.19347038191,83272.8544798916,111516.63053233988,79313.57822580078,4
129413.26998630405,146445.5674821815,102539.67822071054,178013.58437700087,91971.34875909671,70597.9625103429,85103.90938567035,120100.01332760017,102392.51433521681,83548.3173785588,82489.29172626635,72051.02706563796,81744.01751089306,82435.58048434026,109197.7264520796,73678.52463466223,4
130409.10725702134,149633.26151767513,88700.59564120718,182117.56582469534,91713.07435191565,69046.86320386687,86707.49058812745,123723.45462125,107007.12138499277,82547.96505546154,79980.95661174734,72299.33259479197,84354.92478071747,82518.79602894736,112024.81979427574,77769.05033219462,4
129790.74624666528,147654.1486566244,101912.37651257236,181095.12997807623,93183.26034346347,71026.35604457332,85330.6901849139,119740.57492501437,106272.59835870247,81842.85692487442,80569.94742988914,73031.64279838119,83794.16421582273,83234.02949977273,109784.79502019823,76824.17503883541,4
129773.91538309043,147606.9864758237,94398.32352379842,178438.89337049646,91061.90098069918,69377.66902180541,85931.2368549391,122483.91628073649,102813.33062807687,83946.46900254118,82102.65125067845,71592.81630430417,82060.16058446892,81982.62238295346,110496.2286944662,74227.79640290694,4
130443.41718476024,149654.2274539742,93284.022007468,183676.01885509718,93022.41719036308,70083.537111704,86371.90149687546,122132.4798026657,109115.02499759496,81241.7738129823,79038.56236202268,73181.46654146511,85416.5655871112,83285.23734631985,111550.3816664674,79355.84537456578,4
129429.07266963396,146486.24765709016,102615.58474488078,178133.85911391486,92005.3681141577,70627.89149616855,85099.52844375711,120097.04054558762,102478.88147579212,83529.38545100516,82485.04489481985,72103.28544417447,81811.20685472571,82484.59785993074,109231.87991760731,73765.24940314882,4
130387.85074804435,149588.22275259768,88678.35565547415,181919.03763044332,91677.33391253161,69032.73690137111,86690.72677978597,123678.57231838374,106896.39084296118,82556.72693928801,80000.87201605702,72267.61546940988,84291.04349506421,82489.31407801081,111951.19314803997,77684.11370326445,4
129819.31177607916,147722.366180702,101764.5197230005,181174.63513310376,93205.2991634964,71031.65340800922,85363.16726960747,119814.87212358382,106390.6602729154,81817.10771526191,80528.08261252435,73057.23554578252,83877.60327787438,83261.79036638622,109825.0728637067,76936.91723786798,4
129781.15734829396,147602.3820164659,94591.71081682573,178448.3705101455,91079.42474835215,69413.47651642282,85923.0784682129,122495.62859483107,102773.65628166871,83968.99956095214,82145.54424828819,71599.32066194066,82052.20336344282,81997.50864476069,110467.41729586331,74202.20365550563,4
130427.1898182857,149682.54711419906,93077.78246137887,183646.26868322716,92992.28703883733,70036.15141345876,86357.68578740189,122108.33991865396,109139.63426824025,81264.86316500463,79044.46322255889,73175.54332918445,85440.77252635629,83284.11975909707,111595.57689375602,79387.51779645894,4
129414.00759387108,146453.39059274085,102710.26673439346,178024.04499340596,92035.63237615018,70649.5279848013,85080.2835917811,120045.20685019575,102505.16712727156,83480.32337192576,82439.73790880894,72098.90450226123,81810.84922681442,82480.70865639552,109153.17942538016,73771.15026368502,4
130393.77396032501,149586.92635141927,88733.63151951213,181938.75186905288,91669.30963627216,69040.18003227473,86692.3137536423,123767.59931654923,106846.7699702704,82615.71319290558,80067.54726976721,72260.64172513982,84279.75586411427,82489.55994719981,111984.54195076728,77647.45684235774,4
129861.1989451884,147833.9460890229,101689.41786163067,181485.45849149924,93239.16205634619,71039.18594589067,85390.12347342056,119944.15461351331,106515.85239360957,81813.30791870451,80516.48205715204,73095.36762182327,83959.88004921438,83292.34520105663,109933.1435481481,77052.22988751292,4
129756.61513288203,147583.94182729028,94811.00378167674,178474.99143779176,91079.93883847461,69423.44539444988,85876.65389497923,122413.53063744673,102715.42998736263,83985.49514836016,82191.23121395483,71599.7453450853,82013.87012170197,81992.21128132478,110461.35997311592,74153.2533351485,4
130456.9399901557,149751.97163247725,92960.86048613317,183796.45005422237,92980.75353869838,70020.86282025134,86389.04528487269,122244.41733889787,109152.9112044467,81281.85049079068,79052.97923719636,73166.78144535798,85449.37794797159,83269.63582869004,111660.5087113987,79409.17663683613,4
129413.02411711504,146481.91141866584,102842.41024761322,178133.90381740377,92058.47585898351,70657.9769442054,85060.23407700469,119986.24294832266,102562.38759307715,83460.6538368051,82433.70293780601,72121.81504032791,81839.07948006147,82494.03029609089,109193.3231584219,73826.8731626121,4
130368.18121292368,149537.8419205954,88783.67707534756,181783.09432066613,91629.65764160844,69012.41916566124,86666.54219228533,123702.48868495092,106742.02969575283,82647.18444909864,80113.83773253414,72228.7010823132,84212.16418888142,82454.02067351589,111964.47008424641,77565.94003032924,4
129840.21065714487,147797.55744904967,101567.15381946015,181293.9934484951,93230.13195158624,71005.77008792998,85381.406293083,119869.87976668833,106567.77549597925,81761.45187156819,80452.19844009858,73082.15774085019,83965.55739230603,83268.80881414519,109907.30493155778,77092.35126881019,4
129724.9203592444,147481.50378245162,95030.96729886143,178255.5867142185,91071.35576860378,69432.25198176528,85845.40615623072,122331.38797657347,102651.43694298709,84001.85662530144,82227.73161265036,71592.92806302644,81977.79440615111,81981.46009224177,110420.34452204044,74101.59845371229,4
130419.70198389316,149672.2876634941,92788.57323987165,183509.3642484384,92931.80321834126,69962.90474687872,86374.27078178774,122171.55065197358,109120.56823021987,81278.78830180029,79037.62358875557,73134.90785776472,85420.29832843522,83227.68160434742,111642.04617047861,79384.79088363539,4
129425.00465214309,146441.03007805708,102982.51098185909,178096.1293692743,92086.37083606372,70689.89523528758,85069.75592014265,120012.88622771339,102610.42149191159,83435.44106905951,82412.6475945291,72140.03171205899,81864.76163444063,82501.42872350558,109179.28626290397,73869.56499452174,4
130368.11415769032,149492.75845202905,88854.4203465486,181743.33056728012,91599.72865578279,69009.40168015978,86666.67630275206,123751.21548786349,106650.70046790845,82693.9219467547,80168.91243087202,72210.14913441529,84170.83581338356,82429.0537749593,111972.98609888389,77504.71860226615,4
129840.92591296745,147827.48643487532,101453.31638494926,181405.34983937143,93219.78309390345,70976.71282013808,85381.6074587831,119856.87105141534,106655.30492726623,81742.11761261435,80418.20143678207,73099.54739803642,84023.56016916754,83270.9545816129,109981.02098477137,77183.92636584358,4
129707.32953635807,147404.68083675872,95244.96290027654,178156.0990996479,91057.83296320832,69443.24904003728,85817.93586229514,122249.06650174457,102564.01927042237,84000.40376191185,82242.97550236888,71572.4985685943,81924.57490260302,81954.19096400631,110355.7479805646,74037.56070584783,4
130440.57851321442,149688.80560264655,92641.94579624484,183568.3281503115,92902.05304647125,69932.23815348603,86398.47772103283,122244.17146970886,109122.02109360947,81297.18378748701,79036.17072536597,73124.17902042616,85436.68215712097,83210.85074077258,111694.50571471521,79410.78596243692,4
129427.68686147772,146415.97377252267,103075.85186670446,178118.7493346631,92106.42035084014,70696.62311036863,85064.65972240684,119960.29257301004,102641.28925100437,83390.5364144488,82374.42611151053,72148.50302320755,81882.41951256031,82494.58908970226,109154.9675649366,73903.60670132717,4
130340.95678817712,149427.33489600837,88860.32120708481,181620.70889719832,91555.47220176128,68973.16950239772,86642.08938385123,123668.37992291212,106559.25948134178,82730.5788076614,80208.65383251356,72188.53499752701,84134.29071119914,82402.85753045768,111962.45842724544,77447.52048820502,4
129824.45267730388,147766.73439344577,101272.69193800593,181186.88388906527,93207.75785538649,70941.10649122078,85385.4072553405,119783.57968134638,106682.75286945736,81665.04879773245,80323.49709552493,73071.2947930449,84020.43092494381,83232.97896778333,109902.23108556643,77201.8748166412,4
129707.28483286916,147321.10766424032,95430.16945483322,178043.535714571,91073.9485709606,69474.0944473856,85817.8017518284,122250.54171687862,102519.02520883385,84003.01891601311,82271.85395620513,71571.11276043806,81908.77221927312,81951.97814130523,110312.45265155467,74001.06030715231,4
130461.0974146244,149715.06890238155,92475.98409366418,183679.19280280982,92881.69060727247,69909.3499671638,86426.66327079097,122354.74554952927,109139.92484091817,81322.1953895325,79042.63037951355,73119.41809885718,85461.8725731221,83206.42509537043,111757.26941314572,79445.09589017581,4
129403.94930886618,146397.69004555824,103127.8420243075,178153.23807635764,92111.0918654313,70695.55022663478,85031.15445746834,119858.30156306048,102681.76826021294,83351.39850990755,82352.5884571777,72156.81787214492,81902.7819517591,82497.85244439275,109159.75083825002,73943.63867564662,4
130325.04234612494,149371.008499981,88908.10923673025,181530.0949251765,91518.79298911012,68970.06260991843,86633.68512793603,123687.08833302121,106446.80785498713,82748.43785148118,80241.06386197376,72149.15122379675,84063.50273650918,82365.35130326168,111914.35747317762,77356.10185338282,4
129852.7499857843,147833.20848145586,101144.14705564345,181408.23321440618,93211.93763159963,70936.85965977427,85418.80076155672,119881.81559822746,106786.08498407424,81649.93901848067,80295.44565623351,73091.83604619933,84086.30151585359,83246.12179352305,109986.98890054095,77308.09030629281,4
129655.42878573285,147236.1933870546,95584.17297413027,177918.27653864343,91046.00889039146,69464.97493564784,85768.40439658218,122074.25350835962,102440.70469626244,83991.35130540744,82292.39520935956,71556.24885037528,81858.92782913779,81928.24058869369,110256.3274212274,73945.09153903622,4
130389.37066666731,149589.6085607539,92219.25195685052,183250.77691683496,92805.85113833561,69830.67182668112,86404.15506412448,122174.3893235194,109073.36134593027,81280.10705472315,78996.58578593562,73067.58440346533,85406.39554338403,83143.61669345101,111659.34642068701,79392.34577326129,4
129362.64328511278,146261.23264565857,103136.7380186007,177792.21269991552,92114.60108931079,70697.36071793565,85027.4664196332,119714.89277063523,102714.51356583997,83272.27333453577,82283.78978774426,72152.36987499832,81903.6313180484,82482.63090641868,109041.51011008145,73965.67749567956,4
130259.48467963752,149181.93509363354,88876.43681483708,181042.8268960508,91466.78047976262,68939.23955431457,86606.55011016729,123541.57847661716,106333.1939379208,82747.40967123624,80256.06188250326,72113.522543135,83995.32991592049,82321.47482889591,111800.140059011,77265.80080578338,4
129838.93660771092,147764.92390214492,100962.15915228834,181248.50764852855,93217.65967818019,70925.63908405771,85442.7171281239,119905.48609560564,106857.34234539776,81592.71855267508,80219.5838355522,73095.21115961208,84123.20424594931,83234.78945908422,109946.04050469882,77372.88801346875,4
129622.37055568345,147150.54150230187,95791.73127314226,177890.87329994122,91057.60944576377,69493.94279646192,85737.60369272277,122064.2622785881,102396.0682625852,84002.88480554639,82316.35627941565,71566.06126619116,81838.74420389465,81929.87226603893,110226.19726970165,73916.39189915561,4
130366.21425941162,149576.93512164775,92097.61376352474,183314.6582024882,92782.13593746853,69803.73797461248,86396.51076752077,122255.72732159226,109040.12430192523,81295.30624095276,78987.82390210914,73041.03053105241,85379.90872620449,83108.88208256746,111672.46689468228,79373.57030791882,4
129376.52371841953,146310.11591078233,103334.28273609672,178160.48004156115,92163.90903757919,70741.57246846825,85027.77934405558,119861.81078693997,102769.36474673328,83274.66497119248,82276.19019462945,72177.87321542183,81937.62832136493,82499.64058394916,109103.51384920048,74023.88143824118,4
130249.35933939926,149236.2274809155,89054.35670070133,181428.99798500515,91449.01084292064,68936.31147579092,86585.36065642365,123673.65493460358,106244.9268990668,82840.14705898131,80345.69237776904,72099.66446157271,83955.14147938984,82311.21537819093,111903.80744979471,77217.14105810417,4
129828.29717735019,147874.02276683127,100930.03969550607,181651.91193245794,93212.92110835566,70891.77619120791,85427.67440410548,119964.89703236784,106915.8368606373,81601.88276790176,80205.63634701209,73092.08191538833,84142.44909792532,83224.73117407932,110056.99456417497,77439.4291567122,4
129579.63402028491,147124.34525780028,96096.00557041235,177965.6622368887,91045.27128282444,69498.03316569724,85684.13831998568,121996.11180974387,102294.36782531356,84027.3823174694,82355.02479732333,71530.27612331821,81753.56170577547,81896.70227726725,110202.52677232347,73831.74584290336,4
130400.2783179615,149685.65400667835,92086.10261513026,183637.86442731196,92770.17775418494,69793.9255587966,86429.21136965888,122470.41582708548,109032.70352276607,81358.2487533389,79028.12409736206,73020.22105696452,85367.88348768753,83095.29222193864,111785.23144545931,79384.65677316867,4
129316.55398804594,146317.55904168595,103460.86066494712,178203.84242580444,92157.13645900923,70710.97293030894,84955.67261644275,119683.24270048652,102792.87878190026,83259.01875007377,82262.73444446737,72169.24544206208,81917.5341030996,82488.04002857686,109129.64303846873,74040.73465356049,4
130207.67333599013,149174.78253540787,89202.39230422882,181256.39781432127,91409.31414476802,68921.04523432795,86547.78737399429,123652.35372213766,106100.22170546315,82869.4054924733,80373.90027927163,72030.97755086154,83837.1913238992,82247.64701696004,111838.42859726294,77081.04128611581,4
129822.10574413608,147913.07126439468,100882.34107283845,181721.15763678047,93215.31274501237,70876.1299700892,85424.41104941501,120024.39737610787,106983.2050184256,81593.61262245329,80174.07568384119,73080.52606350495,84160.33049348957,83211.29777566169,110125.25679174147,77489.20649161417,4
129562.19965960976,147116.05276060733,96408.21473696409,178053.37048213131,91057.56474227486,69528.36448292309,85653.80700275982,122015.84840009791,102242.02003979923,84055.54551548309,82407.23847237093,71521.20131506937,81710.7357633991,81882.19599511576,110226.018455746,73778.74985679983,4
130360.00047445305,149682.837686877,92011.0231055049,183613.9480607448,92719.26048031574,69741.82364247128,86401.51755827875,122456.3565798231,108982.970891353,81381.8074919948,79036.37189106607,72982.51366406842,85323.38116447702,83046.6995294928,111832.17010881545,79340.60148484726,4
129345.275979671,146385.26247564107,103649.57644338328,178492.626964167,92193.88272689376,70744.38878826961,84974.9621719077,119811.51936191552,102855.24014893058,83255.01778781626,82264.03084564577,72183.17057885774,81947.7983650921,82493.0244675904,109205.70602485014,74094.15532280867,4
130194.93284165059,149183.67852970108,89329.84195111299,181344.6648531753,91378.93812405327,68905.04138529794,86537.59497852265,123667.08352173372,105995.8167071124,82925.86599896742,80445.64937897318,72002.88140808123,83769.5772969219,82215.63931890004,111884.58494956314,77006.69938405746,4
129836.65672977649,147996.6220851686,100777.95842623216,181905.7830459813,93214.64219267872,70848.1232342867,85447.07571829269,120068.69853361828,107053.63536520426,81588.8069973954,80156.03782606576,73082.26949957246,84189.38776128147,83210.58251983911,110207.75708052602,77565.22477450667,4
129526.45922022573,147060.32986168025,96594.96356188817,177924.51267534646,91045.65126248018,69517.30036941772,85616.2560720749,121883.74959036704,102165.71118422881,84058.13831783991,82432.3618331387,71498.46959095831,81647.16740216821,81867.30973330853,110176.86696968878,73721.41763227197,4
130360.58161980887,149671.5724076715,91844.74847850186,183472.97560846517,92686.49282294427,69699.69060417303,86424.36104111208,122483.87157724758,108942.82715831128,81385.24966064093,79025.86657117207,72944.94038163905,85283.5280041132,83014.73653492171,111812.54527718369,79318.69677528105,4
129299.38784830426,146311.70288463865,103634.73488506496,178238.95701634372,92186.5066512235,70715.06329954426,84933.25381675409,119596.65204246665,102901.99999833107,83212.81769428465,82219.93085383545,72190.21137836116,81961.5446879321,82499.95350837155,109174.95002447964,74139.37290184175,4
130190.86482415973,149071.40571730206,89355.21118106975,181029.01351797744,91348.04801321603,68902.58269340787,86543.33937684768,123650.87850700361,105879.989967345,82935.74547001666,80460.51328903595,71965.46458786304,83703.17026414517,82181.1505772055,111791.04289901769,76917.4041649585,4
129837.3943373435,147951.29274741324,100545.29911819687,181731.05945957417,93200.73940762752,70815.44498389304,85460.68793066597,120024.95616971925,107124.3339329164,81541.30954042787,80087.88735722154,73086.31516531887,84234.85120950357,83205.37456338103,110206.48303109207,77638.2702753866,4
129549.3250548035,146993.58755273672,96747.82714221801,177857.01040709144,91063.66676851116,69558.89696584904,85630.87411294867,121892.13149453778,102135.6033844475,84048.8399921465,82439.80496404231,71507.90202711846,81650.25194290304,81870.19310834326,110132.85638485628,73709.57120771066,4
130393.90807079175,149694.37118701593,91652.99286281978,183560.66150196333,92664.74457558925,69682.21154000897,86460.99555027433,122559.44282525097,108953.220719483,81408.45077138553,79035.12019337657,72954.8198526883,85322.73296388781,83018.02224135665,111877.36533610408,79361.09803451276,4
129351.5344681185,146357.32279507196,103671.41409771612,178440.48034435278,92234.96523320262,70758.17981459854,84973.44225328472,119670.81513056936,102971.33510963144,83165.36494080603,82177.88722251503,72219.93919848671,82012.9537001793,82516.65026147965,109171.73137327807,74211.94901608814,4
130175.46447223003,149035.9334988515,89375.01482665716,180977.58215398577,91320.91299544729,68891.63033862476,86522.86517892662,123581.61045093661,105789.1748296231,82960.5782581065,80496.745466798,71953.43934934608,83666.06636834936,82164.40912060847,111773.385020898,76854.10402466108,4
129881.51668089828,148028.2498035729,100369.97203468943,181899.9939441674,93215.8491868793,70817.83662054976,85504.85497770965,120130.56816227057,107209.96346592468,81515.13564767072,80032.63384492802,73097.66985150217,84292.00462007578,83209.35317389408,110239.89888905274,77718.42363100334,4
129540.09378434347,146981.5846659642,96902.59062082657,177884.14542486018,91072.42865233764,69578.09711433615,85607.65065045962,121814.54858953341,102108.6024771455,84057.31130329506,82460.45797591901,71517.7814981677,81643.54641956645,81878.66441949182,110118.1936404936,73690.7957423682,4
130394.93625103668,149696.3828440169,91456.94571220229,183472.64033229832,92637.94483398735,69652.99781000588,86475.09950102563,122579.73820921639,108912.62995155215,81406.81909404029,79012.0978965876,72920.33111099376,85291.97696351731,82986.61804039693,111846.45287352239,79321.73661252698,4
129356.49655538757,146362.66486199677,103664.75327786843,178430.35500411454,92265.74358531757,70769.89212869313,84976.23622134165,119642.20489766657,103045.74406692316,83123.99186181926,82134.61424524954,72235.18308820523,82053.09743322105,82536.00687217795,109153.3135358469,74266.71079000364,4
130197.90562366314,149044.4271617445,89425.14978947042,181015.2224916485,91321.69530650321,68905.68958588714,86539.09254540117,123671.37505666913,105723.72892185795,82999.76086613665,80550.92609535767,71943.40341608565,83641.92648433763,82165.52670783123,111769.5852243406,76805.04194558167,4
129917.10065807113,148141.39433400566,100178.88697134102,182141.6833569626,93237.3515650453,70806.03489947735,85531.40885012256,120223.12673606,107318.9282201443,81499.24355736299,80008.33749870509,73122.81556401438,84364.49132734434,83238.11986900805,110323.27089587104,77820.01230955271,4
129519.79840037804,146964.01619482235,97066.1606867505,177849.29905525435,91089.77360603496,69595.73264071139,85566.21051623947,121728.47202163601,102063.18373241232,84040.30162576456,82476.66299064911,71512.01474809823,81605.99548888153,81881.14546312636,110066.35994510174,73647.34395114708,4
130401.68647786218,149737.73357125922,91313.76043722159,183504.49156814715,92622.79035124664,69633.14946092958,86482.94496332944,122665.56890792477,108901.99052119143,81421.68300410308,79033.30970207568,72901.46623867349,85283.39389364647,82975.33040944701,111873.67729826896,79316.84158049127,4
129351.95915126315,146406.18370845125,103709.25560107894,178538.13511587802,92292.90095483077,70784.80074224481,84955.98554086513,119627.989188193,103124.60102136148,83089.95015501382,82112.7765909167,72252.88566981384,82085.39570395896,82551.6307415522,109180.64971931574,74330.70383437918,4
130153.29154173036,149004.43989091396,89497.03299963869,180878.72038825994,91286.91599213076,68892.97144329207,86495.26077452431,123603.82808492519,105626.27531603281,83027.72289845024,80601.1281134043,71908.1770668241,83570.44560556956,82136.76001271725,111741.44437807136,76719.2559503622,4
129896.04531479423,148148.1222090867,100010.71244605929,182052.38813786366,93225.10280908381,70782.43145733255,85528.54782683228,120210.83327660958,107382.07189823056,81462.38553075619,79962.2258498938,73106.38703183974,84372.04621697024,83220.35023216608,110322.6450470263,77859.5748972386,4
129518.52435094409,146950.64985163807,97285.18543066806,177872.34370378777,91106.09037948733,69634.0882341967,85557.6497981131,121761.37378947424,102051.87374971792,84051.61160845896,82509.36359278722,71512.59589345407,81592.71855267508,81886.71104749573,110059.31914559832,73627.31678811512,4
130395.78561732598,149759.52652210314,91176.74424371055,183512.85112057344,92584.01007461669,69595.66558547803,86479.70396038341,122693.2627193049,108878.87881742464,81441.93368457958,79049.09003366114,72875.26999417186,85263.83611724808,82953.93979000328,111915.89974354503,79300.971841928,4
129356.49655538757,146428.2672319731,103759.1446947032,178596.98725902883,92316.48204523111,70791.86389349269,84946.37429074936,119596.04854536636,103188.32584480356,83044.86668644747,82067.53666013917,72258.2053849942,82107.32276526961,82562.27017191294,109185.85767577383,74375.76495120108,4
130146.38485269366,148965.5031520728,89595.6935996644,180791.70504709543,91265.19009652021,68889.21635022359,86475.8147568482,123592.33928827517,105520.64097173703,83053.80738422959,80639.75192782306,71873.84478734074,83502.11632276968,82114.60943396205,111710.28604630067,76628.35140566247,4
129924.3649750191,148213.2775441739,99851.67978425977,182183.92815398314,93230.60133821981,70763.56658501228,85549.71492883145,120286.4939315908,107458.89484392344,81441.73251887948,79921.34450928505,73110.4550493306,84412.63698490108,83224.5970636126,110380.69252737673,77933.91679929696,4
129507.48258918317,146914.1271011981,97487.53577322196,177838.6372731492,91111.38774292324,69648.14748145909,85522.46815234044,121688.32828859429,102000.24122002618,84037.82058213004,82513.58807248928,71503.81165788313,81550.58551437683,81874.79756770105,110016.5155549664,73586.45779925083,4
130397.64081211577,149762.96869074926,91046.63473923621,183476.4624806002,92548.78372535513,69561.55682343923,86480.79919586172,122733.65232153563,108840.70203789498,81458.76454815443,79053.26980987428,72849.54313630381,85236.7681547127,82925.59777803395,111935.05518854324,79281.2128998295,4
129374.91439281874,146453.5694066965,103801.00951206798,178694.46321659844,92338.25264433058,70806.90661751111,84945.27905527104,119613.54996127487,103264.9252730519,83008.65686042987,82036.02070045719,72279.52894920456,82146.46066981085,82573.11076797376,109209.30465570744,74448.02814102509,4
130164.6238761692,148963.6032537941,89718.04704881276,180859.11790837263,91246.12405849983,68902.33682421886,86478.49696618284,123670.97272526893,105433.71503755034,83088.58669860206,80694.42429476074,71859.00322902242,83460.58678157172,82097.42094247592,111713.8176219246,76565.87827990988,4
129938.2230565814,148266.742916911,99695.70931145064,182291.1271203908,93219.31370726987,70731.15655555208,85556.10752774567,120311.68434759193,107519.08809174158,81409.43424814157,79878.96560179778,73110.74562200852,84444.95760738345,83217.82448504264,110429.91106866731,77988.76798019029,4
129501.60408039142,146891.03774917577,97705.57704038348,177853.4788314675,91116.7074581036,69664.53131014483,85497.27773633931,121640.89788686013,101970.11106850041,84035.80892512905,82536.45390706706,71507.92437886291,81535.63219733622,81881.8830706934,110002.6127699152,73556.84173784754,4
130411.11891402233,149781.2971212026,90946.3201101208,183485.0679022155,92513.9373557493,69532.63366611405,86495.32782975768,122793.04090655339,108799.37366239712,81477.51766175243,79063.30574313471,72827.1913918485,85219.33379403756,82902.6648882228,111956.08818007568,79248.19937326902,4
129371.38281719481,146449.43433397225,103858.34173659584,178685.12018741612,92352.93774043772,70806.12430645518,84936.4501162112,119554.1166727682,103310.76870092974,82961.69584532928,81987.4503597558,72285.00512659611,82166.97957122083,82572.8425470403,109192.0714607324,74479.05236232905,4
130139.34405319025,148890.0883662806,89837.0030328039,180692.86563311407,91211.7247237831,68884.2095594656,86451.22783794736,123600.72119244591,105315.69782682632,83124.08126879708,80736.78085050355,71826.19086816203,83397.66662093003,82069.12363399549,111680.69233664183,76469.85518572989,4
129936.39021353605,148266.80997214437,99537.92834734062,182236.83473310887,93205.56738442986,70696.46664815744,85560.46611791446,120285.82337925714,107572.35229877858,81390.74818977693,79836.45258384378,73105.47061031708,84476.56297404325,83208.90613900496,110460.97999346019,78042.16629769401,4
129487.72364708468,146800.06614924266,97929.02742970317,177674.9778002474,91126.69868787512,69689.87818835714,85478.9716576304,121570.71340927047,101896.05973911998,84021.66027088884,82536.76683148943,71488.63482339798,81490.57108051433,81861.61003847243,109917.81025145177,73494.16744639486,4
130389.7282945786,149737.7559230037,90826.29124239579,183364.12261296783,92470.17264010581,69486.05263066919,86480.7097888839,122762.03903699387,108759.29698458874,81514.0404121924,79085.9704120124,72804.14674331507,85213.94702362383,82885.38698975886,111995.69547125048,79234.11777426217,4
129337.56462783393,146376.99233019262,103883.37569038579,178509.2343102973,92355.28467360552,70794.65786154961,84908.53278738652,119443.90022085908,103333.5898320186,82904.98946964616,81929.17936196082,72272.1081700454,82166.33137063163,82558.47037535554,109136.79559669443,74492.01637411313,4
130092.69596251202,148761.74464961822,89941.60919685474,180403.96933602923,91171.15630759673,68868.51863485797,86416.49322706381,123532.07898522366,105191.22096195472,83146.9247516304,80770.44257765324,71784.77308568633,83322.02831769327,82033.11497367799,111618.33096961153,76363.70675131163,4
129961.11124290363,148290.3463590558,99401.53800267435,182323.42539112872,93208.02607631995,70689.96229052094,85599.71578117798,120425.58883733617,107642.29090717924,81377.91828845958,79806.07656312903,73103.03427017144,84516.5502448738,83210.47076111684,110509.79620335058,78106.00287985837,4
129459.04635894852,146762.47051506885,98128.22617628887,177733.80759165378,91126.72103961957,69697.05309832729,85437.88915132155,121505.26750150532,101882.42517500225,84030.24334075968,82571.34498016178,71493.5745589226,81479.64107747568,81871.46715777721,109937.63624878363,73480.46582704375,4
130390.42119865671,149737.77827474813,90727.49653190334,183393.78337786,92437.62850017888,69461.30924955718,86496.19954779143,122858.06213117388,108698.58964664814,81522.0423367074,79089.09965623614,72759.37619917109,85159.56522936407,82844.61740787237,111989.25816884734,79175.57855553372,4
129366.39837818127,146463.40417425684,103945.31237427144,178858.43561392257,92392.56738335697,70817.74721357194,84923.28493872703,119534.96122777,103451.83056018717,82896.94284164225,81921.31154791256,72307.51333326261,82232.53723770824,82595.37310545125,109234.45036821967,74593.82857010706,4
130085.4539973085,148777.8602573705,90088.14723350374,180562.33144549507,91151.82204864289,68866.23875692353,86394.07442737513,123538.87391553808,105103.82564113446,83192.99169695278,80839.42006104233,71767.51753896684,83267.66887517797,82024.15192415142,111643.02964723464,76290.9071196207,4
129930.28818729975,148296.2025161031,99223.23813715436,182275.95028590565,93183.70737835257,70638.419167807,85579.71096989048,120356.54429871372,107659.94878529893,81332.43248849302,79749.81722233501,73077.24035707001,84495.0925701967,83177.56899327863,110497.39098517787,78113.26719680634,4
129431.19608535721,146703.50661319573,98351.81067607531,177638.5891602742,91130.78905711044,69709.48066824445,85406.61906082858,121438.59224779514,101840.80622682646,84021.05677378854,82577.98344826502,71487.9195675754,81437.93272232208,81861.14065183887,109888.41770749303,73441.4843847137,4
130382.55338460844,149740.41578059384,90648.32665304263,183390.52002316952,92402.26804045058,69425.99349331779,86502.77096066129,122919.4623731926,108654.35554437108,81558.67684586965,79110.66908963551,72738.16439368301,85130.17268540534,82817.50474184808,112031.65942807907,79150.05286336575,4
129351.82504079641,146466.93574988077,103981.20927586667,178896.94766961905,92407.6101073754,70807.9124460116,84908.97982227562,119491.50943654889,103512.4261394055,82860.71066388019,81885.63816376188,72321.66198750281,82252.3632350401,82592.80265483889,109251.86237715035,74648.32212308909,4
130075.90980242609,148731.41333239237,90233.56768292996,180513.22466292678,91132.73365887806,68864.29415515592,86384.48552900381,123572.55799443222,104985.76372692153,83224.88763629051,80881.50839585166,71734.74988159536,83193.41638009743,81984.72344693226,111612.72068175324,76199.37672607623,4
129966.98975169538,148394.5725434509,99086.42310934344,182557.67167302035,93188.13302375472,70616.53680998526,85613.2609383179,120497.47204750445,107744.21486189544,81337.1487065731,79731.24292269265,73089.86909268727,84551.21780052398,83179.67005725743,110614.26825693468,78206.92100607407,4
129433.9006464363,146726.5289099847,98576.35630087332,177831.64117713468,91144.37891773928,69725.43981378553,85387.46361583038,121424.42124181047,101821.00258123907,84023.35900346744,82612.65100391519,71497.66492815792,81428.41087918411,81862.30294255054,109912.31172231576,73437.52812594511,4
130405.95566105314,149793.47882193077,90559.74668976625,183525.68102189078,92372.18259241374,69396.5785976146,86524.87683592759,123014.99372899458,108600.51019197825,81580.69331415812,79132.23852303487,72713.01868117078,85099.72960945721,82787.12872113333,112068.36099247469,79123.20841827494,4
129402.2952797765,146564.5458179171,104036.93217479375,179184.50286203658,92444.73635491567,70829.25836196642,84942.86506686987,119597.85903666724,103587.77386996435,82824.32202390695,81861.94531463925,72344.01373195813,82291.0764564367,82606.16899802316,109293.21310439266,74725.92737983791,4
130075.23925009243,148755.9555478043,90364.95123683826,180624.91632996994,91105.88921378723,68852.51478582797,86367.11822356204,123557.17999424697,104901.49765032502,83270.30638102369,80955.51502174318,71731.06184376024,83153.876144156,81979.31432477407,111655.36781017398,76152.68393190908,4
129987.68746706098,148473.47420137815,98926.00463938768,182675.10773838853,93177.493593394,70586.85369334862,85632.50579029392,120536.49819332341,107793.72397586393,81314.81931386224,79700.53162581105,73088.34917406431,84573.16721357909,83171.60107750905,110662.52567321369,78262.55449802334,4
129420.66841371875,146694.5659154136,98778.97486436069,177740.6025219682,91149.29630151944,69738.85086045873,85358.38399629403,121325.15714468446,101774.91328417222,84008.33863119347,82625.01151859899,71491.4734949438,81395.84438751274,81853.96574186871,109870.06692529524,73403.01703250612,4
130388.029562,149755.9502429903,90453.06181348108,183319.88851069077,92321.26531854455,69354.62437327199,86510.99640262085,122968.88208018329,108526.615324809,81598.1053230888,79140.97805511691,72676.94296561992,85055.51785892462,82748.66136892574,112066.48344594044,79074.79453978474,4
129376.56842190844,146512.6450672919,104039.14499749482,178991.0485137759,92442.16590430331,70818.90950428361,84914.41129617827,119482.34522132222,103624.83306227125,82772.19775583717,81807.1611889793,72340.90683947883,82305.35922114363,82592.22150948305,109269.22968259212,74762.60659248909,4
130048.08188057922,148639.1453312809,90500.13458730395,180314.67411693028,91075.55789656138,68858.14742543071,86345.10175527356,123513.68349953694,104763.54268354687,83286.33258179815,80980.59367902204,71684.70432575993,83070.57119257108,81929.31347242754,111572.30872777806,76039.02531135385,4
130016.40945868606,148502.86674533688,98788.13907958736,182716.50316911974,93178.45471840557,70585.57964391467,85668.91678201161,120657.1305581487,107849.64804049111,81310.95246207148,79669.552107996,73086.4045722967,84611.88043497568,83162.52626926021,110720.05906344164,78325.07232726483,4
129415.57221598295,146673.868200048,98995.29504719914,177791.27392664837,91162.17090632569,69769.20452942903,85338.91562687345,121307.49926656477,101751.22043504959,84014.59711964097,82645.32925430886,71497.8213903691,81385.78610250785,81857.69848319274,109876.8842073541,73392.26584342311,4
130386.84491954386,149771.41765015337,90372.55082995306,183369.39762465926,92289.74935886257,69329.88099215996,86515.75732418982,123031.35520593586,108469.5513212146,81632.50465780553,79164.11211062815,72649.56207866217,85028.44989638924,82722.28631046848,112104.34730104773,79039.65759750099,4
129371.91925906173,146541.47881763923,104064.17895128476,179094.04535222595,92462.99773013566,70822.8657630522,84907.41520016376,119454.60670645318,103686.9262083681,82740.21240952163,81773.32064787396,72355.34606639696,82338.14923025957,82601.00574505398,109299.73981377362,74821.30227342872,4
130009.61452837165,148566.05512691202,90635.40734474747,180153.69685336316,91044.2878060684,68853.34180037281,86311.06004846812,123435.78767011019,104634.86369071767,83306.1138756411,81023.7772493097,71651.57904047717,82991.9377555773,81895.38352434439,111521.1679364643,75931.26755133481,4
130010.6874121055,148515.87546060985,98634.89551960178,182718.06779123162,93161.95913099757,70558.82460580167,85674.08003498078,120677.35888688076,107892.47398286748,81296.02149677533,79642.64060767181,73083.09651411731,84636.33324340978,83149.40579526495,110756.04537201469,78366.17718531814,4
129364.61023862485,146570.4019749644,99194.73966297385,177580.09464503464,91158.39346151275,69780.60391910124,85289.98765826078,121172.11475039898,101684.00873947248,83984.60107858194,82636.83559141585,71476.85545407003,81330.04085183631,81826.69661363323,109790.07003188969,73324.85298214591,4
130351.8197359824,149704.29536155408,90306.1661489208,183175.7868141874,92245.2246839076,69301.4048697239,86501.07222808269,123018.92763601872,108399.67976804731,81657.29274240647,79187.15675916157,72614.38043288952,84983.81346271199,82683.14840592723,112098.24527481143,78982.37007646204,4
129370.86872707233,146532.13578845692,104119.90185021184,179119.61574788284,92487.49524205866,70845.53043192989,84915.10420025638,119492.76113423839,103747.72295328653,82710.03755450697,81738.04959512349,72359.25762167665,82359.9421811035,82599.28466073092,109301.63971205232,74863.65882917152,4
129981.00429546885,148524.83851013644,90818.02109694733,180159.10597552135,91023.99242210298,68859.86850975377,86287.50130981223,123445.17540278142,104543.46740763992,83362.44027166847,81091.36892454255,71632.51300245679,82942.04866195306,81881.30192533755,111536.43417792728,75857.3056289322,4
129974.99167621037,148517.1048065549,98475.5499333799,182705.8190352701,93132.52188354993,70512.78001222372,85658.970255729,120645.77587196541,107918.51376515791,81280.64349659008,79607.61542411035,73060.92358361764,84635.59563584276,83129.31157699962,110793.57395095515,78387.88072918424,4
129343.21961918112,146523.19509067477,99426.8178256533,177559.39692966902,91169.52463025149,69807.33660546978,85268.61939056151,121145.6502849639,101648.13418962172,83974.87806974389,82647.49737352102,71465.90309928694,81295.17213048603,81821.73452636416,109746.72999939085,73287.61497588336,4
130353.87609647229,149719.80747220607,90252.32079652796,183254.5543616479,92214.78160795946,69285.93746256083,86515.37734453409,123121.07510817947,108343.59924120895,81698.75522837105,79229.13333524864,72587.53598779869,84954.01858735307,82664.12707139576,112142.65819104412,78942.00282597577,4
129352.11561347434,146550.0842392545,104118.31487635552,179213.73894378412,92493.55256480606,70835.85212658074,84891.031371478,119433.28314224281,103809.70434066109,82674.29711512293,81709.75228664307,72370.45584564876,82390.4970157739,82611.15343703669,109328.93119203225,74920.65577753255,4
129935.13851584656,148441.2876893625,90936.55239779383,179995.08887470828,90985.97210478451,68843.08234966783,86239.24389353322,123339.94338988584,104407.88172577403,83381.01457131084,81135.35715763058,71595.14088572751,82864.46575694869,81857.56437272602,111478.00671792112,75752.31948522563,4
129981.76425478033,148511.4498152077,98293.36086432468,182630.0466215666,93124.07292414582,70494.45158177038,85686.59701187575,120704.76212558296,107915.85390756774,81237.25876060233,79553.94888567316,73032.78273734842,84624.33035663729,83107.09394301104,110757.36412493755,78392.82046470887,4
129344.78424129299,146518.70239003925,99609.54333657543,177655.77765176032,91191.4740433066,69835.85743139475,85257.89055322297,121143.86214540746,101650.50347453398,83988.15500595034,82683.19310941614,71496.25676825724,81321.03309882083,81869.9695908987,109780.45878177391,73314.03473782954,4
130335.10063112983,149706.57523948853,90116.24337628405,183203.07829416732,92170.86043010479,69241.16691841686,86504.1120653286,123104.08778239344,108259.1543506568,81718.71533616964,79245.45010870101,72559.7751211852,84919.28397646952,82660.260219605,112144.78160676737,78894.90770040842,4
129357.72590133261,146562.0424225381,104070.75036415462,179244.02555752106,92515.8819575169,70837.50615567043,84900.59791810489,119430.2880084858,103855.54776853893,82617.03194582844,81647.23445740157,72378.2342527192,82418.81667599878,82634.73452743705,109307.02648246604,74967.3485716997,4
129932.94804488994,148407.73772093508,91049.27224508194,179987.31046763784,90974.01392150091,68849.83257649334,86236.82990513205,123354.13674761496,104306.36010245801,83413.2904903043,81174.89739357203,71584.43440013342,82828.30063442,81868.74024495366,111460.03591537905,75678.7598942232,4
129986.94985949397,148561.5177227876,98068.07763195963,182749.38258521352,93109.0302001274,70453.90551732844,85692.8778520677,120701.83404705931,107977.47766703102,81241.70675774894,79527.59617896035,73050.7982433794,84687.5857934458,83137.71583291481,110840.87024222259,78461.77559635349,4
129316.4198775792,146433.54224366453,99741.6421463063,177492.7440277033,91195.2291363751,69845.9380681441,85230.48731452075,121008.58938796395,101585.9739882915,83944.50204902912,82652.86179219029,71484.79032335167,81286.65611584856,81863.08525360648,109668.7894664752,73249.05821669796,4
130336.66525324169,149662.05056453354,89991.45358699007,183093.57709808077,92136.25992968798,69217.89875243888,86526.12853361708,123132.51920134059,108187.31584397744,81739.41305153526,79249.09344304723,72542.29605702116,84903.43658965071,82647.83264968784,112129.26949611539,78845.08566201755,4
129386.06791330194,146582.94130360382,104029.46669214568,179361.50632637815,92544.04515553059,70851.2748302549,84927.1964940067,119452.57269770774,103937.15398754526,82581.44796865559,81611.49401801753,72415.24874153719,82491.03516233386,82673.38069360027,109339.66002937079,75048.73127326147,4
129914.75372490332,148330.28892639745,91137.60633916932,179836.57030303124,90958.34534863775,68856.04636145191,86221.11662877997,123279.37016241196,104181.43620269731,83420.6442142301,81207.24036779885,71566.62005980255,82768.80029067997,81861.87825940589,111385.67166157624,75577.86411975195,4
130013.1908074845,148591.98315048017,97875.6961674328,182826.8984349845,93108.27024081591,70443.91428755692,85732.44043975358,120793.96793770409,108021.06356871886,81223.04305112876,79493.01803028799,73058.12961556073,84727.9530439321,83154.05495811165,110872.16268446001,78510.34593705487,4
129313.2235781221,146415.88436554486,99897.12088073742,177558.3016941907,91217.7820465305,69874.6377080247,85213.7682096682,120963.61767811987,101574.97693001949,83933.77321169058,82676.82286224638,71504.75043115026,81294.18865373,81891.18139638679,109684.30157712717,73252.70155104417,4
130344.95775043462,149673.96404432823,89911.81432149581,183122.43320017259,92110.95775496456,69210.88030467991,86538.91373144553,123203.26247254164,108117.19842162114,81757.96499943317,79260.8057571418,72517.12799276448,84864.49985080956,82634.62276871476,112131.8622984722,78793.36372534797,4
129423.77530619805,146667.98969125625,104019.38605539633,179626.4415534069,92574.59999020101,70880.46620851354,84953.88447688633,119543.74546334094,104025.3539711659,82560.0349974674,81590.259860785,72445.13302387393,82548.05446243937,82706.52833062748,109409.24100986017,75131.6338934462,4
129930.95873963342,148363.83889482485,91266.97823607663,180016.8371220633,90946.23070314297,68876.0064692505,86214.67932637683,123307.42160170336,104109.70945474022,83469.54983109831,81280.35292391217,71573.57145232815,82742.89461885627,81875.579878757,111432.99030458812,75532.40067152986,4
130031.29572049329,148664.87218914894,97625.06605685546,182923.54737800924,93089.07009232881,70409.69376679586,85751.2382568405,120793.76677200399,108055.19468250212,81200.60189969563,79450.41560535617,73053.61456318076,84741.60995979428,83152.93737088887,110906.98670232139,78548.03097820652,4
129312.55302578844,146382.31204537296,99981.36460558946,177441.75969860074,91228.95791875815,69893.81550476736,85201.4076949844,120846.47218542961,101550.94880473004,83893.8529960934,82654.69463523563,71503.05169857165,81270.13817669608,81899.6750592798,109597.44269817385,73223.37606231881,4
130346.6117795243,149636.30135492104,89710.8721388426,182911.7233051924,92073.92091440213,69181.28659502108,86550.44723158446,123146.98078000317,108063.46482795058,81769.14087166081,79262.12451006466,72494.88800703145,84843.19863834366,82631.51587623547,112098.66995795608,78752.57179171703,4
129427.91037892227,146647.82841775758,103862.40975408671,179480.64112432493,92597.9128596679,70881.5837957363,84964.2556863136,119451.5892209517,104111.81051871902,82488.48706346596,81511.55936855786,72461.56155604859,82600.69282063161,82737.21727576462,109364.44811397172,75199.11380995678,4
129899.19691076243,148253.17540802664,91281.8421461394,179682.5667837342,90930.74094423544,68880.007431508,86191.23234644323,123180.1731205193,104016.18975593922,83452.11547042316,81280.9787727569,71548.26927760473,82694.05605722143,81871.15423335484,111319.35403577735,75445.0053507096,4
130056.32967428323,148678.61851198896,97378.32514981332,182864.38231043605,93099.35189477824,70415.12524069849,85793.39364688321,120873.8307206429,108121.35584608983,81160.72638758736,79392.32342151683,73054.59803993678,84787.3639806943,83159.95581864784,110889.57469339069,78591.28160372753,4
129323.23715963807,146378.93693196023,100131.12129344002,177501.61767025205,91269.95101808918,69950.99126708404,85203.17348279638,120863.05717981544,101578.97789227699,83872.48472839412,82660.260219605,71530.09730936257,81294.41217117455,81922.83146653551,109577.79551479763,73230.86389671134,4
130352.9149714607,149687.91153286834,89629.44473379193,183061.83762095423,92055.83835313778,69176.86094961893,86559.36557762213,123234.91254269035,108047.68449636514,81809.15049423582,79306.51507455291,72498.0619547441,84844.83031568889,82626.50908547749,112149.69899054755,78733.08107055201,4
129391.43233197121,146645.19091191184,103813.45943372959,179428.4050975329,92602.20439460331,70872.79956016535,84938.7523458901,119338.75761494132,104166.59464437899,82424.8069435128,81450.44969921705,72459.79576823661,82594.92607056214,82714.01616502002,109307.31705514397,75209.64148159522,4
129901.11916078559,148230.37662868222,91459.337348859,179674.14017607455,90922.85077844272,68911.34457723434,86198.47431164674,123238.6899875033,103950.60973770735,83492.19214823152,81334.3994420051,71537.71925422183,82637.48379200505,81850.9706081117,111277.13159050127,75360.15812875726,4
130058.16251732857,148748.5571203896,97220.45477872549,183013.28963199732,93084.86796437121,70390.62772877548,85810.4033244137,120927.05022419099,108201.62096042883,81173.93626856044,79384.36620049074,73065.17041506415,84814.43194322968,83161.20751633734,110963.26839485984,78641.17069735179,4
129279.1148160833,146347.8456554229,100309.75643512684,177473.96856236085,91272.78968963501,69958.52380496547,85161.28631368713,120747.56571621487,101579.69314809957,83863.83460328991,82665.9152109522,71529.76203319574,81259.34228412417,81919.00931823366,109524.95599090529,73192.01656484802,4
130303.47291272557,149632.568613597,89576.56050641066,182895.33947650666,92004.60815484621,69139.77940556758,86530.19655110796,123184.93404208828,107979.04228914289,81833.84917185894,79317.73565026947,72455.16895713436,84769.30377117441,82584.13017799023,112111.8127836958,78633.32523504797,4
129344.40426163725,146610.12102486147,103816.23105004204,179354.17495419682,92601.19856610282,70859.79084489237,84903.05660999496,119255.2514976563,104245.1610261394,82393.49214953091,81409.18837895256,72461.76272174869,82602.57036716586,82707.15417947223,109295.06829918246,75226.02531028097,4
129801.8327119151,148070.18167617102,91647.89666508397,179334.3713086094,90879.26487675487,68891.49622815802,86112.15187456035,123056.791491126,103833.508948506,83511.79462811883,81371.19041337853,71494.75920137874,82531.29065409787,81801.23797669864,111182.38254575522,75205.81933329336,4
130000.9867550119,148669.36488978445,97109.00898087132,182825.51262682828,93048.70284184252,70349.2546497887,85779.96024846558,120897.41181104325,108217.78127167003,81163.47565215536,79349.229258207,73035.86727808324,84786.49226266054,83114.00063204774,110953.56773776624,78604.46913295618,4
129211.52314085045,146226.18511035267,100565.54979867337,177326.8046768671,91267.02293956553,69966.79395041394,85100.9366036578,120632.3201218033,101560.53770310136,83854.60333282988,82678.47689133607,71521.49188774728,81214.34822253564,81889.10268415246,109492.5459614451,73127.93411349466,4
130257.8977057812,149548.25783351157,89596.58766944263,182780.0938820951,91952.46153503198,69105.62594003987,86512.24810031035,123194.56764394853,107896.60905559172,81873.70233222275,79354.86189780974,72414.51113397017,84692.86080513726,82526.976767418,112109.48820227245,78532.65297802127,4
129352.20502045215,146622.19096686735,103862.52151280899,179531.80426738315,92619.5046448117,70864.86469088373,84920.51332241457,119328.1181845806,104332.377533004,82375.16371907757,81391.17287292158,72474.92789923286,82625.79382965491,82697.43117063418,109345.38207595135,75273.54511899294,4
129795.86479614554,148037.88340543312,91843.78735349028,179440.49739128322,90862.12108875765,68896.36890844928,86107.01097333562,123069.71079942117,103757.33420340231,83554.19588735055,81448.32628349379,71482.28692797267,82471.83501384676,81777.4557205982,111198.85578141878,75129.5328294674,4
130027.40651695807,148730.07222772506,96920.4273129019,183018.92227160005,93031.00026023392,70313.22363772674,85820.01457452949,120971.73136135715,108268.22915890565,81158.46886139737,79336.53346735639,73027.61948437923,84797.57872791037,83098.04148650664,111008.73184308194,78646.08808113195,4
129263.80387113141,146281.9750645131,100706.81282363091,177601.172340056,91302.31634406047,70002.08735490887,85133.88307498493,120691.64165158769,101601.2849332434,83847.83075425992,82696.24652817805,71547.28580084871,81234.75536522333,81910.51565534064,109508.77332791965,73162.93694531167,4
130331.85962818381,149646.44904690376,89479.21865930781,183083.3176473758,91943.81140992779,69095.34413759044,86564.10414744666,123316.76463088568,107886.43901186455,81913.17551293081,79403.2981280444,72425.32937828654,84706.65183146618,82530.9777296755,112179.65032811766,78535.782222245,4
129454.03956819054,146774.0934221856,103741.39740960568,179949.9159991641,92670.15369774745,70884.5789294933,84982.94174467823,119432.36672072015,104464.56574971268,82329.47675341091,81348.5480962453,72530.09200454855,82721.45929592363,82734.1327350298,109409.88921044937,75389.43891399371,4
129862.29418066672,148116.11451102668,91907.0427902988,179695.08376062918,90878.01317906537,68917.17838253718,86125.78643867809,123085.33466879543,103725.97470593151,83574.04423642687,81494.97437417202,71519.77080342422,82491.23632803396,81796.4547033852,111219.32997933985,75112.00906181445,4
130116.70173605702,148859.22060718783,96644.07034445649,183249.32405344537,93049.44044940955,70308.10508824648,85881.03483689248,121060.19956591124,108340.04531384056,81130.46212559487,79294.57924301378,73062.44350224061,84865.17040314322,83103.1600359869,111037.83381436275,78702.59329111497,4
129331.95433997565,146366.8446382099,100792.42000489474,177807.23307218947,91354.99940574163,70054.74806484557,85157.77708980764,120694.36856441124,101665.00975668547,83826.75305923856,82698.10172296784,71612.08350802463,81306.23624399141,81949.5418011596,109518.36222629098,73202.29836729747,4
130389.25890794504,149729.75399848868,89381.74270173821,183196.46217780857,91941.7550494379,69113.04671919903,86603.86790083264,123407.60212035205,107855.10186613821,81937.18128647581,79430.36609057976,72440.52856451613,84716.46424728207,82528.20611336305,112186.15468575415,78495.81730315892,4
129471.42922537676,146858.3147952932,103642.89327179114,180049.31420675686,92692.2819247582,70891.21739759653,84985.53454703504,119377.24731889337,104575.60921616665,82292.08228493718,81309.38783995961,72573.85672019205,82797.29876486049,82757.3338457744,109447.59660334548,75458.14817644932,4
129833.66159601946,148056.9494434535,92033.33014647129,179434.48477202473,90864.15509750308,68933.65161820073,86102.04888606655,122976.12404538681,103621.4132453696,83572.77018699292,81516.61086280477,71498.8719223585,82419.46487658798,81767.44213908221,111117.56248683482,74985.98992657542,4
130137.93589328956,148920.33027652864,96478.019234898,183264.79146060842,93048.43462090906,70307.90392254638,85923.63726182429,121172.09239865452,108400.70794829226,81130.88680873952,79277.65897246111,73068.56788022135,84896.93223201421,83106.75866684421,111080.1680183611,78731.85172460697,4
129303.90290068423,146342.25771930907,100951.83264635,177708.93010007503,91372.54552513904,70076.89864360078,85133.45839184028,120611.37653724868,101668.56368405386,83802.81434092693,82698.6158130903,71617.64909239401,81289.00304901636,81954.21331575076,109479.55959791657,73175.54332918445,4
130318.24741581052,149637.84362528846,89292.4251308948,182826.4961035843,91882.34411267568,69061.9506313742,86563.88063000211,123273.98339199823,107759.57051033623,81949.43004243732,79438.07744241685,72388.42664819081,84633.31575790832,82484.8213773753,112124.95560943552,78389.46770304057,4
129468.90347825331,146859.18651332695,103606.52698356236,179969.2726098624,92715.77360818072,70902.57208377983,84999.72790476416,119411.62430186562,104663.16099919808,82253.52552575177,81257.30827537875,72577.05301964916,82825.17139019625,82766.11808134534,109433.20207991626,75500.75060138114,4
129810.5945957416,148009.16141380806,92217.4191138052,179338.1711051668,90861.00350153488,68955.9810109116,86077.6184293769,122976.63813550927,103548.92653810103,83605.87312053122,81562.16371800468,71482.39868669494,82369.24050679691,81762.1000721574,111088.23699810947,74894.3254225642,4
130113.95247148901,148935.48475926934,96301.976895568,183238.03642249544,93028.206292177,70270.46475058375,85906.98521220508,121163.50932878368,108445.43378894732,81137.65938730948,79252.44620471552,73059.22485103903,84910.76796183205,83098.46616965129,111130.25827768544,78741.75354740066,4
129304.48404604007,146347.4433240227,101147.54452080066,177782.0650079328,91409.47060697922,70116.28241733104,85121.54491204559,120642.57957250829,101692.27888492095,83794.20891931164,82696.11241771131,71626.4556797094,81287.46077864895,81961.81290886557,109470.48478966771,73161.6181923888,4
130338.90042768723,149701.8813731529,89286.74778780315,182999.43155043502,91876.37619690612,69062.44236975221,86575.21296444094,123407.66917558541,107726.40052156456,82013.3560315795,79489.19588198613,72378.61423237494,84612.66274603162,82482.1168162962,112186.08763052078,78348.87693510973,4
129484.77321681658,146959.05410755327,103554.53682595931,180207.00576388906,92747.69189926289,70901.56625527934,85000.19729139774,119430.86915384165,104776.17141916412,82244.8083454142,81233.03428090028,72603.18220891741,82876.066312321,82795.19770088169,109505.37586276245,75583.63086982141,4
129824.00564241478,148049.64042301662,92379.804537273,179462.2009351493,90870.1453650171,68976.63402278829,86074.48918515316,123008.534074847,103497.31636015372,83647.96145534057,81622.33461407837,71477.61541338151,82331.24254122288,81770.32551411695,111086.04652715285,74838.69193061495,4
130139.969902035,149041.34262100968,96090.59644825417,183413.0952850694,93018.28211763885,70239.50758451314,85928.286424671,121213.82310555257,108507.79515597763,81144.81194553518,79238.31990221977,73060.05186558388,84939.08762205692,83111.02785003519,111189.26688304746,78786.3005741001,4
129292.86113892331,146343.37530653185,101243.43350451393,177724.7998386383,91421.56290072954,70123.36792032336,85093.67228670983,120507.77620169833,101706.98633277255,83760.18956425066,82675.05707443441,71629.74138614433,81279.25768843385,81975.4474729833,109416.17005064132,73148.38595967126,4
130340.80032596593,149683.66470142183,89198.59250767142,182848.914903273,91844.6814232685,69044.78449163253,86585.40535991256,123401.29892841565,107671.12465752658,82029.98572945425,79500.68467863616,72352.23917391768,84577.97283863698,82467.92345856708,112141.58530731026,78281.64288778817,4
129510.16479851781,146999.17548885054,103457.99964165685,180251.48573535512,92771.47415536335,70907.71298500455,85022.97371899769,119445.53189820432,104892.17697288716,82200.59659488162,81176.03733253924,72627.09857548459,82944.39559512086,82820.72339304964,109518.60809547998,75655.98346662325,4
129799.30696479166,147980.01473903834,92499.00639045316,179290.3830755214,90856.37669043263,68976.85754023284,86044.49314409413,122901.84919856182,103430.93167912147,83652.7894321429,81648.24028590207,71465.65723009792,82293.55750007123,81763.6423425248,111028.53548866934,74754.0905778516,4
130131.78916356435,149016.57688815318,95878.81366954013,183242.21619870857,93001.11597789718,70204.70591839623,85938.03178525351,121189.66086979638,108541.68040057187,81116.71580275486,79194.689297043,73043.77979562042,84949.63764543983,83091.09009398104,111166.80337986987,78782.67959149834,4
129289.28485981046,146290.5804861284,101401.50504130186,177635.0799363947,91453.12356390043,70156.98494398415,85087.21263256224,120469.62177391312,101744.98429834656,83737.50254362852,82666.20578363011,71645.99110436333,81294.90390955257,81987.96444987827,109378.99909961213,73139.9593520116,4
130356.37949185127,149679.46257346423,89208.00259208711,182896.05473232924,91829.70575448344,69047.98079108963,86601.9903542984,123503.08877266513,107633.9984099863,82080.41126494542,79554.82060370692,72345.95833372574,84564.85236464172,82458.49102240695,112180.38793568469,78225.40589873861,4
129499.25714722362,147019.49322456043,103433.32331577818,180349.14050688036,92783.56644911367,70901.6333105127,85010.34498338045,119418.10630775765,104976.01836633902,82174.80268178019,81146.57773334715,72647.148090261,82985.81337759655,82823.74087855112,109560.33880237804,75698.49648457725,4
129768.7297783768,147911.05960739372,92735.66666074595,179207.03342044752,90848.06184149526,68999.03047073251,86010.76436171107,122866.57814581135,103331.30995408416,83680.19267084512,81691.46855967863,71441.83027050857,82225.29527250472,81733.46748751015,110976.00888919937,74631.89359091445,4
130142.67446311409,149065.1919323435,95804.60587794852,183412.6929536692,92989.76129171388,70195.7205171252,85954.16974475024,121309.13094391,108583.18759002538,81153.17149796146,79201.61833782415,73044.18212702061,84974.67159922977,83086.53033811216,111254.1092937123,78793.2966701146,4
129279.47244399459,146296.66016062023,101652.11280013477,177799.40996163012,91476.10115720048,70186.69041236525,85063.2739142506,120466.96191632295,101755.08728684037,83748.79017457846,82684.51186233902,71660.13975860355,81293.47339790742,81992.45715051379,109407.76579472612,73119.73102327956,4
130342.78963122245,149675.19339027326,89269.15696491682,182960.71832903844,91797.22866978988,69030.32291296995,86592.60262162717,123547.14406098654,107547.60891766656,82142.01267266425,79606.49783688759,72316.85636244493,84511.2975849268,82425.63395805765,112218.29649428088,78132.98143541592,4
129544.31826404552,147108.45316749255,103474.8752087206,180656.36523441854,92816.71408614088,70919.42529909912,85048.36530069892,119553.35671345673,105062.76548657006,82178.40131263749,81127.93637847142,72666.25883177029,83030.33805255152,82838.29186419152,109645.70011445286,75751.33600846959,4
129793.56256646664,147957.30536667173,92987.99550390191,179476.93073474537,90856.51080089937,69017.51536339705,86008.39507679881,122918.14362026974,103280.37032847051,83757.37324444929,81777.2545548981,71457.87882302748,82209.15731300799,81753.11467088637,111061.32549778528,74585.42431419186,4
130170.14475704965,149145.16647400457,95670.85303912796,183592.40097908987,92982.13934685462,70161.6117550864,85970.66533215826,121361.0987497686,108593.75996515274,81172.03637028174,79195.11398018766,73039.97999906303,84975.83388994145,83079.48953860874,111325.2325445691,78797.78937075012,4
129273.50452822502,146294.9837797861,101808.44090085517,177807.27777567838,91494.80956730957,70191.5183891676,85031.91441677981,120363.40628426151,101753.27679553948,83740.29651168543,82676.62169654628,71671.7626657203,81287.19255771549,82006.82932219855,109402.08845163447,73106.63290102874,4
130293.92871784316,149589.563857265,89213.34465901193,182624.52574068616,91745.97611975386,68977.61749954433,86547.94383620546,123388.98311722078,107427.58004994155,82162.86685024106,79614.70092710268,72274.0080683241,84435.32400552322,82397.87309144415,112165.54637736635,78023.6143497961,4
129512.57878691898,147027.42809384206,103379.65677734099,180304.7499423921,92819.17277803097,70900.44866805658,85032.13793422436,119427.9857788069,105089.36406247188,82121.96315788785,81049.16883101092,72651.77490136324,83027.0970496055,82840.48233514815,109570.95588099431,75757.21451726134,4
129750.13312698998,147814.3436091356,93140.70262202056,179063.8034419779,90842.20568444797,69032.06634903746,85979.00253284008,122822.07582260083,103168.14221956042,83766.96214282062,81801.4614941432,71431.72728201476,82142.0350244087,81754.83575520942,110960.29561284729,74481.15342630785,4
130151.92808531858,149111.951781744,95477.1304699338,183413.4529129807,92960.68167217752,70136.01900768507,85980.65656192978,121362.61866839156,108611.26138106125,81179.27833548527,79181.41236083655,73033.31917921534,84992.7541604941,83101.70717259732,111352.50167280456,78820.02935648315,4
129254.57260067137,146248.76037225252,101943.3113268985,177725.69390841652,91524.0009455682,70221.73794767118,85020.64913757434,120311.81845805865,101762.59747297734,83725.4102498782,82672.95601045561,71686.40305833853,81291.61820311764,82051.84573553155,109374.48404723217,73113.33842436534,4
130285.7032758836,149553.68930741423,89187.90837382179,182527.67563196132,91727.93826197843,68976.72342976612,86559.67850204451,123436.97231256633,107333.90388892936,82196.70739134638,79652.11774732087,72245.3531319324,84381.14337696355,82403.08104790223,112141.04886544334,77946.21025874738,4
129530.19196154976,147086.8166788598,103303.4820322373,180497.1090551745,92850.17464759048,70908.87527571623,85051.58395190048,119482.52403527785,105188.33758691998,82110.96609961583,81024.73837432127,72684.27433780127,83090.82187304758,82894.6182602189,109641.81091091764,75846.66619857147,4
129713.92330097238,147749.3223845151,93285.22900166857,178994.8930138222,90834.1367046996,69032.49103218211,85936.37775616381,122706.56200725581,103068.76636371213,83788.01748609752,81835.2126282707,71419.83615396454,82085.9768493148,81760.08841515642,110921.44828098397,74398.34021310094,4
130167.19432678157,149118.7914155473,95293.35442702228,183423.51119798556,92952.41152672906,70117.86939118736,86007.23278608713,121421.18023886446,108607.57334322612,81173.98097204936,79146.81186041974,73015.50483888446,84992.01655292709,83092.29708818163,111355.72032400612,78820.47639137226,4
129267.89424036673,146236.39985756873,102071.16330518285,177810.22820594648,91554.5557802386,70257.72425624421,85022.1690561973,120297.22276892934,101784.39042382127,83716.22368290708,82669.62560053177,71712.66635807352,81319.35671798668,82079.60660214504,109381.34603277994,73139.24409618904,4
130264.24560120651,149503.19671668968,89125.36819283584,182445.2200466657,91689.11328185955,68952.74000796556,86548.50262981685,123377.00258219274,107246.39680938683,82236.78406915475,79679.05159938951,72230.46687012516,84346.162896891,82390.27349832935,112139.64070554265,77882.9771736833,4
129529.65551968284,147067.95180653952,103182.89437090092,180449.92452262933,92859.58473200617,70902.08034540182,85062.15632702784,119436.32297948873,105242.83113990202,82066.55318338313,80958.24193456673,72693.9079396615,83123.34366123006,82897.38987653135,109623.03544557518,75888.7098298919,4
129705.49669331274,147671.2477411327,93423.36278240237,178856.04397726586,90835.32134715574,69055.51332897108,85934.8354857964,122657.58933515422,102987.87540052837,83803.35078279386,81860.60420997193,71416.84102020753,82049.7223198083,81759.10493840039,110858.28225115327,74321.33845345241,4
130176.51500421943,149127.66505809606,95080.00702619637,183421.96892761815,92938.06170678875,70092.47780948614,86035.35128061191,121442.52615481928,108641.65975352046,81183.74868437633,79127.05291832125,73029.60878963576,85028.0699167335,83104.74700984324,111384.35290865338,78847.23142948525,4
129267.33544675536,146186.19783952212,102158.89390216993,177721.11180080316,91581.19905962933,70279.69602104378,85022.83960853095,120226.4794977283,101787.05028141144,83675.36469404277,82631.29235879092,71722.83640180068,81318.48499995293,82089.30725923863,109301.70676728568,73120.20040991312,4
130292.83348236485,149502.36970214485,89080.21766903612,182477.85359357044,91678.67501719893,68952.74000796556,86578.40926389805,123454.5407837082,107197.1559163518,82279.81117723123,79711.32751838297,72231.47269862566,84343.7042050009,82396.88961468812,112149.5201765919,77841.26881852972,4
129576.23655512769,147131.6319264927,103065.59241599948,180630.30310038367,92889.60312480964,70912.5409618069,85102.85885368095,119490.03422141484,105335.07678926908,82032.06444168859,80905.2459484632,72724.77569875428,83190.15302540697,82924.94957744474,109652.04800987817,75962.71645578343,4
129683.45787327981,147608.12641479092,93516.34603933645,178735.27750197382,90824.45839935046,69057.72615167215,85903.40893309223,122506.46919089189,102913.55585021447,83810.43628578619,81886.33106783999,71419.2550086087,82022.38613633945,81765.22931638114,110810.27070406327,74252.91976367471,4
130178.86193738724,149102.51934558386,94828.39343886299,183261.84103034032,92918.14630247907,70064.44872193917,86057.30069366703,121414.22884633885,108641.83856747611,81156.61366660759,79077.00736248582,73014.07432723932,85028.94163476725,83090.41954164738,111340.8787656878,78834.84856305702,4
129240.17807724215,146097.8860971792,102196.42248111039,177480.9423066309,91599.1251586825,70297.35389916347,85005.49465483364,120075.56051916606,101796.23684838258,83620.58056838281,82590.09809375979,71733.4758321614,81321.3460232432,82096.79509363117,109213.59619064287,73105.49296206153,4
130305.68573542664,149453.53114051,89012.51423508099,182329.16978945374,91667.7897176492,68963.40179007075,86605.07489503323,123502.66408952048,107132.7381888316,82301.84999726416,79736.98732101767,72221.77204153205,84322.17947509045,82395.36969606516,112102.98384463595,77774.2582886527,4
129591.0334099571,147150.60855753525,102901.91059135325,180661.3496734321,92914.34650592167,70915.11141241925,85119.24268236669,119475.34912530771,105440.0852847201,81996.74868544922,80861.19066014179,72760.73965558287,83263.13147105354,82964.5345168751,109668.96828043084,76040.27700904335,4
129717.52193182969,147600.66093214287,93661.58767480704,178796.02954340333,90857.53898114432,69112.08559418746,85926.58769209239,122588.29892734277,102856.6259570868,83821.52275103603,81922.45148687977,71427.30163661261,82004.52709251965,81787.02226722507,110750.59154636759,74189.17258848817,4
130198.44206553008,149166.6465004261,94582.36778764341,183387.97192430162,92910.50200587536,70038.67716058221,86071.09171999595,121449.29873338924,108684.64215810802,81163.16272773298,79073.52049035078,73030.48050766952,85074.1815655448,83116.23580649326,111387.7950772995,78871.05838907462,4
129258.84178386234,146124.59643180328,102260.52728420822,177578.19474675594,91640.11825801352,70329.38394896794,85000.08553267545,120044.06691122854,101845.67890711772,83593.55730933635,82575.86003254176,71766.98109709991,81358.36051206119,82139.44222205189,109183.57779783939,73131.95742749661,4
130286.88791833972,149411.97924756756,88918.50279790197,182159.27417984893,91640.92292081391,68942.61466772732,86586.12061573513,123436.97231256633,107051.53430122547,82316.75861081584,79758.89203058387,72201.45430582218,84274.5926111451,82388.194786095,112034.02871299133,77686.8853195769,4
129587.94886922228,147154.96714770404,102721.80023453239,180583.61030621652,92930.95385205196,70905.67897625912,85120.60613877847,119433.17138352054,105534.02966666577,81948.55832440357,80796.32589773249,72780.47624593691,83313.2664338668,82990.35078172098,109637.27350679321,76095.3070038923,4
129712.67160328288,147551.24122515216,93779.38136808651,178700.14055969007,90868.4913359274,69140.00292301213,85915.85885475384,122571.53511900129,102807.04978788493,83830.53050405151,81949.7429668597,71431.43670933685,81983.09176958702,81804.36722092239,110680.4741240113,74128.59936101429,4
130232.81904850234,149218.68136151807,94366.13701178278,183483.816204526,92915.933479778,70032.61983783482,86110.92252861531,121576.23429015093,108724.76353940529,81161.28518119875,79055.16970815299,73032.55921990385,85103.79762694809,83130.11623980002,111399.55209488298,78895.04181087516,4
129259.40057747372,146143.4389523791,102331.76229378728,177692.47921615592,91674.51759273025,70348.80761489959,84979.56663126548,119999.63164325138,101906.76622471407,83572.16668989262,82568.77452954942,71802.25214985039,81404.44980912803,82186.93967901942,109181.58849258286,73175.00688731753,4
130281.85877583729,149395.7071776041,88877.15207065965,182120.69506891907,91617.38653390248,68933.29399028946,86579.8397755432,123461.55923146717,106967.98348045153,82333.8353435797,79785.37884776341,72176.3309450544,84230.87259899052,82377.15302433408,111980.87626467661,77607.38016454938,4
129616.6932125918,147229.57727069585,102599.64795108415,180785.53596562578,92956.85952387567,70911.82570598433,85143.6954908008,119510.84369550273,105641.00511562885,81916.97530948822,80755.75748154611,72804.79494390429,83379.2264317544,83020.19036056881,109670.01881242024,76181.62944097871,4
129695.19253911884,147529.4259225638,93931.26147166031,178709.55064410577,90868.51368767188,69158.2195947432,85884.36524681632,122513.6664526065,102749.02465927895,83844.27682689152,81989.68553420133,71433.78364250466,81949.51944941515,81814.33609894945,110639.23515549126,74072.13885452019,4
130244.79958353039,149268.21282723104,94170.49219256546,183560.01330137413,92900.60018308165,70015.3195876264,86129.07214511301,121639.37796823717,108749.55162400623,81170.1588237475,79051.14639415103,73031.2851704699,85117.40983932136,83135.90534161394,111425.34600798441,78912.05148840565,4
129280.38886551725,146178.73235687404,102429.9758589239,177825.6285578762,91717.38823859552,70393.28758636565,84993.20119538323,120034.41095762384,101955.35891715992,83546.1716110911,82548.14386941718,71823.19573440502,81422.75588783693,82210.23019674185,109159.34850684983,73200.06319285193,4
130290.41949396367,149434.77802691198,88854.84502969326,182248.79291639244,91607.95409774233,68931.1705745662,86583.28194418931,123505.90509246649,106929.04674161038,82385.42316978255,79840.58765656801,72181.11421836785,84225.28466287669,82390.65347798509,112027.54670709929,77578.99344909114,4
129653.90886710989,147318.58191711688,102471.59480709968,180973.98352312847,92989.76129171388,70922.71100553406,85175.61378188299,119587.91251038463,105730.38974170563,81878.79852995856,80700.86159716388,72828.0407581378,83425.65100498807,83040.97748291225,109686.00030970578,76249.80226156738,4
129701.45102756632,147534.7232859997,94073.68678732954,178753.24830451587,90885.72453090246,69181.42070548782,85871.11066235432,122488.67720230547,102712.30074313888,83863.1416992118,82025.87300847447,71449.27340141218,81933.87322829643,81835.54790443754,110622.42664366087,74036.51017385843,4
130300.20955803509,149372.28254941496,93982.35755948516,183757.1780392144,92910.77022680882,70010.91629396872,86177.75424453667,121795.68371721313,108793.11517394963,81179.59125990764,79044.46322255889,73043.91390608715,85153.46320312777,83149.1822778204,111473.15638937432,78953.26810518124,4
129284.009848119,146204.4592147421,102482.5918653717,177858.77619490342,91745.14910520901,70401.51302832521,84974.09045387393,119941.5618111565,102000.73295840419,83510.87820659617,82517.96901440252,71852.87885104166,81448.81802187182,82238.68396743345,109143.2105473531,73238.59760029288,4
130316.32516578736,149445.1268845948,88821.85385487722,182196.35572390028,91595.25830689172,68930.94705712165,86603.17499675453,123549.66980810999,106861.2762524219,82414.63689978563,79870.29312494912,72173.46992176413,84197.09911311854,82392.5533762638,112000.09876490818,77532.97120725765,4
129690.8115972056,147384.89954291578,102306.30365685269,181048.01250076445,93011.26366987987,70916.83249674231,85201.8100263846,119604.94453965957,105837.94633602457,81848.48956447716,80652.49242216258,72859.08733118622,83498.20476749001,83078.57311708607,109712.46477514086,76352.5755825729,4
129684.17312910238,147468.9197503233,94173.55438155585,178557.75994750977,90881.27653375585,69184.59465320047,85842.63453991826,122359.86409900953,102647.70420166304,83860.07951022143,82036.53479057965,71449.92160200138,81907.56522507254,81843.01338708561,110539.97105836523,73982.21778657648,4
130287.46906369556,149310.0329411069,93726.83241687209,183454.2895501005,92876.99674093685,69969.54321498194,86188.88541327542,121740.7878328309,108771.29987136125,81146.10834671359,78985.87930034153,73021.74097558748,85141.84029601101,83130.20564677783,111397.60749311537,78929.10586942505,4
129331.93198823118,146212.19291832365,102588.29326490084,177927.48545735903,91794.45705347742,70458.28645924169,85013.02719271508,120034.38860587939,102079.47815412024,83490.09108425274,82503.06040085082,71901.65035744314,81518.37665061673,82284.84031973366,109139.0084193955,73299.57315916696,4
130331.09966887232,149450.11132360832,88821.9209101106,182235.78420111947,91581.19905962933,68938.03256011398,86609.5899474132,123601.39174477957,106807.34149305124,82460.52503115237,79924.58551223106,72184.0870003804,84190.43829327087,82399.16949262256,112011.22993364692,77484.91495667875,4
129662.33547476954,147373.03076661,102154.64707072343,180959.38783399915,93005.13929189913,70891.82089469682,85182.34165696402,119503.02058494337,105903.88398216772,81798.48871213064,80595.0707906569,72876.02995348335,83529.3183957718,83077.8131577746,109698.76315578975,76392.54050165898,4
129680.55214650062,147418.02482819854,94369.51212519553,178479.26062098274,90894.01702809538,69229.45460432227,85836.77838287097,122381.03120100871,102589.58966607925,83874.20581271718,82076.58911664356,71456.78358754916,81879.64789624786,81846.7684801541,110489.29965368506,73926.58429462723,4
130338.05106139793,149406.43601494265,93597.72874089822,183701.47749203176,92881.02005493881,69982.50722676603,86243.24485579072,121948.16731788723,108822.53006965281,81186.85557685561,79009.46039074188,73043.13159503121,85187.63902039993,83149.78577492067,111487.4168023368,78993.25537601177,4
129319.75028750305,146248.51450306352,102670.19005658508,178071.16247071774,91811.64554496355,70470.26699426974,84984.61812551238,119945.18279375826,102141.61600370599,83483.74318882743,82517.79020044688,71935.02151191492,81558.78860459193,82314.74695381486,109187.77992579699,73366.09195066596,4
130302.28827026943,149396.28832295994,88794.98705804194,182035.8254952223,91539.04366958662,68920.75466165003,86592.51321464936,123541.80199406172,106701.8859627111,82468.05756903382,79932.74389895724,72141.84220335988,84116.14109470142,82359.96453284795,111933.98230480938,77396.40204863573,4
129717.20900740732,147471.33373872444,102037.0321913996,181189.49904316655,93027.20046367652,70910.50695306146,85235.56116051211,119638.00276970897,106047.38218157079,81789.50331085961,80559.24094429504,72913.02209055687,83626.66024287466,83111.63134713547,109782.73865970835,76521.13008751036,4
129680.23922207823,147397.30476108848,94477.8957340593,178446.49296361126,90888.96553384847,69243.60325856248,85818.11467625079,122289.94784235333,102556.28556684084,83874.94342028421,82089.08374179408,71459.97988700628,81864.20284082924,81838.27481726109,110453.38040034538,73890.01684069834,4
130320.16966583369,149379.79273555192,93301.5234233765,183486.27489641606,92838.19411256244,69926.49375516102,86235.89113186493,121825.74681350551,108854.40365724608,81164.61559112258,78951.59172434709,73033.96737980454,85208.78377065466,83123.99186181926,111464.61802299238,79004.63241393953,4
129322.36544160431,146187.22601976705,102634.24845150096,177845.3874999747,91835.04782140825,70489.0871631011,84987.72501799167,119852.17718507972,102218.41659765442,83420.4877520189,82435.28991166233,71953.32759062381,81598.1053230888,82315.14928521505,109091.82388685035,73401.83239004998,4
130296.87914811126,149319.33126680032,88667.64916988005,181767.7610239698,91513.49562567422,68909.01999581099,86596.58123214022,123492.60580451558,106674.66153796454,82477.64646740514,79926.79833493213,72135.82958410139,84107.6027283195,82341.81491635024,111869.2069493779,77359.70048424012,4
129730.19537093585,147453.96643328268,101787.60907502283,181047.34194843078,93043.18196096206,70907.10948790425,85258.91873346792,119611.24773159597,106166.9640144067,81725.33145252842,80463.17314662614,72931.6634454326,83687.00995290399,83113.6653558809,109738.61631615357,76605.01618445113,4
129652.92539035385,147291.9162859817,94553.37757508489,178176.93092548024,90891.46892922747,69267.6537355964,85790.89025150421,122173.9422886303,102534.89494739712,83858.24666717609,82085.7309801258,71465.41136090891,81844.77917489757,81837.24663701614,110355.70327707569,73850.85658441264,4
130344.0636806564,149394.14255549223,93098.74839767795,183486.27489641606,92829.36517350259,69927.29841796141,86269.23993459225,121931.09058512338,108915.33451263125,81170.18117549196,78940.81818351963,73041.52226943044,85240.90322743694,83127.63519616547,111477.71614524319,79042.09393764663,4
129321.13609565928,146167.66824336865,102740.64275510822,177861.72662517152,91863.4792403554,70530.08026243214,84979.38781730983,119825.69036790018,102274.7876971707,83381.88628934459,82402.4999025464,71970.80665478786,81609.34825054983,82325.49814289786,109052.0377817199,73423.55828566055,4
130299.76252314598,149304.46735673756,88739.06299341476,181806.87657676658,91494.40723590938,68927.9742751091,86598.77170309683,123556.64355238005,106619.60919137111,82529.52486628591,79992.08778048608,72124.58665664037,84072.66695173585,82332.89657031257,111877.03005993726,77299.30607072188,4
129749.57433337861,147513.9138119118,101735.48480695306,181238.73993620157,93063.65615888312,70919.98409271051,85279.66115232244,119681.81218884137,106263.83647487599,81714.89318786778,80444.0400533724,72951.221221831,83729.65708132471,83125.06474555311,109785.64438648753,76671.15499629438,4
129629.67957612034,147262.27787283398,94807.56161303063,178219.08631552296,90891.82655713876,69290.96660506328,85755.41803305365,122122.71209033873,102481.51898163784,83898.9044903403,82148.47232681184,71462.48328238526,81805.19423546724,81836.06199456,110346.0920269599,73790.52922612778,4
130314.5593779754,149372.7072325596,92990.83417544773,183397.1808430172,92794.36234168558,69890.08276344332,86252.72199543977,121906.88364587828,108882.11982037066,81176.97610580637,78938.09127069608,73001.49029511098,85196.60206992652,83087.93849801285,111461.44407527972,78994.37296323455,4
129286.58029873137,146111.49830955247,102908.8396321344,177768.0504641593,91881.76296731985,70546.70996030688,84941.92629360275,119741.73721572605,102298.12291838204,83361.61325712362,82385.40081803809,71964.88344250721,81594.37258176478,82318.12206722761,109017.63844700319,73408.47085815322,4
130246.0959847088,149211.70761724803,88849.81588719081,181621.0665251096,91459.02442443663,68910.65167315623,86548.70379551695,123501.70296450889,106522.02147507924,82576.28471568642,80043.89912413349,72084.73349627656,83999.59909911145,82297.13377918408,111859.84156845113,77189.42489497959,4
129696.9136234419,147453.8546745604,101698.02328324596,181110.26210907247,93051.94384478853,70892.46909528603,85236.41052680141,119603.80460069235,106310.81984172105,81687.55700439894,80398.10721851674,72926.6119511857,83722.63863356574,83098.75674232922,109787.38782255506,76675.37947599644,4
129605.62909908642,147172.6250258237,95135.57346291226,178161.66468401728,90903.33770553324,69338.03937888615,85730.62994845271,122164.26398328114,102401.14210857656,83917.18821730473,82187.02908599724,71431.10143317001,81731.05349910898,81802.7578953216,110299.91332291524,73684.42549519843,4
130299.89663361272,149385.49243038803,92953.50676220737,183535.40403072882,92772.05530071918,69869.69797250009,86242.28373077915,121985.47237938314,108888.4006605626,81225.47939127439,78972.93764030191,72989.59916706076,85193.09284604703,83065.36323611299,111565.87142537492,78989.142655032,4
129279.3606852723,146115.40986483215,103100.25997164965,177942.46112614407,91909.52383393334,70567.34062043914,84920.60272939238,119739.12206162479,102337.26082292329,83357.29937044375,82392.5980797527,71974.7852653009,81602.7097824466,82309.56134910123,109053.33418289831,73429.50384968566,4
130255.95310401358,149205.85146020073,88954.86908613076,181712.99925005427,91441.52300852812,68913.3115307464,86551.8777432296,123578.01182007931,106428.03238964468,82630.64415820171,80112.92131101148,72060.19128086463,83941.93159841676,82259.35933105461,111872.71617325737,77113.451315576,4
129738.13024021749,147541.5852715475,101584.00703477944,181364.89318190733,93068.50648742993,70886.09884811626,85269.58051557309,119688.56241566688,106406.99939811224,81680.71737059562,80380.40463690813,72949.67895146357,83780.37318949381,83098.84614930704,109865.41776244853,76767.31220094112,4
129634.21698024476,147184.56085736287,95286.17951705212,178273.93749641627,90917.93339466256,69357.39598958445,85734.31798628783,122150.94234358578,102371.79426810674,83935.807220436,82228.58097893966,71448.73695954526,81723.72212692763,81805.28364244505,110296.56056124695,73667.46052115686,4
130360.73808202006,149461.39895455824,92712.13027383451,183662.3395874905,92766.93675123891,69846.85448966676,86296.79963550564,122075.57226128249,108920.34130338923,81230.7767547103,78968.95902978886,73002.54082710038,85226.75457319673,83065.6538087909,111599.91313218036,79027.16297235047,4
129342.68317731419,146191.85283086932,103064.11720086542,178137.65891047227,91959.70350023551,70593.82743761867,84953.1021658304,119752.71192225361,102441.15173115155,83323.8164572497,82367.83234689622,72033.90562938519,81688.65223987726,82356.81293687975,109068.75688657248,73522.1518304529,4
130269.83353732033,149175.27427378588,88820.93743335456,181555.12887896644,91425.78738043159,68891.87620781377,86556.21398165393,123488.78365621372,106359.21136846679,82621.25642553049,80120.54325587074,72058.9619349196,83921.36799351788,82246.82000241519,111794.79799208618,77054.934448592,4
129773.7365691348,147556.51623684363,101277.899894464,181259.3258928449,93093.89806913114,70869.35739151924,85305.27625146821,119647.88224075822,106518.10991979956,81607.9177389047,80298.86547313517,72986.02288794791,83861.28650442201,83117.68866988286,109823.75411078383,76856.65212352898,4
129658.31216076759,147137.30926958434,95318.14251162321,178131.17690458024,90954.23262765797,69392.95761501284,85745.11387885975,122119.26992169261,102364.10526801411,83908.96277534518,82228.20099928392,71481.50461691673,81743.72693821513,81822.58389265346,110203.48789733504,73657.51399487424,4
130382.91101251973,149478.36392859984,92411.4099039328,183602.30280188358,92763.02519595924,69824.83802137828,86320.93951951737,122108.49638086515,108963.65898414362,81218.9750336379,78943.34393064308,73025.11608900024,85278.85648952205,83070.86176524899,111596.71683272325,79075.01805722929,4
129356.7871280655,146204.79449090894,103025.314572491,178139.67056747325,92005.92690776908,70617.45323150793,84961.23820081213,119744.79940471642,102530.8045781618,83263.48909896483,82305.47097986592,72075.2116531386,81747.52673477253,82378.44942551249,109028.21082213055,73590.9728516308,4
130274.16977574465,149196.24021008494,88772.47885137545,181580.76632985668,91423.5298542416,68892.54676014742,86560.88549624509,123549.02160752079,106337.66428681187,82649.41962354418,80140.07868052468,72072.95412694862,83926.35243253142,82253.32436005169,111796.5861316426,77036.11427976064,4
129808.71704920735,147685.7093197953,101077.82942984455,181503.83162544153,93127.3809823252,70868.03863859638,85340.65906294096,119779.51166385552,106662.7257064254,81578.50284320151,80230.40207986857,73021.85273430977,83945.88785718536,83147.70706268634,109877.2865387543,76972.21064236292,4
129625.85742781848,147156.59882504927,95401.67098065269,178138.70944246167,90963.84387777375,69386.78853354318,85704.07607603981,122025.39259498032,102376.62224490909,83914.97539460367,82228.51392370628,71495.31799499011,81745.00098764908,81847.7743086546,110190.03214717295,73656.17289020693,4
130378.39596013975,149528.63300187982,92146.18410422614,183543.76358315512,92751.37993709803,69779.8663115342,86344.878237829,122163.14639605838,108999.06414736083,81203.97701310838,78887.5763282271,73003.09962071176,85275.70489355385,83067.5090035807,111569.29124227658,79087.42327540199,4
129357.77060482152,146258.21516015712,102990.26703718508,178182.2059371717,92045.73536464399,70621.52124899879,84965.17210783626,119731.74598595453,102664.15508558216,83229.62620611503,82250.73155769486,72104.82771454188,81805.4624564007,82429.18788542604,109020.76769122692,73684.47019868734,4
130250.0969469663,149192.3733582942,88693.30897251476,181449.69570037076,91404.15089179885,68863.57889933336,86542.91469370303,123506.57564480015,106320.60990579247,82670.69848426562,80158.89884935605,72058.51490003048,83902.99485957561,82269.95405792643,111762.61148007054,77010.78975329277,4
129817.70245047838,147739.44291346587,100830.9991158246,181483.55859322054,93144.65888078915,70847.5197371864,85361.22266783986,119819.90126608626,106797.46202200199,81525.37274663124,80152.48389869736,73031.37457744773,84000.1802444673,83176.33964733359,109865.01543104833,77068.5913644542,4
129610.90411077788,147146.1829121331,95498.20816495517,178085.0876075134,90980.98766577097,69402.77003082872,85678.25981119393,122000.22453072364,102394.05660558422,83909.14158930082,82236.71701392138,71506.11388756202,81748.10788012837,81873.6799804783,110151.22951879854,73655.39057915099,4
130388.52130037801,149593.8106887115,91937.53056973584,183597.0277901921,92742.12631489352,69761.09084619176,86356.54584843467,122258.0071995267,109050.5849183303,81208.89439688854,78881.16137756841,73002.31730965583,85303.24224272279,83074.32628563956,111597.7450129682,79126.13649679859,4
129359.75991007805,146313.2451550061,103023.95111607923,178298.0326769391,92081.85578368376,70645.70583649944,84950.64347394032,119736.2610383345,102768.69419439962,83194.89159523149,82217.94154857894,72136.36602596832,81859.95600938273,82461.39674918614,109034.40225534467,73763.57302231468,4
130239.09988869428,149196.75430020742,88719.21464433846,181427.9698047602,91388.54937416904,68866.55168134591,86528.18489410698,123544.88653479655,106267.74803015566,82693.38550488776,80186.57030899171,72043.11454810078,83866.33799866891,82257.68295022046,111742.09257866057,76959.9618864014,4
129828.38658432802,147827.10645521956,100690.60780890082,181666.3735111205,93154.80657277186,70837.90848707063,85367.48115628734,119878.88751970381,106919.25667753896,81511.33585111331,80112.87660752257,73057.92844986063,84070.96821915725,83201.84298775709,109941.1454726631,77173.28693548286,4
129586.80893025505,147105.70390292455,95678.69850143178,177990.58443195635,90981.36764542671,69425.34529272858,85649.33665386876,121933.59398050237,102336.52321535627,83896.31168798349,82239.33216802267,71493.26163450023,81698.24113824859,81864.24754431815,110079.41336386364,73594.8173516771,4
130381.74872180805,149605.88063071735,91791.43956797595,183562.36023454193,92711.14679707847,69732.27944758887,86362.46906071533,122278.23552825875,109061.51492136896,81230.06149888772,78893.65600271893,72995.83530376379,85310.35009745957,83074.37098912848,111632.99371397421,79141.26862779482,4
129341.40912788024,146271.60385508585,103087.56418079903,178171.96883821118,92093.43398731161,70656.65819128253,84935.6454534108,119651.1902989376,102805.93220066217,83151.26099005472,82175.98732423632,72140.54580218147,81862.571163484,82467.07409227778,108982.03211808589,73784.94129001394,4
130224.75006875397,149130.16845347505,88792.39425568513,181241.60095949186,91361.88374303386,68870.50794011449,86519.40065853605,123539.43270914945,106174.7647732216,82729.88590358329,80238.58281833922,72019.82403037835,83815.71129747764,82240.44975524543,111698.30551127261,76883.22834768634,4
129806.30306080617,147786.40392856646,100551.37879268872,181472.4274244818,93146.55877906785,70820.85410605122,85360.84268818412,119814.55919916145,106961.99321293751,81470.29804829336,80067.63667674502,73047.82546136684,84085.18392863082,83189.39306609548,109911.194135093,77206.94866263255,4
129569.84395621347,147025.5058438189,95912.87772809002,177854.90934311264,90992.63292463218,69467.3442205601,85623.18511285605,121900.31223300842,102293.47375553533,83914.9083393703,82276.01138067382,71495.4744572013,81684.62892587531,81870.68484672128,110041.08012212279,73558.7639878707,4
130348.24345686955,149541.1052752859,91683.65945621247,183365.26255193504,92672.74650010426,69709.03363335534,86342.71011861684,122257.29194370413,109008.94361841008,81240.16448738152,78892.31489805161,72961.07834113578,85281.65045757896,83038.92112242235,111612.11718465296,79097.01217377331,4
129319.41501133621,146219.54664224942,103225.85442374402,178121.61035795335,92115.0481241999,70687.59300560868,84912.69021185521,119625.0834614138,102835.34709636535,83125.73529788677,82145.11956514354,72147.13956679578,81884.25235560565,82469.19750800103,108968.79988536834,73804.54376990125,4
130188.60729796975,149047.6234612016,88942.75444063598,181125.3942400687,91334.32404212047,68880.16389371919,86488.80112037672,123534.51532536928,106055.98760318609,82771.90718315926,80281.9004990936,71983.30127993837,83754.19929673664,82207.3021182182,111676.84783659552,76779.24803248025,4
129805.25252881677,147801.4913560738,100517.65001030565,181572.00444603022,93151.9902529705,70823.80453631932,85364.03898764122,119875.66886850225,107019.75012061001,81466.74412092497,80034.89137111799,73045.1432520322,84119.20328369181,83181.70406600286,109964.88302527464,77248.99229395298,4
129526.54862720355,146954.91903482904,96191.98396110344,177819.23595896197,90989.99541878646,69486.83494172513,85574.81593785477,121825.8585722278,102223.5798506236,83936.29895881402,82306.14153219957,71479.53766340467,81638.40551834172,81852.75874766812,110020.33770326826,73487.75249573619,4
130343.79545972294,149538.3560107179,91648.09783078407,183398.1419680288,92646.95258700283,69696.09197331572,86350.75674662075,122347.70475002585,108961.62497539818,81266.91952549452,78899.02042138821,72921.15812553861,85244.21128561631,82998.82209286954,111631.51849884016,79053.18040289645,4
129302.27122333899,146217.7137992041,103360.72484978734,178215.063001521,92127.43099062813,70699.52883714782,84886.3822086313,119577.94363235756,102879.53649515349,83116.92871057137,82129.47334402482,72151.27463952001,81901.75377151415,82467.61053414471,109005.03206313039,73842.49703198636,4
130160.42174821161,148981.5740563362,89061.28574148247,181014.5295875704,91295.18613757922,68869.90444301421,86462.98485553084,123494.81862721666,105934.12589241576,82809.3463551219,80328.99562466094,71940.49768930646,83677.84573767731,82164.02914095273,111648.52817637064,76683.2472900447,4
129827.24664536079,147837.96940302485,100425.94080280553,181698.11298824704,93147.3410901238,70816.5178676269,85391.53163332125,119955.12932004087,107076.36708931532,81454.56242019683,80010.57267315063,73043.17629852013,84155.18959226485,83174.64091475499,110018.34839801175,77314.41584997367,4
129498.74305710115,146878.47606879188,96392.52381235646,177729.85133288518,90971.04113948836,69492.4005260945,85536.16977169154,121715.93269299659,102142.33125952855,83934.55552274651,82326.90630279855,71463.08677948556,81595.04313409844,81831.8151631135,109982.51855164988,73432.09665204247,4
130345.02480566798,149519.62524886432,91512.86977682947,183345.4365546032,92603.23257484825,69663.03374326632,86357.55167693517,122368.82714853612,108921.03420746735,81281.82813904622,78914.4207733179,72901.1086107622,85239.6738814919,82973.3858076794,111655.72543808525,79041.75866147979,4
129324.33239511639,146209.9577438781,103437.03370535777,178260.2358770652,92151.9061508067,70725.56861943824,84900.50851112706,119604.85513268175,102912.30415252497,83076.51675659619,82098.06914306512,72161.91406988073,81926.96653925974,82469.30926672331,108987.35183326625,73877.85749171466,4
130181.20887055504,148998.2708094443,89158.60523684089,181171.28237143546,91284.0996723294,68877.1017047288,86469.3551027006,123587.89129112856,105869.68581315111,82871.12657679636,80405.30448023135,71943.87280271921,83672.7495399415,82168.36537937706,111712.70003470183,76651.73133036272,4
129843.6975292799,147916.40167431853,100283.73900458086,181904.0843134027,93156.70647105057,70796.58011157277,85399.51120609179,120003.40908806433,107141.85770056937,81433.35061470875,79970.74186453127,73053.1451765472,84197.34498230755,83180.29590610217,110084.5319133439,77379.12415017177,4
129521.56418819001,146925.2806216813,96619.43872206673,177939.48834413153,91009.75436088495,69536.88049756056,85533.19698967898,121777.15412105968,102113.76573011467,83948.77123222008,82354.60011417868,71471.2675179562,81586.97415435007,81848.84719238845,109995.95195006752,73411.60010237695,4
130360.13458491977,149598.19163062473,91393.55616492704,183503.32927743546,92594.64950497741,69640.27966741081,86367.40879623995,122449.71811171986,108901.67759676905,81306.28094748032,78924.0767269226,72885.12711347666,85229.72735520928,82965.56269712004,111715.42694752538,79032.28152183075,4
129318.20801713564,146255.95763396713,103482.51950532431,178357.93535207934,92180.04699707591,70726.99913108339,84875.78748175949,119547.41114943162,102973.74909803261,83042.87738119095,82060.24999144673,72177.51558751054,81953.36394946146,82487.5706419433,109009.39065329918,73925.08672774873,4
130151.7269196185,148947.82292220867,89212.78586540054,180976.53162199637,91256.76348886055,68862.81894002187,86439.2473029193,123523.92059849747,105747.42177098058,82881.564841457,80426.53863746389,71900.95745336503,83593.15497793615,82133.7872307047,111645.95772575829,76544.13003255488,4
129860.5507445992,147946.9118055,100121.2865258797,181872.54600197627,93163.32258740933,70785.49364632292,85423.71814533688,120047.55378336356,107201.31334082047,81399.9124050036,79920.5621982291,73051.87112711325,84227.13985766648,83177.77015897873,110093.04792798137,77437.50690668904,4
129527.59915919295,146890.99304568686,96786.60741884797,177873.66245671065,91020.86317787925,69563.94846009594,85525.99972796437,121757.50693768346,102075.87952326293,83954.44857531173,82381.13163484713,71482.01870703921,81573.92073558817,81856.60324771443,109962.71490606248,73389.13659919937,4
130395.58445162588,149650.829988817,91236.93749152869,183597.07249368101,92576.29872277961,69622.97941720241,86397.47189253234,122554.59249670416,108904.98565494844,81341.59670371971,78952.86577378104,72892.07850600225,85261.33272186908,82973.09523500148,111778.68238433391,79058.63422854355,4
129347.15352620525,146303.5892014014,103492.64484556257,178491.30821124415,92212.27821258048,70746.13222433714,84884.83993826389,119551.05448377783,103037.29510751905,83011.36142150896,82034.88076148997,72205.7905442465,82009.93621467784,82515.84559867927,109024.81335697335,73993.8630454377,4
130213.10480989276,149001.46710890142,89283.14915694584,181138.514714064,91267.22410526563,68898.60408289482,86480.0615882947,123681.67921086303,105673.92923521153,82922.93792044377,80476.6959520216,71899.7728109089,83583.8790039872,82140.71627148584,111650.96451651628,76502.82400880147,4
129936.68078621398,148129.39144723315,99953.6931459538,182315.22230091362,93191.5975441453,70791.08158243676,85471.43911974897,120201.69141312737,107329.09826387146,81415.04453599984,79921.7691924297,73106.07410741736,84349.04627192572,83230.76614508226,110243.98925828807,77575.57363218948,4
129525.43103998079,146925.77236005932,96920.98610651329,177955.2463239725,91034.60950071925,69579.3264602812,85496.09309388317,121658.37695102418,102037.36746756644,83946.29018858555,82399.92945193403,71490.55707342114,81567.37167446276,81866.88505016388,109941.88308023014,73367.79068324456,4
130406.71562036463,149684.24584677766,91060.35871033177,183524.74224862366,92556.67389114785,69605.925036183,86418.84016023162,122591.20465412196,108854.62717469063,81330.06320358076,78932.70450028236,72860.85311899819,85228.72152670879,82944.2838363986,111742.31609610512,79025.88892291652,4
129392.32640174944,146396.84067926893,103526.50773841236,178680.94041120296,92264.13425971678,70793.18264641556,84918.76988634704,119641.42258661063,103136.91683255635,82987.98149680872,82020.3074241051,72246.6048296219,82073.28105846418,82552.18953516359,109068.51101738347,74088.45562797257,4
130163.93097209108,148958.5517595472,89296.26963094111,180930.710545863,91234.38939266079,68880.14154197474,86433.90523599449,123531.07315672317,105581.95180677794,82942.51804858661,80517.80081007491,71881.04204905535,83522.12113405719,82123.885407911,111620.00735044568,76429.95732187717,4
129923.49325698534,148127.98328733246,99745.48664635261,182126.75239166646,93189.20590748858,70776.01650667388,85480.8715559091,120178.3114884271,107386.38578491042,81366.07186389827,79858.42434864336,73096.17228462367,84355.08124292866,83219.52321762124,110212.40624337271,77613.72805997469,4
129508.22019675019,146860.30410054972,97071.2121809974,177742.07773710226,91052.53559977241,69617.81616423323,85483.28554431029,121612.46646791298,102009.91952537531,83931.6050924784,82407.79726598231,71491.80877111063,81536.5486188589,81866.05803561903,109876.8842073541,73334.55363923952,4
130452.6931587092,149746.51780683015,90944.55432230882,183615.26681366764,92561.1442400389,69620.54307705678,86469.82448933418,122773.19255747707,108874.52022725585,81368.01646566587,78964.0416460087,72873.23598542644,85252.70494850933,82956.24201968218,111808.72312888183,79056.46610933139,4
129433.36420456937,146480.34679655396,103559.23069229492,178878.1722042766,92310.96116435065,70828.52075439939,84944.67555817075,119702.93458735164,103232.60465056953,82966.38971166489,82009.109200133,72285.67567892978,82127.86401842404,82586.67827685813,109107.17953529114,74177.19205346014,4
130221.2855483634,149049.05397284674,89396.83012924554,181176.512679638,91249.87915156831,68916.50783020351,86469.53391665625,123684.5402341533,105547.17249240549,83000.3867149814,80600.47991281509,71898.43170624158,83518.6119101777,82142.79498372019,111670.52229291467,76421.70952817316,4
129967.10151041765,148267.72639366705,99572.86412392427,182389.09481633842,93205.03094256294,70769.10981763719,85509.41473357854,120243.7797479367,107480.91131221192,81354.35954980369,79840.92293273484,73123.0614332034,84412.5252261788,83242.16553475446,110288.31276754294,77715.13792456841,4
129511.66236539632,146881.04651940425,97231.13891257512,177748.96207439448,91070.26053312547,69646.04641748029,85466.18645980197,121543.15370835707,101986.13726927487,83923.69257494123,82430.81956277127,71498.3801839805,81518.22018840554,81876.16102411284,109831.04077947627,73315.97933959715,4
130423.41237347275,149733.66555376834,90765.78507015528,183396.04090405,92518.29594591809,69577.53832072477,86453.03832924823,122681.0586668323,108844.5912414302,81370.54221278933,78964.0416460087,72848.0455694253,85228.69917496433,82935.79017350556,111780.76109656824,79027.38648979504,4
129392.2369947716,146422.2993162035,103549.93236660151,178594.3497531831,92314.76096090805,70828.58780963277,84916.19943573468,119563.01266706141,103279.81153485914,82905.52591151309,81946.36785344695,72285.42980974076,82140.06807089664,82585.42657916863,109032.70352276607,74195.67694612467,4
130139.34405319025,148891.51887792576,89441.75713560071,180673.62078113804,91197.71018000963,68894.42430668167,86412.73813399531,123515.87397049356,105428.4847293478,83005.12528480594,80606.93956696267,71852.70003708602,83440.06788016175,82104.34998325705,111559.99291658319,76303.87113140478,4
129946.64966424105,148212.8752127737,99430.5729187218,182157.26252284797,93196.47022443656,70760.52674776634,85522.82578025172,120282.4929693333,107530.24161222478,81319.87080810915,79778.09217907098,73106.09645916182,84427.92557810851,83223.27831068973,110256.7297526276,77741.66944523685,4
129501.22410073568,146845.4625422314,97466.54748517841,177773.39253108413,91090.1535856907,69689.56526393477,85454.02711081828,121596.08263922724,101993.28982750057,83955.58851427896,82466.5152986664,71514.36168126603,81530.80422053389,81895.31646911103,109854.59951813216,73324.09302283442,4
130401.57471913991,149742.76271376165,90692.51605183078,183458.62578852486,92486.824689725,69552.66082914601,86444.23174193285,122753.70183631204,108822.73123535291,81412.1164574762,78984.02410555174,72827.70548197097,85210.16957881089,82913.86311219491,111831.11957682605,79016.83646641213,4
129369.39351193828,146440.7171536347,103630.35394315171,178723.56518787923,92334.07286811744,70836.61208589222,84893.02067673454,119572.93684159957,103349.10194267059,82891.86899565089,81919.85868452296,72293.90112088932,82159.51408857276,82590.12044550425,109057.96099400056,74251.42219679621,4
130136.77360257789,148905.10873855458,89620.41462903198,180815.64376540706,91193.95508694115,68915.47964995858,86407.32901183714,123633.28768411728,105359.84252212555,83068.35836987,80674.12891079532,71834.39395837713,83391.11755980462,82093.73290464078,111583.41754477234,76249.04230225591,4
129944.68271072897,148317.99546694703,99339.62367053315,182458.3181689165,93193.96682905756,70733.9952270979,85516.3884778486,120350.06229282169,107635.96536349838,81348.9504276455,79787.0328768531,73121.54151458043,84483.96140145796,83247.73111912384,110395.7128996507,77839.92771386239,4
129483.74503657164,146854.44794350243,97719.72569462367,177876.70229395656,91104.77162656447,69709.48066824445,85423.60638661461,121595.5014938714,101957.01294624961,83964.70802601673,82487.95062159904,71496.16736127941,81482.32328681032,81889.21444287473,109836.29343942326,73280.23890021311,4
130378.44066362867,149776.67031010037,90622.71155389685,183521.79181835556,92451.59834046345,69509.29844490271,86421.90234922199,122765.23533645098,108806.10153747816,81460.61974294421,79021.82090542566,72802.42565899201,85192.46699720228,82903.69306846775,111907.69665332994,79005.01239359527,4
129319.05738342494,146403.85912702788,103663.90391157912,178596.42846541744,92329.62487097083,70812.13692571365,84840.38231854228,119408.18213321951,103389.02215826776,82848.79718408552,81876.33983806847,72277.91962360378,82153.68028326992,82581.80559656688,109043.45471184907,74271.29289761698,4
130043.45506947699,148731.25687018118,89692.92368804499,180301.93362259076,91135.48292344606,68872.45254188211,86330.90839754444,123402.03653598268,105222.64751465888,83073.90160249491,80693.99961161609,71770.66913493504,83286.69020970944,82041.5639330821,111478.1631801323,76114.70831807952,4
129896.82762585017,148193.9209334756,99157.0099183333,182025.8566171952,93166.09420372179,70696.66781385754,85501.74808523037,120259.96241092235,107648.59409911562,81295.77562758632,79717.5189515971,73082.51536876147,84464.00129365937,83207.5426825932,110322.42152958174,77831.85873411402,4
129410.36425952487,146668.10144997854,97865.59317893902,177441.82675383412,91084.61035306577,69707.58076996575,85364.91070567498,121396.5039129858,101905.02278864656,83945.59728450743,82486.85538612073,71482.24222448377,81447.96865558252,81878.84323344746,109759.17992105245,73227.04174840948,4
130360.17928840868,149664.2186837457,90494.2560785122,183230.10155321378,92410.71699985469,69491.37234584957,86434.37462262805,122783.49671167097,108737.414626767,81463.16784181212,79019.16104783549,72764.65121086255,85157.97825550774,82874.14406229784,111865.94359468741,78948.6859975679,4
129348.74050006158,146381.86501048386,103696.04572010586,178662.99196040534,92362.39252834232,70849.53139418739,84868.76903400052,119475.61734624117,103452.79168519875,82821.21513142767,81853.00461685713,72305.88165591737,82210.96780430888,82613.61212892678,109068.86864529474,74337.67757864924,4
130088.22561362096,148752.33456520256,89809.66684933506,180565.34893099655,91139.77445838148,68909.10940278882,86360.81503162564,123542.13727022854,105161.6719557848,83139.63808293798,80779.87501381338,71792.79736194579,83303.99045991784,82070.0177037737,111557.48952120419,76094.88232074765,4
129948.79543170876,148299.44351904912,98992.52343088668,182409.79253170404,93173.9396660256,70690.38697366559,85542.42826013903,120363.65215345052,107709.54730624525,81296.51323515335,79704.08555317945,73111.14795340871,84541.13716377463,83238.9915870418,110434.314362325,77918.31528166715,4
129420.73546895213,146668.81670580112,98004.26340153973,177563.0626157597,91103.20700445259,69733.53114527835,85357.08759511562,121336.60123784558,101854.79841885548,83936.38836579185,82502.88158689518,71493.75337287824,81446.22521951499,81897.39518134538,109743.69016214492,73207.81924817793,4
130389.84005330087,149705.81528017705,90357.19518151226,183329.7232782511,92398.91527878228,69485.15856089098,86469.5562684007,122869.752093524,108691.95117854491,81485.02784788942,79031.96859740837,72755.95638226943,85158.69351133032,82877.8097483885,111880.04754543872,78940.12527944152,4
129383.47511094513,146460.83372364446,103692.13416482619,178910.98456513698,92402.17863347277,70878.72277244601,84895.27820292451,119536.30233243732,103521.92563079901,82793.67778225873,81831.59164566894,72337.3752638549,82276.48076730738,82653.48764103504,109113.32626501635,74425.0728994695,4
130088.73970374343,148761.4093734514,89872.94463788804,180607.86194895054,91133.58302516736,68920.95582735012,86355.42826121191,123556.97882854687,105060.97734701364,83160.02287388121,80816.15189506435,71772.12199832464,83257.72234889536,82069.70477935133,111530.91329704682,76036.7454334194,4
129996.3822956541,148424.9932676546,98828.93101321829,182685.61305828253,93191.86576507876,70698.09832550268,85587.26585951637,120515.48755353542,107782.9951385254,81286.34319142619,79678.31399182249,73124.17902042616,84593.10496963322,83262.03623557523,110507.65043588287,78005.84471295413,4
129494.1162459989,146818.3051727182,98208.49129062788,178054.041034465,91160.60628421382,69808.43184094809,85394.28089788926,121524.3335395257,101891.67879720674,83965.73620626166,82564.37123589174,71537.83101294411,81494.66144974965,81946.5913708915,109842.17194821501,73263.72096106064,4
130429.51439970905,149853.1579796264,90223.30823222497,183677.8516981425,92381.92795299625,69466.42779903744,86489.69519015493,122957.75091144454,108687.92786454296,81522.01998496294,79068.13371993706,72768.0710277642,85178.98889529573,82886.41517000379,111993.63911076059,78968.24377396629,4
129409.76076242457,146554.8451608235,103620.56387908029,179062.77526173298,92423.27868023857,70877.49342650097,84902.31900242795,119475.7514567079,103603.17422189406,82746.96263634713,81791.93965100523,72365.24788919066,82323.15120973006,82670.00558018751,109135.45449202711,74505.53917950859,4
130111.62789006566,148766.39381246493,89884.90282117162,180500.8417964985,91121.28956571694,68928.75658616502,86366.69354041739,123515.13636292654,104991.46342175764,83170.37173156402,80851.15472688136,71769.52919596783,83229.13446773702,82063.20042171484,111484.5110755576,75990.8796537971,4
130032.21214201595,148473.76477405606,98539.69943996661,182578.61525757497,93193.25157323499,70682.65327008406,85631.94699668253,120507.53033250933,107860.75685748541,81240.45506005944,79622.59109289541,73138.39472989974,84646.23506620349,83271.96041011339,110492.25008395316,78085.50633019285,4
129458.5546205705,146712.89434586698,98222.01409602334,177625.0663548787,91157.25352254552,69813.70685263955,85356.90878115997,121288.79085645567,101868.03065157303,83915.10950507039,82534.66576751063,71542.30136183517,81482.16682459913,81950.3911674489,109713.49295538581,73245.6383997963,4
130430.65433867626,149787.2426852277,90003.94821214059,183302.00711512653,92360.26911261906,69460.54929024569,86510.23644330936,122953.50407999803,108658.31180313967,81507.69251676709,79043.99383592533,72746.88157402058,85166.96365677878,82870.8583558629,111899.47121137039,78938.29243639618,4
129418.70146020669,146540.47298913874,103566.18208482052,178943.90868471964,92462.70715745773,70915.13376416371,84915.57358688994,119466.74370369241,103708.36153130073,82696.55945260041,81735.7920689335,72402.97763383122,82391.7934169523,82702.72853407009,109112.67806442715,74584.1502647579,4
130059.45891850698,148662.43584900332,89943.64320560018,180190.21960380313,91100.14481546222,68935.3727025238,86326.72862133129,123394.23577716778,104908.49374633953,83182.39697008097,80875.16050042635,71761.01318133035,83186.53204280521,82053.05272973212,111416.74058636911,75905.1160103221,4
129997.16460671004,148420.5899739969,98359.34321395674,182349.0851937634,93181.4945556515,70665.30831638674,85630.62824375967,120467.49835818987,107904.3204074288,81202.52414971878,79554.32886532889,73130.95159899612,84660.987217544,83257.76705238427,110456.30847886903,78098.82796988821,4
129420.8919311633,146611.9538679068,98422.26337459843,177420.9278727684,91172.20683958613,69847.56974548934,85336.65810068347,121226.72006210328,101839.46512215915,83902.4584177087,82523.60165400525,71540.51322227875,81457.04346383136,81946.3902051914,109642.52616674021,73196.17398931671,4
130421.24425426059,149758.85596976947,89951.68983360409,183238.03642249544,92337.40327804128,69453.48613899782,86528.54252201827,123036.9878455386,108620.33618931011,81542.22596195053,79056.7566820093,72727.68142553348,85143.29315940061,82853.04401553202,111908.8142405527,78899.4227527884,4
129408.79963741299,146551.3806404329,103620.89915524711,179031.57222647336,92485.59534377996,70927.78485152542,84913.85250256688,119480.15475036559,103783.10576475928,82682.3660948713,81709.52876919851,72417.77448866064,82422.77293476736,82719.26882496702,109135.05216062692,74634.57580024908,4
130028.05471754727,148623.3202962065,90112.17535879319,180199.02619111852,91082.3975303647,68937.83139441388,86295.68204828288,123401.58950109358,104821.50075691949,83233.76127883927,80935.84548662252,71740.67309387602,83126.89758859844,82041.1616016819,111410.21387698817,75825.52144831675,4
129995.44352238698,148474.92706476775,98262.82838139874,182517.34912602295,93177.78416607191,70647.85160396715,85634.91977869508,120563.2532314364,107955.61766095372,81207.32977477668,79540.26961806651,73127.44237511663,84672.14073802718,83255.151898283,110511.76315686264,78139.03875816331,4
129401.58002395392,146619.32994357706,98690.99839818459,177591.15875854003,91191.25052586205,69876.24703362549,85304.56099564565,121238.47707968678,101826.94814526418,83923.13378132985,82562.91837250214,71550.34798983908,81430.64605362965,81955.95675181827,109660.92165242693,73176.79502687395,4
130396.61263187083,149786.1027462605,89946.25835970145,183365.62017984633,92305.6861526592,69424.7864991172,86512.35985903261,123080.32787803745,108576.43736319988,81593.43380849765,79098.95677554092,72713.01868117078,85102.5906327475,82833.77681181155,111972.0249738723,78858.94374357985,4
129369.12529100482,146558.6896608698,103688.80375490234,179114.60895712484,92490.5350793046,70913.74795600749,84879.90020273927,119404.53879887328,103842.15907361021,82660.43903356064,81681.96906828512,72431.56551498956,82427.7573737809,82713.07739175289,109168.02098369849,74667.0752366871,4
129976.46689134442,148532.77337941807,90287.03305566705,180020.77102908745,91049.5404660154,68927.43783324216,86263.5625915006,123325.86179087899,104701.71775838349,83253.96725582686,80960.83473692356,71704.55267483625,83029.42163102885,81987.51741498917,111349.4841873031,75700.48578983377,4
130005.8370835587,148513.86380360887,98173.30964485522,182622.53643542965,93172.71032008056,70631.73599621488,85670.86138377922,120660.19274713908,108022.248211175,81213.54355973525,79516.95674859962,73134.4608228756,84699.76749417395,83240.73502310933,110582.95346295279,78184.09987498522,4
129385.21854701264,146597.35817877747,98902.42354898734,177626.1168868681,91203.14165391227,69889.9486529766,85295.95557403035,121190.97962271926,101821.69548531718,83928.8558279104,82587.08060825833,71563.31200162316,81417.54793137884,81950.21235349326,109669.75059148677,73160.72412261058,4
130374.41734962672,149767.39433615142,89861.16526856009,183293.84872840033,92264.31307367243,69382.80992303013,86518.28307131327,123068.05677033149,108533.83493826806,81617.68545123166,79118.4251449615,72693.48325651685,85069.577106187,82802.32790736294,111985.14544786757,78819.93994950532,4
129342.88434301429,146529.27476516663,103661.0652400333,179016.88713036623,92493.6866752728,70895.66539474313,84874.96046721465,119314.39421348504,103901.14532722776,82610.90756784768,81627.05083215843,72435.56647724706,82445.03527224484,82706.72949632758,109147.59148926634,74708.29185346268,4
129964.8216324832,148460.17491342724,90395.01433313065,179869.96380924748,91033.5366169854,68931.12587107728,86269.44110029234,123315.57998842956,104615.70824571946,83272.34038976913,80999.27973738668,71687.78886649477,82977.43147342581,81968.71959790225,111301.62910242428,75627.93202733184,4
130021.25978723286,148530.89583288383,97971.78631684618,182649.93967413183,93164.239008932,70605.5621034577,85707.16061677464,120692.87099753274,108094.39964227672,81193.29287925875,79487.83242557436,73152.02929401747,84746.750861019,83244.89244757801,110631.32263795409,78256.58658225377,4
129360.72103508962,146511.08044518,99011.25419274023,177483.6915711989,91200.68296202218,69894.57546407885,85273.76029178624,121051.86236522942,101803.32235137491,83895.05999029399,82576.88821278671,71576.0971994516,81406.84144578475,81944.22208597924,109615.97229432731,73148.69888409364,4
130369.65642805773,149693.05243409306,89707.4746736854,183105.84820578675,92220.43659930666,69350.44459705884,86533.07992614269,123044.31921771995,108475.09455383952,81613.93035816317,79118.40279321704,72677.72527667586,85043.93965529677,82765.04519761149,111950.94727885096,78785.98764967771,4
129381.32934347742,146524.80441627555,103612.24903014292,179081.95305847563,92519.48058837421,70913.50208681847,84917.54054040201,119355.36496107161,103990.03821492652,82562.00195097947,81580.20157578011,72470.70341953081,82509.07302010931,82717.95007204414,109157.2697946155,74799.84459875162,4
129944.50389677334,148380.55799967743,90450.73723205773,179747.4315461435,91004.25583174895,68920.88877211676,86253.12432683997,123216.29353955908,104537.70065757044,83287.09254110963,81035.71308084883,71690.91811071851,82950.81054577953,81953.095728528,111278.87502656878,75584.10025645499,4
130009.36865918264,148499.91631506878,97738.8140843885,182536.16929485434,93143.25072088846,70566.29008844974,85718.42589598011,120660.03628492789,108129.06719792691,81149.3493496596,79425.64987249969,73145.0108462585,84766.93448626215,83217.6903745759,110610.66962607738,78295.34450713928,4
129326.65697653974,146418.0077812681,99137.87682507954,177310.04086852563,91205.86856673582,69903.51616186097,85249.35218684105,120938.74018654111,101783.76457497652,83862.4934986226,82558.20215442206,71575.18077792892,81394.2574136564,81932.06273699555,109553.74503776373,73133.32088390838,4
130370.46109085812,149667.90672158083,89601.25918403378,183038.5471032318,92196.67669495067,69332.7196637058,86559.05265319976,123119.55518955651,108431.32983819603,81630.15772463771,79123.5213426973,72654.39005546452,85022.23611143067,82738.55838043195,111948.06390381622,78762.56302148856,4
129402.96583211016,146591.0549868411,103588.77969846484,179309.31500307503,92554.57282716905,70928.00836896997,84944.98848259312,119429.77391836334,104101.99810290315,82541.55010480287,81555.5476016459,72504.90158854742,82578.09520698729,82743.90044735676,109224.7273593816,74910.61984427212,4
129936.1219926026,148373.45014494064,90551.40948908443,179804.85317764917,90997.97499155701,68925.69439717465,86248.8104401601,123234.4878595457,104453.09930480711,83306.33739308565,81080.50597673726,71670.30980233071,82896.18288233077,81933.22502770723,111252.70113381161,75526.90214239385,4
130010.30743244976,148561.33890883197,97519.43171255967,182654.90176140092,93132.38777308319,70529.3426548651,85736.03907061089,120687.41717188564,108189.57337016743,81132.4514308514,79401.42058151014,73147.0672067484,84794.87416683129,83214.56113035216,110655.77544638819,78372.88270865474,4
129348.8746105283,146465.37112776889,99293.84729788869,177500.16480686245,91247.26399746705,69946.09623504833,85265.91482948243,121012.50094324362,101796.21449663813,83853.97748398513,82570.76383480596,71591.56460661467,81397.23019566896,81945.339673202,109542.68092425835,73164.18864300117,4
130370.12581469129,149735.2525276247,89494.66371472643,183193.15411962918,92179.57761044236,69306.47871571526,86562.58422882369,123176.86506233992,108405.78179428361,81660.53374535248,79166.6378577516,72653.4959856863,85015.35177413843,82729.88590358329,112001.17164864203,78772.17427160434,4
129379.40709345427,146614.32315281907,103535.22491874993,179323.95539569325,92569.7496616542,70914.2396943855,84922.70379337118,119359.79060647376,104152.44599013877,82478.965220328,81501.65754576416,72511.09302176154,82590.72394260454,82735.94322633067,109198.48641139107,74964.1969757315,4
129957.35614983513,148419.69590421868,90722.35563067862,179969.71964475152,91015.65522142116,68961.6807057477,86255.49361175223,123370.45352106733,104397.95755123587,83349.61037035113,81152.0539107387,71676.79180822276,82882.70478042422,81938.36592893195,111280.8196283364,75506.78557238408,4
130033.37443272764,148695.42702381933,97376.06762362333,182954.52689582433,93144.74828776697,70517.00449192578,85752.42289929664,120807.98248147756,108254.28167036554,81139.11225069908,79406.6955932016,73160.21003248812,84841.16462959822,83222.87597928953,110766.90831981997,78457.48406141807,4
129332.5801888204,146517.89772723886,99473.86824773172,177655.59883780466,91270.73332914512,69963.77646491247,85231.67195697689,120967.37277118835,101796.43801408268,83851.11646069484,82599.61993689775,71606.67438586646,81401.85700677121,81962.46110945477,109571.93935775035,73186.6744979232,4
130363.39793961025,149774.59159786603,89439.70077511082,183206.20753839109,92157.94112180962,69287.94911956182,86564.84175501368,123232.833830456,108331.12696780289,81682.43845491868,79197.21504416646,72620.39305214799,84970.69298871672,82709.41170566222,112005.70905276645,78733.97514033022,4
129415.12518109384,146742.24218633678,103553.8886253701,179644.61352164907,92612.17327263037,70935.51855510694,84951.42578499625,119473.78450319583,104264.94231998234,82476.86415634921,81494.75085672746,72550.58855421407,82666.47400456357,82780.95963966366,109306.91472374377,75088.69619234756,4
129954.62923701158,148442.1370556518,90875.3980249641,180023.40853493317,91010.29080275189,68969.23559537358,86246.46350699228,123369.53709954467,104302.76147160071,83382.3780277226,81200.04310608425,71665.28065982828,82827.8983030198,81931.36983291744,111277.53392190146,75449.92273448977,4
130053.73687192642,148792.41124301092,97203.445101195,183101.44491212905,93139.60738654225,70486.56141597765,85773.72411176254,120863.39245598228,108319.52641243058,81144.27550366825,79393.99980235098,73177.97966933009,84886.96335398714,83236.39878468499,110853.56603307319,78542.84537349289,4
129342.37025289182,146525.56437558704,99647.38483993827,177666.55119258777,91294.8508614124,69986.73170646807,85225.50287550723,120942.76350054306,101783.33989183187,83836.61017854336,82593.42850368364,71616.10682202659,81389.47414034298,81966.73029264573,109549.38644759494,73190.76486715852,4
130364.56023032192,149788.4496794283,89343.7894396531,183150.10465980825,92123.96647023756,69252.78982553362,86565.37819688061,123231.64918799988,108290.06681323849,81717.01660359104,79225.93703579153,72609.10542119807,84953.63860769733,82693.9219467547,112042.81294856226,78729.19186701678,4
129422.76947769755,146752.50163704177,103506.14529921357,179560.5933142416,92630.83697925055,70932.12108994974,84957.68427344374,119427.80696485126,104326.63313467898,82423.46583884548,81440.10084153424,72557.0258566172,82689.65276356373,82776.46693902815,109285.21117987768,75158.03130364792,4
129936.99371063635,148381.29560724445,90982.35112218275,179820.07471562322,90994.51047116643,68968.34152559537,86228.67151840586,123293.09413350752,104228.66543873138,83409.11071409115,81246.6241415291,71657.94928764693,82793.543671792,81922.65265257987,111250.89064251074,75410.60601599289,4
130063.1469563421,148797.99917912474,97009.65547676748,182991.87666080912,93129.54910153737,70460.25341275375,85800.3003359199,120877.20583405565,108360.54186350606,81120.22502663435,79353.47608965352,73175.20805301763,84911.01383102106,83228.1956944699,110858.41636162,78595.30491772949,4
129324.9805957056,146463.13595332336,99793.52054518707,177497.639059739,91308.44072204122,70003.31670085392,85210.862482889,120844.19230749516,101772.14166785976,83812.80557069846,82589.15932049268,71628.73555764384,81385.98726820794,81970.6418479254,109498.78209814812,73189.78139040248,4
130311.83246515185,149676.64625366285,89219.26787129258,182748.33205322412,92068.24357131048,69199.74913594117,86542.44530706946,123091.88372992084,108203.52085870753,81716.45780997966,79220.12558223314,72576.36011557103,84901.62609834982,82655.02991140245,111978.59638674217,78659.32031384949,4
129388.81717786995,146657.35026089553,103441.43699901545,179248.29474071204,92630.367592617,70918.15124966517,84952.07398558545,119315.15417279652,104383.5406760622,82363.1384805606,81362.6520469966,72559.84217641856,82715.89371155426,82773.11417735985,109223.47566169211,75195.09049595482,4
129876.86751805157,148200.76056727895,91090.37710313525,179371.27403870513,90957.85361025973,68957.50092953455,86198.02727675764,123160.34712318744,104112.14579488586,83410.5859292252,81251.11684216463,71621.67240639597,82721.05696452344,81887.62746901841,111132.91813527563,75300.21075012813,4
130064.42100577605,148759.84475133952,96827.51111120118,182900.70389517595,93118.01560139842,70440.89680205546,85835.68314739266,120948.46319537917,108410.90034376387,81113.16187538646,79309.66667052111,73172.52584368299,84946.73191866063,83218.80796179867,110874.88959728356,78640.34368280694,4
129298.49377852606,146379.2498563826,99951.16739883035,177422.51484662472,91320.77888498055,70016.66069229374,85188.39897971142,120760.68619021014,101770.35352830334,83802.0767333599,82576.86586104226,71635.17286004697,81389.02710545386,81973.39111249341,109468.47313266672,73188.7308584131,4
130312.63712795224,149630.33343915147,89167.14360322281,182712.3233929066,92044.55072218785,69187.52273172412,86558.62797005511,123158.44722490874,108130.6765235277,81747.39262430581,79239.32573072026,72548.06280709062,84871.5853538019,82623.96098660959,111965.2300435579,78610.36999349236,4
129388.97364008114,146662.0664789756,103404.84719334212,179363.56268686804,92648.13722945897,70913.99382519649,84951.60459895189,119307.17460002597,104461.30239502221,82338.97624480442,81323.78236338883,72585.54668254218,82773.11417735985,82784.93825017671,109261.58538598841,75276.1155696053,4
129813.43326728742,148073.959120984,91209.53425282649,179142.5262859495,90920.459141786,68931.84112689986,86135.88942717189,122995.10067642936,103986.95367419168,83418.96783339595,81274.51911860933,71592.01164150378,82653.46528929059,81851.95408486773,111064.79001817585,75206.02049899346,4
130034.11204029465,148685.56990451456,96638.14713217583,182689.05522692864,93084.219763782,70398.22732189028,85831.97275781307,120912.94627343968,108405.6923873058,81080.57303197063,79261.38690249764,73144.54145962495,84940.02639532405,83184.52038580422,110834.29882935273,78642.98118865266,4
129295.1186651133,146310.9876288161,100129.60137481707,177380.00182867073,91340.09079218993,70053.54107064499,85189.62832565646,120784.31198409939,101770.68880447016,83790.9232128767,82577.35759942027,71645.47701424087,81396.53729159085,81979.53784221862,109436.91246949583,73194.16233231573,4
130328.88684617126,149661.5811779,89144.65774830077,182930.81169495723,92024.76942834491,69181.51011246564,86577.31402841974,123302.59362490103,108114.40445356423,81813.17380823777,79304.83869371876,72554.23188856029,84892.55129010098,82633.79575416991,112068.27158549686,78622.9093221318,4
129418.00855612858,146751.5405120302,103403.05905378569,179715.55795855023,92679.65318914094,70928.85773525927,84972.8611079289,119413.16657223304,104546.50724488584,82316.95977651594,81292.24405196239,72606.31145314116,82822.66799481727,82802.12674166284,109322.56094486249,75356.35833219986,4
129845.66448279197,148144.70239218502,91412.21987154722,179501.04826701264,90936.79826698283,68966.30751684995,86149.36752907843,123127.44535534923,103932.30365899845,83471.44972937701,81342.28960779782,71598.82892356264,82633.99691987001,81862.3699977839,111115.68494030059,75170.23535612051,4
130064.35395054269,148825.9835631828,96492.99490368307,183091.5654410798,93090.47825222948,70375.74146696823,85849.51887721049,121013.08208859946,108467.96434735827,81096.28630832271,79260.5598879528,73157.93015455367,84983.58994526743,83196.16564466544,110951.19845285398,78713.2774249646,4
129244.06728077738,146280.4327941457,100273.63601608707,177339.5451712066,91338.4591148447,70038.90067802677,85124.62945278043,120591.50583642791,101732.0649900514,83755.24982872604,82545.2828461269,71630.0096070778,81353.77840444785,81964.18219377783,109377.47918098918,73157.12549175328,4
130288.58665091833,149591.19553461022,89068.25948575253,182686.64123852746,91975.88616322115,69138.41594915581,86554.15762116405,123232.87853394492,108011.72053953655,81820.16990425228,79292.92521392409,72502.7111175908,84820.80219039944,82584.39839892369,112001.21635213094,78537.05627167896,4
129388.3924947253,146679.7690605842,103332.22637560683,179477.48952835676,92679.18380250738,70914.37380485224,84965.28386655854,119324.02781534527,104585.62279768262,82249.32339779419,81205.58633870917,72591.51459831174,82824.56789309597,82778.21037509566,109250.29775503848,75385.08032382492,4
129815.91431092196,148039.17980661153,91547.93966387984,179294.65225871233,90920.05681038581,68973.05774367544,86136.00118589416,123084.68646820623,103852.262062104,83499.67998262406,81374.63258202466,71585.68609782292,82598.1000182748,81850.21064880022,111075.63061423668,75116.74763163897,4
130079.73195072795,148825.73769399378,96295.0255030424,183083.25059214243,93081.00111258044,70358.1506440819,85893.23888936506,121111.96620606974,108495.32288257158,81082.29411629369,79219.4997333884,73148.02833175997,85001.38193385386,83182.37461833651,110965.52592104983,78753.15293707287,4
129296.99621164755,146344.76111468807,100442.03405881334,177677.61530609315,91388.66113289131,70095.47294324315,85160.57105786457,120735.98751258702,101790.47009831312,83773.04181731246,82572.39551215118,71677.32825008967,81414.55279762183,82005.39881055341,109452.82691154802,73229.92512344422,4
130346.88000045778,149696.33814052798,89012.6036420588,183025.51603621437,91977.31667486629,69148.38482718288,86602.25857523187,123420.90140830296,107971.64386172818,81867.24267807516,79339.2827319244,72504.85688505851,84817.15885605323,82584.4431024126,112076.2064547785,78531.64714952078,4
129436.26993134856,146839.27110901728,103264.90292130744,179940.19299032606,92719.61810822703,70922.08515668931,84985.7580644796,119391.95476674495,104712.82657537778,82248.38462452705,81200.64660318453,72644.48823267082,82921.28389135408,82828.03241348654,109386.64339621585,75522.09651733596,4
129808.96291839636,148049.37220208315,91649.86361859603,179323.7765817376,90911.65255447061,68977.41633384423,86107.03332508008,123014.70315631667,103752.01448822195,83511.0123170629,81404.1145329612,71563.53551906771,82540.79014549138,81831.88221834687,111029.56366891428,75042.60689528071,4
130070.9030116681,148854.4373338744,96068.84820089916,183010.67447789604,93057.93411230257,70320.37619595244,85887.80741546243,121073.4317986288,108511.6620077684,81058.06482530413,79173.27632585482,73127.12945069426,85008.89211999085,83159.44172852537,110957.56870002374,78780.15384437489,4
129245.63190288925,146264.45129686015,100539.5323681274,177403.82878826009,91389.64460964735,70096.03173685452,85112.44775205228,120552.88202200914,101768.40892653572,83735.78145930546,82545.14873566017,71664.87832842808,81396.22436716847,81996.77103719367,109368.87375937388,73216.15644885975,4
130278.97540080255,149558.62904293885,88906.14228321819,182533.86706517544,91920.52089220536,69103.79309699453,86568.03805447079,123281.89590953541,107860.08630515175,81858.72666343769,79320.99900495994,72440.21564009377,84743.19693365062,82531.67063375362,111969.6333372156,78442.55309612192,4
129440.20383837269,146798.34506491962,103210.31996134759,179786.41298847354,92739.80173347017,70935.96558999605,85010.61320431391,119441.66504641356,104777.55722732034,82198.80845532518,81130.39507036151,72635.12285174405,82957.49371737168,82827.27245417505,109349.29363123103,75584.32377389954,4
129810.48283701931,147999.30429450326,91811.2208618189,179289.84663365444,90913.01601088239,69000.4386306332,86108.01680183611,123066.0451133305,103685.5180484674,83544.74109944595,81448.52744919389,71549.52097529423,82521.00885164844,81830.87638984638,111028.80370960281,75007.31349078577,4
130099.08856142624,148923.61598296356,95894.05755925865,183210.96845996004,93058.76112684741,70300.3490329205,85920.68683155619,121180.72017201426,108575.45388644385,81073.44282548939,79169.54358453078,73131.48804086304,85064.39150147338,83173.25510659875,111058.97856461747,78861.24597325873,4
129262.55217344192,146279.8292970454,100689.08789027785,177528.39506010953,91426.97202288771,70128.68763550372,85120.11440040046,120563.8567285367,101779.24952259655,83715.64253755123,82538.13028790121,71667.69464822944,81400.962936993,82004.81766519758,109354.18866326674,73233.03201592351,4
130311.67600294066,149631.18280544077,88863.58456177528,182762.77128014225,91914.62003166915,69098.09340215843,86596.96121179596,123397.76735279172,107848.01636314589,81921.98210024621,79386.42256098063,72444.41776805137,84762.754710049,82541.32658735832,112055.70990511298,78454.73479685007,4
129466.84711776342,146889.16020264153,103137.85560582348,180007.71761032555,92772.79290828621,70937.66432257465,85033.05435574704,119471.59403223921,104869.86993192077,82165.5937630646,81095.14636935548,72654.25594499779,83010.8473313865,82839.2529892031,109385.86108515992,75668.92512666287,4
129810.95222365287,148011.0389603423,91949.73462220843,179336.31591037702,90918.33572606275,69014.1849534732,86100.90894709933,123045.45915668717,103624.49778610442,83572.50196605946,81503.33392659831,71547.73283573781,82495.5278629694,81826.87542758888,111018.79012808682,74963.21349897546,4
130108.14101793064,148970.80051550872,95698.56920225253,183215.1035326843,93050.64744361013,70275.09156168599,85940.5351806325,121214.82893405306,108604.0864710911,81056.76842412572,79145.64956970807,73119.41809885718,85075.79089114557,83155.88780115698,111067.62868972168,78887.68808694936,4
129265.99434208803,146291.45220416217,100829.70271464619,177571.7574443528,91454.91170345685,70156.44850211721,85106.54689151609,120547.80817601779,101814.38646488028,83705.85247347981,82544.63464553769,71688.05708742823,81425.214579727,82024.42014508488,109359.12839879136,73263.18451919372,4
130298.89080511223,149620.07398844647,88812.60023267273,182687.2670873722,91878.87959228511,69077.26157632608,86577.3363801642,123402.1259429605,107775.50730413286,81948.13364125892,79414.20577933858,72416.7910119046,84721.35927931778,82513.476313767,112058.39211444762,78401.1576653907,4
129447.17758264275,146886.1650688845,103067.15703811134,179939.58949322577,92771.92119025245,70925.48262184652,85006.25461414512,119413.12186874413,104936.94751703115,82121.31495729864,81043.91617106393,72656.87109909905,83035.12132586495,82834.38030891184,109388.40918402783,75725.78796455717,4
129786.47706347432,147936.4735408394,92138.33864192232,179178.11026312236,90903.4047607666,69031.798128104,86066.0625774935,123029.07532800143,103533.12385477113,83590.85274825725,81537.62150259275,71519.50258249075,82431.22189417147,81803.78607556655,110966.21882512794,74884.6247654706,4
130087.26448860938,148979.7188615464,95536.83197937394,183193.6905614961,93017.27628913836,70236.60185773396,85923.8831310133,121225.15543999142,108640.78803548671,81068.81601438714,79132.50674396835,73108.21987488508,85092.48764425369,83144.44370799586,111133.25341144245,78932.12335492652,4
129209.75735303848,146198.93833386165,100990.03177762411,177355.2137440698,91446.46274405274,70156.5602608395,85048.90174256584,120409.02619469479,101783.94338893217,83665.66403694917,82509.20713057603,71660.07270337018,81376.35366634771,81995.76520869318,109279.042098408,73231.69091125618,4
130262.52451688344,149534.01977229354,88814.72364839599,182460.4192328953,91831.49389403986,69050.86416612437,86558.96324622193,123408.6750040859,107679.23834076386,81970.01599908066,79431.97541618055,72362.2304036892,84648.67140634912,82467.72229286698,112027.81492803275,78326.05580402087,4
129413.94053863772,146850.4693329894,103035.97635459619,179868.89092551364,92767.13791693901,70905.34370009229,84981.48888128863,119361.91402219702,105007.69078823218,82089.86605285002,81000.26321414272,72651.70784612988,83059.73059651024,82830.33464316544,109417.95819019774,75790.71978219984,4
129718.57246381909,147798.16094614996,92322.2934987895,178909.41994302513,90863.68571086953,69018.3423779419,86006.51753026457,122908.46531492058,103415.7101411474,83601.24630942897,81558.54273540291,71473.54739589065,82347.3357972307,81761.85420296839,110899.40946095104,74787.7970084902,4
130069.58425874524,148929.76271268877,95419.99941110605,183096.92985974907,92987.36965505716,70206.42700271928,85927.05707872595,121274.19516732635,108634.28367785021,81052.34277872357,79098.88972030756,73070.71364768907,85076.46144347925,83106.49044591075,111140.87535630171,78933.15153517146,4
129190.08781791781,146145.67412682466,101197.92535280292,177390.55185205364,91456.81160173555,70178.84495006144,85026.25942543262,120394.98929917686,101783.45165055414,83656.7456909115,82515.35386030124,71662.21847083789,81378.99117219343,81993.28416505863,109295.13535441582,73241.45862358315,4
130251.50510686697,149514.41729240626,88848.22891333449,182534.47056227573,91796.15578605603,69037.9448578292,86556.8845339876,123477.7418944528,107596.62629325704,82019.6592235159,79485.88782380674,72333.68722601977,84613.40035359864,82436.54160935183,112074.12774254415,78278.91597496462,4
129450.5526960555,146940.39040093307,103057.76930544012,180246.83657250841,92788.37207417155,70921.81693575585,85010.59085256945,119507.82621000127,105085.16193451428,82082.31116322412,80985.51106280221,72669.54453820521,83117.80042860514,82843.43276541625,109513.71306344427,75881.37845771057,4
129686.56476575909,147777.19500985087,92532.01991701365,179015.07663906534,90835.47780936693,69011.59215111639,85957.4330994407,122838.86198268677,103308.9805613733,83628.76130685346,81611.24814882853,71455.53188985967,82296.21735766142,81742.78816494801,110912.86521111312,74719.11009777905,4
130075.08278788124,148971.73928877583,95295.29902878989,183221.45142810958,92956.45719247547,70173.05584824752,85936.31070093045,121334.41076688896,108618.95038115387,81049.57116241111,79083.33290616667,73048.4960137005,85073.35455099995,83075.93561124035,111182.44960098859,78945.80262253316,4
129213.53479785143,146192.63514192525,101395.24655285437,177652.15666915855,91476.97287523423,70204.10242129593,85022.97371899769,120441.01154101033,101803.94820021966,83659.51730722396,82526.79795346236,71685.01725018231,81407.13201846267,82009.109200133,109345.98557305164,73284.552786893,4
130267.06192100787,149537.48429268412,88859.24832335096,182652.97951137778,91760.3035879497,69018.543543642,86557.37627236561,123540.39383416103,107496.78105077519,82051.04107273115,79513.44752472015,72306.06046987302,84567.86985014318,82403.59513802471,112097.15003933312,78222.25430277042,4
129444.58478028594,146962.27275875484,102986.26607492758,180319.39033501034,92781.42068164596,70891.99970865247,84992.64240177184,119435.98770332191,105135.22984209417,82046.4142616289,80938.37123374597,72684.02846861226,83154.61375172302,82836.48137289064,109558.6624215439,75947.62902827609,4
129680.64155347843,147716.37591318798,92687.69981714485,178908.57057673583,90822.55850107176,69019.28115120903,85942.03274751101,122794.3820112207,103208.55417353561,83642.37351922673,81636.4162130852,71441.89732574193,82246.19415357044,81717.73185941362,110868.40759139153,74653.57478303609,4
130102.35191611672,149006.9209345485,95126.40924768559,183278.09074855933,92940.02866030081,70148.67009504678,85961.88109658731,121398.02383160876,108651.80744550317,81059.54004043818,79072.60406882812,73053.32399050283,85109.11734212845,83072.38168387195,111242.48638659554,78995.1999777794,4
129207.96921348205,146144.75770530198,101511.36386529969,177557.9664180239,91489.95923876278,70218.36283425843,85004.17590191077,120352.72215041186,101790.69361575767,83620.91584454964,82512.00109863294,71684.50316005983,81400.29238465935,82001.53195876264,109307.80879352198,73279.791865324,4
130275.86850832326,149521.033408765,88838.77412542989,182610.33238295704,91734.37556438155,69006.33949116939,86563.74651953537,123581.69985791444,107438.17477681336,82087.40736095993,79553.97123741762,72292.29179528855,84551.0613383128,82389.02180063985,112121.93812393406,78189.82192156577,4
129473.37382714437,147012.83240471274,102932.33131555693,180434.4794672107,92801.5596034002,70897.47588604402,85011.93195723677,119487.64258475813,105215.40554945536,82013.73601123525,80903.7930850736,72692.7009454609,83202.58059532412,82842.65045436031,109605.24345698876,76020.65217741158,4
129676.32766679856,147685.23993316173,92865.95497917593,178877.05461705383,90820.18921615949,69037.54252642901,85921.75971529004,122772.36554293222,103131.57476563154,83657.30448452289,81680.49385315107,71426.42991857885,82207.61504264058,81704.9913650741,110859.6680593095,74592.93450032885,4
130105.36940161818,149034.83826337318,94955.4631060914,183291.32298127687,92919.37564842412,70117.62352199835,85975.44860547168,121440.24627688483,108668.92888175594,81051.76163336774,79048.9112197055,73039.30944672936,85121.72372600123,83054.72380575226,111285.31232897191,79023.58669323764,4
129174.97803866603,146097.7966902014,101603.74362513347,177431.70141359585,91498.40819816687,70218.2734272806,84972.92816316226,120223.86434362702,101795.29807511545,83585.22010865452,82487.90591811013,71683.74320074836,81397.52076834689,81996.65927847139,109269.29673782548,73288.17376949475,4
130225.35356585427,149412.89566909024,88755.51387733387,182242.6685384117,91685.76052019127,68961.81481621442,86537.72908898939,123461.98391461182,107334.17210986282,82088.56965167161,79557.25694385254,72244.97315227665,84484.56489855825,82344.81005010725,112044.22110846295,78108.26040604836,4
129479.38644640284,146982.0987560867,102810.71547397561,180291.2494887411,92822.03380132125,70900.09104014529,85044.14082099686,119508.69792803502,105284.58419854453,81956.33673147402,80835.68731971829,72690.80104718222,83230.09559274859,82838.38127116935,109558.5059593327,76082.32064036377,4
129618.12372423694,147560.27132991212,92966.2919600358,178594.77443632777,90799.8267769607,69025.15966000076,85873.90463041123,122617.53500909031,103052.89662514886,83662.08775783631,81705.41604821874,71411.34249107153,82158.73177751682,81689.12162651082,110789.9976718423,74535.31170312306,4
130091.98070668946,148987.38550989455,94758.70069965134,183124.24369147347,92899.46024411444,70089.6391379403,85990.13370157883,121476.1208267356,108658.80354151769,81027.97937726729,79007.80636165218,73007.41350739164,85093.80639717655,83016.7481919227,111238.66423829368,79014.17660882194,4
129180.09658814629,146090.26415231993,101778.13193537378,177546.83524928516,91532.91929160587,70262.7310470022,84971.54235500602,120288.81851301415,101835.37475292382,83572.12198640371,82490.83399663377,71707.74897429335,81408.40606789662,82005.86819718698,109283.60185427689,73314.72764190765,4
130204.58879525529,149410.25816324452,88813.00256407291,182345.84419081738,91652.94815933087,68950.75070270905,86517.83603642417,123520.14315368452,107256.07511473598,82138.10111738458,79618.92540680473,72225.86241076737,84430.4289734875,82314.7246020704,112092.23265555294,78038.83588777017,4
129463.04732120602,147031.47375958847,102833.80482599794,180514.7669332942,92825.0065833338,70890.61390049623,85029.47807663419,119542.65022786263,105348.48783594226,81938.03065276511,80812.84383688496,72700.0546693867,83246.5464766677,82825.1490384518,109635.3736085145,76124.54308563985,4
129628.18200924183,147588.4792314147,93306.88784204578,178867.2198494935,90802.66544850654,69062.12944532985,85875.20103158963,122746.95160948654,102971.22335090916,83709.94284271513,81780.58496482193,71404.10052586801,82098.87380586551,81667.84276578936,110836.13167239806,74457.28176322959,4
130125.35186116122,149120.5572033593,94754.63268216046,183552.5701704705,92886.09390093017,70074.79757962198,86026.61174852989,121667.78703543986,108670.09117246761,81067.56431669764,79045.78197548175,73003.36784164523,85091.6829814533,83001.41489522635,111382.09538246339,79036.3048358327,4
129177.07910264483,146166.5953596348,102041.6813542463,177872.99190437698,91546.44209700133,70270.66591628385,84951.76106116308,120283.36468736705,101844.80718908396,83581.19679465257,82522.70758422704,71716.48850637538,81395.79968402382,82011.63494725645,109359.62013716939,73330.08329034846,4
130158.29833248835,149397.29415146043,88901.69428607158,182314.26117590204,91596.15237666994,68904.05790854192,86478.3628557161,123458.63115294352,107120.780005548,82176.3449521476,79663.24891605962,72172.86642466384,84328.30385307121,82263.65086599003,112099.07228935628,77933.42506091893,4
129419.1931985847,147023.69535251803,102826.16052939423,180430.29969099758,92808.5109959258,70854.8734611122,84999.79495999754,119466.6990002035,105366.30217627314,81904.41362910434,80767.24627819614,72673.72431441836,83220.149066466,82800.02567768404,109634.34542826956,76136.3671584567,4
129536.83042965298,147461.23075023066,93551.84060953149,178545.42178457044,90759.83950613017,69040.80588111948,85795.09237946181,122563.93552588648,102839.99625921206,83728.5171423575,81812.48090415966,71353.92085956584,81991.58543248003,81622.62518675628,110771.31161347766,74332.60373265788,4
130030.60281641518,148997.0191117548,94651.76995417714,183140.49340969246,92821.13973154304,70002.86966596481,85968.85484085737,121510.60956843014,108611.55195373917,81063.25043001777,79004.83357963963,72941.1629368261,85022.77255329759,82934.0690891825,111352.21110012665,78962.25350645227,4
129096.14343597216,146002.73472103296,102259.94613885238,177513.88877795803,91534.88624511794,70267.11198891545,84897.24515643659,120141.18524088684,101805.49047058707,83557.88392518568,82496.95837461452,71686.20189263843,81341.55200023079,81964.85274611149,109292.22962763664,73262.31280115996,4
130108.38688711965,149275.05246103436,88987.72615048006,182082.78651032288,91545.50332373421,68877.97342276257,86463.65540786451,123467.68360944792,107009.89300130523,82228.9609585954,79698.6093757879,72125.59248514086,84246.80939278715,82202.74236234932,112092.07619334177,77826.09198404456,4
129415.43810551622,147012.56418377926,102823.07598865939,180501.91468023238,92812.86958609457,70842.95998131753,85021.27498641908,119526.13228871016,105429.60231657057,81893.37186734342,80741.02768195006,72672.0032300953,83236.21997072935,82780.19968035218,109687.54258007319,76185.74216195848,4
129502.18522574726,147374.84125791088,93764.74097546829,178479.77471110522,90742.76277336631,69035.79909036148,85776.62983854173,122509.44197290445,102748.37645868975,83755.27218047049,81864.78398618508,71327.81402204205,81921.06567872353,81596.33953527684,110752.37968592402,74261.43577831218,4
130041.71163340946,149025.60699291315,94488.51281267557,183269.5076786885,92796.150481242,69962.8153399009,86001.5554429955,121608.71137484448,108637.1894046294,81082.9423168829,79016.27767280074,72929.69649192053,85026.0135562436,82925.21779837822,111420.22745850415,79007.73930641882,4
129070.55068857083,145974.59387476373,102332.45519786539,177534.60884506808,91539.28953877563,70256.13728238789,84873.66406603623,120039.30598965955,101826.8363865419,83529.05017483832,82490.05168557784,71687.83356998368,81329.23618903592,81970.7983101366,109281.83606646492,73296.57802540995,4
130090.77371248887,149216.55794579483,88924.0907340158,181953.1016889932,91503.9514307918,68847.12801541424,86459.81090781819,123437.01701605524,106916.57446820433,82241.83556340165,79719.57531208698,72085.20288291012,84178.68127568737,82170.0417602112,112049.6972858545,77760.8025384906,4
129421.4507247747,147012.54183203483,102665.80911467185,180515.68335481684,92817.65285940802,70827.71609159901,85031.60149235744,119501.92534946506,105517.77994844675,81846.63436968737,80684.25425103358,72685.74955293532,83282.46573000739,82784.35710482087,109702.92058025845,76266.43195944214,4
129517.45146721024,147337.35738245933,93896.63861949905,178512.31885103212,90746.40610771252,69063.96228837517,85780.72020777705,122520.46138292091,102700.9460569556,83764.7269683751,81894.13182665489,71338.5875628695,81908.70516403975,81590.84100614084,110732.55368859216,74225.96355986162,4
130054.94386612701,149040.29208902028,94249.48325747052,183321.85546420282,92769.17192568445,69930.82999358536,86021.42614381625,121612.75704059089,108658.6470793065,81071.87820337752,78988.15917827596,72937.47489899099,85055.16023101333,82905.03417313506,111455.34204904344,79037.17655386646,4
129077.79265377435,145933.42196147706,102373.85062859663,177490.01711487977,91557.9085419069,70283.36170713445,84880.70486553966,119972.07194233799,101841.1415029933,83464.36422638467,82439.82731578677,71704.64208181406,81342.73664268693,81959.89065884241,109208.29882720696,73307.46332495968,4
130113.48308485546,149202.81162295482,88865.37270133171,181963.31643620928,91482.22553518123,68856.47104459656,86489.73989364385,123500.33950809712,106861.3209559108,82268.12121488109,79752.61119039192,72090.05321145692,84171.23814478375,82156.47425132683,112041.53889912831,77731.05236662058,4
129423.17180909775,147035.7429427794,102476.48983913539,180569.9086868654,92816.06588555168,70815.28852168185,85042.06210876252,119463.81562516876,105605.08586228918,81797.9075667748,80632.95699750865,72712.52694279277,83336.35578588913,82791.26379385755,109713.02356875225,76352.95556222863,4
129487.88010929586,147252.64427097372,93987.69962640997,178334.98011052373,90734.29146221775,69078.82619843796,85758.83784995531,122433.98248362333,102613.23781171297,83743.80573556492,81901.44084709178,71321.10849870545,81849.24952378863,81567.12580527375,110621.13024248245,74155.53321308293,4
130060.08476735173,149056.65356596155,94029.65385075258,183326.95166193863,92753.7939254992,69914.06618524388,86043.80024001602,121681.13102687968,108686.34089068662,81071.94525861088,78975.70925661437,72933.20571580002,85070.5829346875,82899.17801608778,111469.33424107246,79073.25226941732,4
129064.24749663443,145932.3937812321,102447.34316436568,177547.1481737075,91584.82004223109,70307.52394289064,84864.92453395421,119941.1594797563,101889.46597450567,83436.8939324491,82430.2607691599,71723.41754715652,81361.7579772184,81978.84493814051,109191.78088805449,73345.99773240063,4
130090.66195376658,149177.2188755535,88849.63707323516,181931.0405172158,91457.99624419169,68847.17271890315,86480.37451271707,123530.00027298932,106782.37459449466,82293.2222239044,79784.75299891866,72057.57612676336,84114.17414118936,82133.89898942698,112014.7391575264,77663.99713325467,4
129430.36907081236,147104.74277791296,102376.64459665354,180776.03647423227,92840.20576956341,70818.03778624986,85058.26712349262,119548.99812328794,105703.59000010372,81775.46641534167,80601.91042446023,72727.05557668873,83383.00387656735,82809.79339001101,109761.59390945363,76436.99812138059,4
129454.06191993499,147243.81533191388,94167.05002391935,178409.43377130435,90737.2195407414,69093.46659105619,85720.10227681426,122400.34310821809,102562.74522098842,83765.86690734231,81954.95092331778,71316.19111492528,81805.86478780089,81571.7079128871,110615.18467845734,74103.72186943554,4
130046.15963055607,149095.16562165806,93885.82037518268,183386.45200567867,92736.5383787797,69893.25671115598,86045.76719352808,121755.27176323794,108676.7072888264,81068.01135158674,78963.28168669721,72901.84621832923,85036.56357962651,82875.39575998732,111480.44305806674,79049.69353076143,4
129047.2601708484,145976.11379338667,102590.43903236855,177740.93779813504,91611.77624604419,70330.2556670017,84839.53295225298,119950.30134323852,101948.85455952342,83432.4459353025,82440.74373730943,71743.1317857661,81377.85123322622,81997.32983080504,109246.34149626989,73381.80522701803,4
130032.34625248269,149150.7544101184,88869.39601533367,181844.96394931842,91414.61150820393,68815.56735224335,86434.70989879488,123473.78563568422,106678.77425894431,82322.19008471849,79822.92977844832,72013.38672797522,84022.68845113378,82090.04486680566,111998.9364741965,77561.42497794927,4
129414.20875957118,147138.73978122947,102298.65936024897,180806.4348466915,92847.00069987783,70805.23023667696,85057.73068162569,119570.41109447612,105772.50042825943,81744.17397310425,80562.68311294116,72720.55121905223,83385.75314113536,82797.00819218258,109783.49861901983,76480.0028777126,4
129417.82974217294,147197.9495522916,94354.53645641047,178322.95487200678,90730.40225868253,69102.18377139376,85687.80400607635,122350.76693901622,102497.70164462348,83784.79883489595,81994.20058658131,71301.41661184032,81743.83869693741,81555.16762199017,110594.39755611391,74045.31676117382,4
130033.70970889447,149115.3939503901,93703.74306484975,183390.29650572498,92706.1847098094,69853.64941998117,86053.14326919834,121786.63126070873,108694.52162915727,81084.0375523612,78965.9415442874,72889.55275887881,85033.1214109804,82862.6552656478,111532.38851218087,79078.6166880866,4
129010.89388261961,145907.06925476424,102635.63425965718,177562.0120837703,91612.73737105577,70326.9476088223,84810.05100131643,119818.76132711903,101953.25785318112,83374.84548984117,82397.31429783277,71733.96757053943,81349.5986282347,81988.21031906728,109170.52437907748,73382.29696539605,4
130029.10524953667,149087.96835994345,88841.29987255334,181691.87685154402,91383.9225630668,68808.12422133973,86437.90619825199,123487.57666201315,106605.2146679419,82348.431032709,79856.63620908692,71991.63848062021,83978.20847966772,82077.95257305534,111970.66151746054,77504.18216039923,4
129434.34768132541,147150.27328136843,102144.0076403627,180838.4872482404,92851.85102842463,70801.87747500867,85072.46048122174,119583.35275451574,105863.27086249243,81707.9417953422,80513.30810943939,72745.18284144197,83442.95125519649,82817.46003835918,109810.79009899976,76556.57995421648,4
129427.44099228871,147150.98853719098,94507.46709197368,178292.5341478031,90727.65299411453,69137.92421077778,85680.45028215054,122343.86024997954,102441.21878638492,83782.87658487279,82012.59607226802,71305.17170490882,81721.35284201537,81558.0509970249,110548.2412038137,73984.60942323321,4
130056.17321207206,149139.26561346836,93535.12150467891,183449.26040759808,92680.88253508598,69841.40066401967,86074.51153689761,121851.92070626268,108708.69263514194,81080.37186627054,78950.51884061324,72889.59746236772,85054.78025135759,82856.01679754458,111567.65956493135,79079.75662705382,4
129051.19407787254,145960.08759261222,102776.51730495898,177808.93180476807,91648.54486567318,70375.51794952368,84828.0218038585,119887.89527271931,102020.80482492506,83357.85816405513,82394.72149547595,71776.32412628224,81405.52269286188,82018.42987757086,109215.13846101028,73428.07333804051,4
130036.16840078455,149090.60586578917,88882.13650967319,181745.8563144036,91356.20639994221,68807.31955853934,86437.05683196269,123508.72141226786,106519.16045178896,82376.01308536687,79897.51754969568,71973.86884377824,83935.13666810235,82054.52794486617,111976.87530241911,77429.70614787414,4
129451.51382106708,147205.5491454064,102067.3858603699,180988.24393609096,92859.98706340636,70802.72684129798,85089.15723432985,119620.07667065582,105936.51752907247,81674.83886180387,80479.73578926752,72753.20711770143,83477.46234863548,82818.86819825986,109855.91827105502,76615.78972527859,4
129425.92107366576,147132.0789613818,94724.39077191244,178334.91305529035,90731.00575578283,69168.2331762592,85666.5698488438,122338.60759003254,102373.06831754069,83791.95139312165,82054.97497975528,71291.71595474672,81673.8330333034,81546.62925560823,110524.14602329089,73923.72327133694,4
130064.48806100943,149183.05268085632,93416.32198289895,183549.79855415804,92658.95547377534,69818.40071897516,86082.06642652351,121901.89920686475,108709.92198108697,81103.01418340376,78968.40023617748,72877.32635466175,85051.18162050028,82843.14219273832,111625.37176911495,79087.0209440018,4
129049.07066214927,145958.23239782243,102910.40425424627,177836.29033998138,91668.8402496386,70402.78707775916,84810.92271935019,119854.18884208071,102032.87476693092,83325.60459680612,82380.10345460218,71772.70314368047,81393.27393690037,82014.13834263544,109190.14921070925,73422.95478856025,4
130029.08289779222,149084.79441223078,88967.40841477018,181765.23527684633,91327.68557401725,68811.1864103301,86420.69535502141,123545.44532840794,106439.65529676144,82425.43279235755,79956.14617540195,71951.94178246758,83891.26019373658,82037.8088400136,112004.92674171051,77347.07174862287,4
129471.67509456577,147276.4712305631,102036.85337744396,181187.4650344211,92872.03465366777,70805.14082969914,85097.27091756713,119693.9044825917,106007.86429737382,81664.93703901018,80451.21496334254,72762.34898118365,83517.82959912176,82822.73505005063,109928.09205390121,76657.5427839211,4
129428.35741381139,147142.67368825362,94995.69624611095,178474.45499592484,90737.44305818595,69194.45177250526,85645.13452591115,122350.99045646077,102314.10441566759,83826.77541098303,82104.23822453478,71289.34666983446,81647.61443705732,81544.43878465162,110552.82331142704,73856.31041005974,4
130069.0031133894,149218.86017547373,93333.03938305848,183613.88100551142,92633.00509846272,69786.92946278208,86083.11695851291,121933.79514620246,108679.97064351686,81116.73815449931,78964.19810821988,72852.53827006082,85030.99799525714,82813.66024180177,111676.44550519533,79050.0064551838,4
129051.8646302062,145973.2080666075,103069.57102651251,177935.68854757413,91690.5437935047,70413.51591509771,84793.89069007525,119829.1325365463,102059.54039806609,83312.32766059968,82365.93244861752,71787.67881246553,81408.20490219652,82019.56981653807,109224.97322857061,73437.10344280046,4
130022.82440934473,149067.09183062217,89046.35477618633,181746.48216324832,91300.25998357058,68790.06401181985,86409.36302058256,123558.20817449191,106329.97528671924,82467.34231321125,80001.25199571277,71924.49384027647,83831.7374982521,82004.72825821975,112023.32222739724,77263.74444529349,4
129504.82273159298,147331.65768762323,101960.11983872889,181307.20332946818,92890.6760085435,70797.69769879553,85126.39524059239,119771.95677422962,106058.11101890935,81638.58433229737,80411.89824484567,72765.16530098501,83541.07541335528,82814.21903541316,109975.29893819081,76712.25985434769,4
129380.85995684385,147072.37745194166,95154.32657651027,178322.3513749065,90721.84154055614,69178.47027521972,85586.97528683845,122176.0433526091,102237.05795253014,83846.66846354824,82143.51023954275,71290.5313122906,81604.25205281402,81538.20264794858,110551.72807594873,73809.3717467036,4
130085.11872114167,149218.86017547373,93175.37017767075,183528.45263820322,92618.6105750335,69768.77984628438,86116.46576124022,122030.86877237188,108642.55382329867,81114.7488492428,78946.47317486683,72825.64912148108,85000.77843675356,82784.78178796552,111661.8051125771,79032.63914974203,4
129063.12990941167,145992.98936045045,103144.56112916007,178005.26952806348,91721.03157294173,70432.96193277382,84800.08212328936,119823.45519345466,102112.8046051031,83298.33546857066,82365.53011721732,71820.31235937028,81443.23008575798,82050.68344481986,109261.00424063257,73499.33069936403,4
130009.65923186055,149031.23963251588,89043.53845638495,181617.8255221636,91271.47093671214,68777.74820062498,86406.56905252565,123531.47548812337,106222.2175267002,82490.18579604456,80040.45695548737,71901.56095046533,83769.48788994407,81987.51741498917,111994.35436658317,77187.18972053406,4
129502.63226063637,147359.84323738137,101803.63527579729,181302.35300092137,92893.60408706714,70781.47033232097,85134.82184825205,119744.64294250525,106134.71044715767,81609.4153057832,80379.21999445201,72790.15455128605,83590.74098953498,82839.54356188102,110012.76046189791,76788.0769715401,4
129359.80461356696,146994.2581050704,95317.94134592311,178125.5442649775,90720.85806380011,69199.25739756315,85565.91994356156,122104.20484592974,102146.86866365299,83826.17191388273,82149.5452105457,71274.66157372732,81545.64577885221,81529.70898505556,110456.46494108021,73721.61879797207,4
130084.89520369712,149216.33442835027,93011.57659430226,183470.315750875,92591.56496424259,69742.9635814385,86129.4297730243,122062.8094151985,108637.32351509614,81121.63318653502,78940.84053526408,72818.58597023321,85008.17686416827,82781.09375013039,111697.5679037056,79026.04538512771,4
129063.84516523423,145972.82808695175,103246.73095306527,177996.19471981464,91747.47368663237,70463.15913953295,84798.40574245522,119804.2326932231,102138.7102769268,83254.906029094,82329.40969817755,71833.00815022089,81457.0211120869,82057.59013385656,109235.76912114253,73506.08092618953,4
130011.87205456162,149028.44566445897,89104.62577398132,181694.35789517855,91249.92385505723,68781.6374041602,86402.92571817944,123573.07208455469,106161.53254050405,82550.66961654063,80104.04766846272,71905.00311911144,83764.05641604144,81991.60778422448,112056.98395454693,77141.0110164894,4
129472.05507422151,147334.5857661469,101657.92425369314,181206.28520325248,92873.73338624637,70747.83095691574,85113.45358055277,119628.34681610428,106163.2536248271,81559.9955987925,80312.76825818638,72781.32561222621,83595.18898668159,82822.73505005063,109998.63415940217,76799.65517516795,4
129336.82702026691,146894.1222899106,95492.91080151926,177924.1997509241,90714.86779628608,69225.40893857586,85553.22415271094,122041.37409226586,102055.13710440841,83817.03005040051,82154.26142862576,71255.32731477349,81485.16195835614,81510.55354005737,110364.33105043543,73634.24582889627,4
130094.21588113498,149220.71537026353,92851.11342085761,183480.28462890204,92569.23557153172,69724.41163354059,86159.9846076947,122122.55562812753,108637.7929017297,81149.77403280426,78941.95812248685,72818.1389353441,85020.0679922185,82782.59131700889,111747.27818337419,79041.04340565723,4
129072.83056650528,145976.4043660646,103301.67154093643,178066.9826945046,91773.20054450042,70486.47200899983,84807.45819895962,119784.83137903588,102177.64701576794,83234.25301721728,82308.55552060074,71857.05862725481,81480.49044376498,82088.0779132936,109227.65543790525,73541.53079289566,4
130028.43469720302,149019.08028353218,89115.95810842015,181702.6950958604,91236.78102931751,68795.29432002238,86430.01603245927,123640.44024234299,106065.75531551306,82580.59860236628,80127.44994490742,71884.215996768,83709.83108399286,81986.44453125531,112020.46120410696,77060.45532947246,4
129519.75369688914,147442.27647093256,101512.8614321782,181503.89868067487,92900.91310750403,70761.24200358892,85161.66629334287,119746.83341346186,106264.10469580945,81553.22302022255,80277.56426066927,72814.29443529778,83664.38998751521,82859.63778014634,110078.85457025225,76890.93969952341,4
129352.76381406354,146927.35933391564,95644.14270450386,178096.2411279966,90730.22344472689,69258.93655525883,85552.28537944381,122039.83182189845,102013.13817657687,83835.15731515376,82184.3021731737,71271.91230915932,81475.64011521818,81534.87223802475,110366.18624522522,73599.71238371282,4
130129.30811992982,149305.11555732676,92662.79997382165,183643.07238377005,92554.88575159143,69714.97919738045,86195.1439017229,122210.28622511461,108634.86482320605,81159.56409687568,78927.87652348001,72814.38384227561,85031.48973363516,82789.38624732332,111784.96322452584,79042.74213823583,4
129085.21343293351,146022.80658755382,103324.98441040331,178180.93188773774,91798.97210585739,70505.18041910892,84805.53594893646,119729.66727372019,102229.12308324852,83197.70791503286,82278.35831384163,71881.4220287111,81521.37178437374,82120.9349776429,109230.29294375097,73584.82612190559,4
129991.33080140721,148948.58288152015,89060.30226472644,181438.29631069856,91195.16208114172,68765.79001734138,86398.29890707719,123501.39004008652,105942.73131403104,82580.55389887738,80131.5179623983,71845.68158932705,83639.87012384774,81964.36100773347,111936.50805193282,76953.27871480928,4
129556.14233686238,147473.54656142552,101315.40612166001,181463.5314301886,92922.23667171439,70765.44413154652,85209.25315728821,119816.25793174005,106331.71872278675,81500.49525505249,80209.45849531394,72820.23999932289,83706.56772930238,82881.05075133452,110055.98873567447,76945.16503157199,4
129394.24865177259,146959.52349418684,95786.03157830615,178224.62954814787,90768.66844519001,69309.29503551662,85578.28045824534,122116.0736222355,102005.56093520654,83853.50809735157,82230.23500802935,71305.81990549802,81498.2824323514,81586.84004388333,110381.54189366603,73601.03113663568,4
130167.46254771503,149395.6177706263,92452.6712241973,183815.02435386472,92553.56699866855,69701.38933675163,86230.3031957511,122319.09451712306,108641.10095990909,81172.03637028174,78935.07378519462,72824.46447902494,85050.84634433346,82811.78269526752,111834.15941407197,79057.3154756207,4
129137.1812387921,146133.20185341858,103355.82981775163,178484.51328092974,91856.77371701882,70548.98983824132,84832.80507717194,119835.90511511626,102303.86731670707,83164.64968498347,82263.29323807875,71927.17604961111,81572.64668615421,82173.03689396822,109260.46779876565,73649.06503547014,4
130014.73307785191,149034.9723738399,89078.74245390207,181651.44254582436,91194.1786043857,68775.64713664618,86401.18228211193,123575.55312818923,105890.20471456108,82625.72677442155,80198.9308236755,71862.49010115744,83627.6884231196,81992.85948191398,111986.30773857926,76920.84633360463,4
129558.9810084082,147569.61435909444,101138.71558174082,181584.4096642029,92932.80904684175,70748.7473784384,85206.19096829784,119804.79148683447,106402.30553177661,81464.48659473499,80170.70057042844,72838.25550535387,83740.60943610781,82903.5142545121,110087.57175058982,77001.06674445471,4
129332.87076149831,146890.65776952004,95915.71639963584,177951.96061753758,90758.27488401829,69306.54577094862,85513.19217839149,121930.7329572121,101927.82156799098,83827.84829471688,82238.57220871118,71286.329184333,81431.04838502985,81581.14034904723,110278.90268312725,73512.98761522623,4
130129.77750656338,149365.21939816707,92288.25179198406,183560.90737115234,92519.52529186313,69661.98321127692,86216.31100372208,122277.22969975826,108623.42073004493,81171.56698364818,78927.25067463526,72799.05054557926,85027.6675853333,82801.52324456254,111815.31689349616,79027.49824851731,4
129104.59239537627,146076.65193994666,103426.19310929693,178245.9307606138,91874.67746432751,70562.57969887015,84812.80026588443,119745.15703262771,102335.31622115568,83114.00063204774,82220.42259221346,71922.23631408648,81564.84592733931,82177.48489111483,109189.00927174202,73643.58885807858,4
129978.14327217857,148941.58678550564,89147.9881582246,181360.02050161606,91166.35068253883,68770.88621507719,86384.48552900381,123540.77381381678,105795.70153900405,82650.89483867823,80233.4419171145,71825.76618501738,83562.4213293101,81971.80413863709,111928.23790648436,76814.98847186429,4
129574.22489812672,147614.76488289415,101047.36400215197,181697.5318428912,92945.66129990356,70745.32756153675,85227.7156982083,119893.21498789967,106512.70079764137,81468.84518490377,80157.08835805516,72859.46731084197,83810.83861718638,82935.61135954993,110172.53073126444,77081.84594891619,4
129354.37313966431,146913.9706389869,96157.85284732019,178137.81537268346,90786.66159947653,69351.02574241468,85519.69653602797,122016.98833906512,101905.08984387992,83854.4915741076,82280.23586037588,71293.19116988077,81421.48183840298,81600.47460800107,110293.96775889012,73477.02365839764,4
130149.8717248287,149437.4602362466,92188.5630117134,183759.74848982674,92504.28140214461,69644.97353374644,86229.2526637617,122366.72608455732,108623.08545387811,81202.43474274097,78944.19329693238,72791.182731531,85029.7686493121,82802.55142480749,111887.35656587561,79018.26697805726,4
129104.83826456527,146113.487614809,103525.25604072286,178386.56793672658,91898.95145880598,70573.9567367979,84793.42130344169,119704.29804376341,102394.68245442897,83097.03565800616,82208.44205718543,71945.12450040871,81588.29290727293,82205.93866180643,109217.61950464483,73670.20978572486,4
129980.11022569065,148954.5507972897,89245.15119137183,181428.66270883832,91147.88814161875,68767.86872957573,86369.80043289668,123556.2188692354,105726.07585502576,82705.70131608265,80294.86451087767,71817.80896399128,83524.93745385855,81976.00626659469,111957.22811904289,76740.66892155039,4
129573.21906962623,147633.13801683643,100933.72773334119,181670.95561873386,92941.2356545014,70722.57348568123,85224.94408189584,119862.01195264005,106543.9485363899,81427.36034719471,80099.9572992274,72847.50912755837,83805.94358515067,82925.06133616703,110157.93504213513,77080.77306518234,4
129322.20897939314,146840.4557514734,96368.80861148938,177970.62432415778,90781.94538139646,69360.88286171948,85473.49548023885,121887.66114564672,101845.76831409555,83866.15918471327,82311.61770959113,71291.04540241306,81381.56162280579,81605.4143435257,110254.15930201524,73402.16766621682,4
130130.73863157495,149380.7091570746,92067.59537072128,183531.58188242698,92465.32231155901,69610.26127460734,86223.75413462569,122334.24899986375,108569.41891544091,81212.3142137902,78940.66172130844,72759.2197369599,84989.26728835909,82779.30561057397,111860.04273415123,78948.70834931235,4
129072.58469731626,146040.5762243958,103586.47746878595,178208.42453341777,91904.1370635196,70573.62146063107,84763.67113157167,119576.04373407886,102434.08857990368,83069.81123325959,82181.1505772055,71957.99910521497,81604.85554991431,82221.11549629159,109198.55346662445,73681.43036144142,4
129970.2307546414,148868.96596777035,89330.7807243801,181240.03633737998,91125.02230704097,68775.31186047934,86374.65076144347,123582.01278233681,105617.84870837316,82740.19005777717,80333.53302878536,71788.25995782137,83459.71506353797,81957.49902218569,111903.5168771168,76632.44177489779,4
129579.25404062917,147637.96599363876,100782.40642337876,181683.07026422862,92939.91690157854,70704.71444186145,85245.21711411681,119880.54154879351,106625.64416237404,81418.57611162378,80066.09440637761,72859.75788351988,83852.05523396198,82944.1273741874,110203.93493222415,77140.34046415573,4
129295.58805174686,146756.32378534364,96526.36605815483,177832.69170912408,90781.05131161826,69372.39401011396,85450.83081136117,121792.4427142671,101797.6226565388,83865.77920505754,82324.76053533085,71288.2290826117,81349.46451776798,81614.0644686299,110190.6579960177,73342.13088060987,4
130150.36346320671,149389.18046822317,91924.20893004048,183555.34178678296,92451.12895382989,69594.41388778853,86259.606332732,122441.15739359349,108565.52971190569,81235.49297279037,78938.1806776739,72750.65901883352,84994.58700353945,82781.18315710821,111872.42560057946,78931.34104387058,4
129097.93157552858,146082.5304487384,103659.72413536599,178415.49109405174,91945.86777041767,70600.17533304398,84781.68663760264,119628.6820922711,102513.32551399774,83049.53820103862,82154.10496641457,71989.8950445527,81659.41615812972,82260.45456653292,109229.86826060632,73728.48078351984,4
129962.69821675995,148857.56657809814,89402.86510024847,181282.9963902231,91114.62874586925,68775.75889536845,86366.71589216184,123595.78145692128,105534.90138469952,82779.19385185168,80373.49794787145,71774.11130358116,83418.83372292921,81954.03450179512,111895.5596560907,76546.1193378114,4
129630.46188717627,147747.28837576968,100714.56887895691,182012.3561635442,92976.68552120752,70720.53947693581,85292.71457108433,120054.21460321125,106715.5428785733,81416.02801275588,80039.5405339647,72880.36619190767,83909.16394104528,82967.35083667646,110278.0756685824,77201.472485241,4
129309.15556063123,146813.79012033824,96782.15942170136,178114.36839274984,90815.31653586823,69413.65533037846,85440.6160641451,121836.56505782189,101778.26604584052,83904.93946134322,82381.71278020296,71305.66344328683,81343.29543629831,81637.37733809679,110245.59858388884,73316.98516809764,4
130156.44313769856,149462.06950689192,91851.27518788281,183736.5250273377,92433.00168907663,69572.44212298896,86266.28950432414,122504.09990597963,108539.04289472615,81275.0332087318,78960.0406837512,72730.34128312365,84970.29065731652,82770.76724419204,111923.85696457112,78912.29735759465,4
129102.51368314192,146129.98320221703,103769.98529076402,178554.02720618574,91973.38276784215,70615.12865008457,84770.64487584172,119603.26815882542,102551.74816271641,83042.31858757956,82153.00973093626,71998.56752140135,81670.10029197935,82274.53616553977,109253.0917230954,73762.656600792,4
129974.00819945434,148860.31584266614,89517.01545918173,181276.51438433104,91103.96696376408,68787.69472690759,86368.39227299599,123624.74931773536,105436.0396189737,82833.68740483373,80430.40548925466,71749.90436433606,83357.34407393266,81944.19973423479,111880.85220823911,76464.06608391597,4
129672.55022198561,147839.86930130355,100590.65080769669,182192.44416862063,92983.61456198867,70712.40344195407,85324.05171681067,120112.1503248394,106800.50185924792,81428.14265825065,80027.80586812567,72905.17662825306,83968.46311908521,82996.67632540183,110368.26495745957,77283.34692518078,4
129351.93679951869,146841.37217299608,96945.2824527362,178217.47698992217,90836.86361752315,69449.48517674032,85454.9211805965,121835.3580636213,101751.22043504959,83924.87721739737,82416.42503934205,71328.66338833135,81349.44216602352,81661.83014653089,110250.9182990692,73303.32825223544,4
130197.19036784058,149509.8798882818,91644.96858656032,183738.78255352768,92411.83458707745,69545.03888428675,86295.4138273494,122489.70538255041,108534.68430455736,81296.37912468662,78958.56546861715,72741.96419024041,84998.23033788566,82778.07626462892,111962.19020631198,78924.2331891338,4
129128.59816892126,146113.97935318702,103680.73477515398,178358.22592475725,91998.32731465428,70620.73893794286,84785.84406207134,119457.2442122989,102604.54298311986,82973.72108384623,82082.40057020195,72022.12626005725,81710.71341165465,82290.11533142511,109178.52630359249,73802.77798208929,4
129999.80211255577,148795.9204668904,89445.19930424682,180958.31495026528,91092.92520200316,68792.05331707637,86393.9403169084,123564.73488387286,105362.61413843802,82827.63008208634,80438.36271028075,71747.15509976806,83344.2235999374,81944.15503074587,111783.64447160298,76408.00790882205,4
129706.10019041302,147839.28815594772,100284.9683505259,181984.77411088636,92998.32200984025,70703.14981974958,85368.33052257664,120075.78403661061,106892.70280512606,81366.76476797638,79955.36386434601,72930.29998902083,84044.05671883306,83020.32447103554,110331.00459945257,77367.38948433274,4
129366.86776481483,146763.5881022916,96995.86445043856,177917.22600665403,90870.48064118394,69494.74745926232,85468.6227999476,121761.66436215215,101729.44983595013,83880.68781860922,82404.62331826966,71338.92283903633,81350.31388405728,81682.43845491868,110127.17904176463,73274.40509491028,4
130224.37008909823,149511.66802783826,91412.51044422513,183604.6944385403,92416.0143632906,69548.27988723277,86341.97251104981,122546.47881346689,108563.7192206048,81297.38495318711,78964.2875151977,72753.02830374578,85037.61411161591,82800.38330559531,111955.73055216439,78943.74626204328,4
129182.08589340281,146178.03945279593,103695.41987126111,178529.66380472944,92063.23678055248,70686.29660443027,84838.5271237525,119573.04860032185,102724.68360956713,82946.13903118837,82068.25191596174,72077.40212409523,81796.92409001877,82345.2347332519,109197.61469335732,73882.73017200592,4
129984.15589143705,148781.9729783503,89461.27020851019,180928.87770281767,91082.12930943124,68797.82006714583,86379.54579347919,123508.38613610103,105321.03989375113,82863.19170751474,80494.97967898604,71759.47091096293,83334.03120446578,81952.82750759453,111788.36068968305,76345.95946621412,4
129732.98933899276,147883.2093338024,100132.93178474091,182032.18216087608,93022.17132117407,70711.37526170912,85412.78814229825,120135.61965651748,106976.11951543327,81336.16522981707,79908.84988413453,72948.11432935171,84082.41231231837,83026.44884901629,110323.27089587104,77395.08329571287,4
129339.41982262372,146708.871031865,97142.93892895448,177809.98233675747,90882.19295527852,69512.29357865972,85449.28854099376,121645.4129392401,101725.94061207064,83891.5954699034,82428.04794645881,71363.91208933736,81340.07678509674,81691.64737363427,110089.06931746833,73223.3313588299,4
130216.3905163277,149477.67102452173,91269.86161111137,183457.9999396801,92396.63540084785,69527.42570965597,86362.64787467098,122561.18626131848,108548.49768263075,81306.92914806952,78949.5353638572,72740.35486463962,85009.09328569095,82772.46597677065,111913.79867956623,78882.01074385771,4
129190.31133536236,146178.62059815176,103735.69771476957,178563.07966269014,92103.04523742739,70710.05650878626,84848.85362969084,119578.59183294677,102816.88455544527,82927.5200280571,82040.15577318141,72110.70622333363,81834.1620962813,82363.00437009387,109193.81489679992,73915.47547763294,4
129975.2822488883,148766.10323978701,89547.61499734104,180943.09341229123,91079.55885881888,68809.6888434516,86374.42724399891,123534.20240094692,105276.71638449626,82910.93503367127,80546.36633948878,71761.81784413074,83299.85538719362,81945.7420046022,111790.79702982868,76275.99850606901,4
129709.16237940341,147905.18109860196,99989.43358533783,182056.18793442106,93020.74080952893,70690.54343587678,85396.82899675716,120097.33111826553,107058.75391468454,81322.62007267715,79872.37183718345,72957.07737887828,84105.32285038506,83016.50232273368,110353.93748926371,77427.29215947297,4
129323.17010440471,146677.60094137205,97364.1764955731,177802.76272329842,90903.8517956557,69554.69483789144,85425.8639128046,121639.5120787039,101706.09226299432,83896.31168798349,82450.44439440304,71362.95096432579,81303.26346197886,81672.69309433617,110046.80216870335,73163.78631160097,4
130197.4809405185,149493.80898401845,91175.09021462085,183495.88614653185,92368.04751968951,69504.403412867,86349.885028587,122581.81692145074,108550.19641520936,81344.79300317682,78971.52948040122,72732.33058838018,84997.85035822993,82744.39218573477,111969.90155814905,78865.96219133881,4
129147.0830615858,146132.01721096245,103760.32933715932,178450.3151119131,92107.35912410726,70704.17799999453,84814.65546067423,119440.88273535762,102866.50542813605,82889.18678631626,82000.83905468453,72110.90738903373,81829.37882296788,82338.90918957104,109161.9636609511,73930.98758828493,4
129963.39112083807,148699.6962070103,89611.87626265005,180804.7361141129,91059.39758532018,68812.1922388306,86373.51082247625,123533.59890384662,105208.61061914095,82955.14678420387,80597.14950289125,71741.85773633215,83249.87688659155,81914.20369317576,111755.3248113781,76210.37378434822,4
129767.0310457982,147982.49578267286,99800.76251039059,182246.6247971803,93041.52793187236,70694.00795626736,85461.38083474408,120253.8380329416,107172.30077651748,81320.92134009855,79846.4438136153,72978.51270181092,84167.37129299299,83024.16897108186,110409.52627772407,77530.06548047847,4
129298.60553724832,146633.7691704952,97412.97035371905,177727.12442006165,90899.64966769812,69543.921297064,85391.48692983233,121455.8701462591,101710.87553630777,83892.57894665944,82465.84474633275,71382.03935409062,81306.01272654686,81683.53369039699,110022.8187469028,73174.31398323941,4
130240.06101370585,149487.01405370404,90923.92366217657,183375.65611310676,92352.08837414841,69489.71831675987,86405.85379670309,122636.71280583297,108542.59682209455,81328.47622972445,78945.91438125544,72718.89718996253,84992.79886398303,82724.9238163142,111909.663606842,78860.64247615845,4
129225.001242757,146199.49712747303,103660.4170394441,178609.68304987944,92160.55627591089,70741.952448124,84877.21799340463,119503.60173029921,103015.68097063077,82851.27822772006,81963.86926935545,72179.39313404479,81940.42228942184,82395.23558559842,109185.41064088471,74064.27104047193,4
129987.48630136088,148664.20163681527,89522.02224993972,180669.93274330292,91046.3441665583,68809.39827077369,86386.83246217162,123447.74585339379,105165.15882791983,82947.43543236678,80604.5255785615,71759.3368004962,83247.48524993483,81919.23283567821,111685.63207216645,76174.56628973082,4
129737.59379835056,147902.65535147852,99405.13663353166,181848.98726332036,93012.02362919136,70633.23356309338,85446.60633165912,119993.01552689262,107256.49979788064,81232.98957741137,79744.13987924336,73000.9762049885,84224.41294484293,83025.01833737116,110323.27089587104,77589.65523119632,4
129306.78627571897,146482.20199134375,97428.97420274904,177269.51715582816,90921.55437726431,69587.61895747411,85408.74247655184,121362.17163350245,101693.1058994658,83820.13694287979,82411.5523590508,71392.52232224015,81300.82712183322,81680.1809287287,109822.34595088316,73131.06335771839,4
130269.96764778707,149452.01122188702,90677.31686560117,183230.57093984736,92346.88041769034,69493.2498923838,86452.0101490033,122704.52799851037,108589.82605812862,81331.13608731462,78936.45959335084,72751.19546070046,85053.01446354562,82744.83922062388,111895.44789736843,78900.02624988869,4
129225.4035741572,146171.6021503928,103582.9011896731,178548.68513926092,92188.71947392458,70765.66764899108,84881.50952834004,119450.82926164023,103119.59423060348,82790.01209616805,81899.51859706863,72226.01887297856,82007.07519138756,82421.99062371143,109134.40396003771,74135.23782911753,4
129997.65634508805,148639.72647663672,89559.30495969117,180661.21556296534,91052.13326837221,68848.0444369369,86403.35040132409,123519.07026995067,105119.91889714228,82966.16619422034,80627.79374453948,71766.57876569973,83231.30258694918,81918.60698683346,111630.1997459173,76126.77826008538,4
129828.5877500281,148060.92805396655,99275.38475696859,182306.3263066204,93063.58910364975,70684.46376138493,85535.00748097987,120286.42687635744,107385.22349419874,81235.40356581254,79720.15645744282,73046.73022588852,84308.72372492835,83058.94828545432,110401.25613227561,77701.01162207266,4
129382.31282023345,146658.17727544036,97647.12722863285,177901.17745413512,90983.24519196096,69666.09593225669,85447.50040143734,121549.70276948248,101762.39630727725,83877.29035345202,82485.3131157533,71462.84091029655,81362.96497141897,81741.02237713605,109934.46230107098,73201.47135275262,4
130291.64883990871,149590.23440959863,90538.15490462242,183556.2805600501,92330.11660934886,69469.35587756109,86460.50381189631,122739.77669951638,108593.69290991938,81371.54804128982,78972.08827401261,72759.66677184902,85052.38861470087,82745.62153167982,111958.30100277675,78912.09619189455,4
129261.72515889707,146284.18788721418,103581.87300942815,178785.52422350936,92230.74075350056,70785.82892248976,84896.66401108075,119460.50756698938,103215.23734512775,82763.2347063106,81872.85296593345,72254.58440239244,82041.94391273784,82446.66694959009,109134.40396003771,74208.50684744201,4
129997.56693811023,148648.6448226744,89604.00844860179,180593.9815156438,91040.30919555535,68843.64114327922,86385.98309588231,123449.95867609486,105060.1950359577,82997.21276726875,80683.15901555527,71757.86158536214,83184.92271720442,81916.61768157693,111587.41850702984,76068.7531314794,4
129867.77035805826,148147.9210433866,99083.09269941959,182365.96076082718,93085.56086844932,70677.69118281499,85569.76444360787,120351.11282481109,107489.29321638266,81216.20341732544,79694.36254434139,73061.30356327338,84356.02001619578,83078.81898627509,110418.53403073955,77777.16401543189,4
129365.79488108098,146637.54661530812,97770.01711964812,177770.44210081603,91005.70869513854,69679.30581322979,85408.67542131846,121433.92073320398,101766.88900791276,83863.9910655011,82497.00307810344,71469.14410223295,81352.48200326944,81760.8483744679,109880.16991378902,73184.48402696657,4
130291.44767420861,149590.4132235543,90397.56243199855,183394.90096508278,92319.05249584347,69451.67564769693,86459.34152118463,122760.94380151556,108574.98449981029,81374.27495411337,78976.55862290367,72731.0118354573,85029.85805628993,82735.4291362082,111922.78408083727,78876.2663455327,4
129281.84172890685,146331.57358545944,103610.93027722005,178846.1645062166,92276.36066393384,70816.5625711158,84903.1460169728,119493.47639006095,103320.46935802333,82732.38929896228,81847.7743086546,72275.19271078023,82097.5774046871,82480.77571162888,109152.44181781315,74278.3784006093,4
129985.54169959328,148644.4873982057,89709.24046149736,180552.89900933494,91036.41999202014,68857.09689344131,86364.54777294968,123454.71959766385,105002.6392939853,83032.64028223042,80743.66518779579,71742.14830901007,83152.53503948868,81919.54576010058,111580.35535578197,76010.14685751758,4
129840.36711935606,148159.18632259208,98913.21944155925,182280.2641725855,93071.52397293139,70646.73401674438,85549.4914113869,120285.57751006813,107553.21920552483,81191.50473970232,79659.91850613577,73052.47462421353,84379.9140310185,83080.58477408705,110429.24051633365,77818.93942581885,4
129354.10491873085,146586.36112050546,97964.05261326463,177635.34815732815,91022.62896569121,69717.79551718182,85396.69488629042,121411.52428525977,101740.80452213342,83849.86476300536,82498.16536881511,71457.65530558293,81321.65894766556,81756.55683953248,109803.63754077406,73142.7086165796,4
130316.30281404291,149641.35284916795,90314.36923913589,183500.82588205647,92307.60840268235,69448.56875521765,86489.35991398811,122883.05138147491,108593.64820643047,81426.35451869424,79025.82186768316,72737.76206228281,85051.98628330068,82744.03455782348,111990.24164560338,78898.41692428791,4
129269.77178690098,146327.88554762432,103611.33260862024,178804.18793012953,92292.8338995974,70818.6189316057,84886.04693246448,119400.60489184916,103384.97649252135,82691.57501358689,81804.72484883366,72292.20238831072,82121.87375091002,82490.25285127794,109127.09493960082,74321.9419505527,4
129987.7321705499,148602.26495292963,89819.68043085105,180445.32006327153,91027.54634947138,68877.92871927365,86365.10656656105,123477.78659794171,104929.86201403881,83068.38072161445,80792.83902559747,71734.0346257728,83112.99480354725,81912.97434723072,111537.44000642777,75944.20921137443,4
129867.65859933599,148216.65265758667,98745.22373023316,182379.88589762282,93075.90491484464,70639.31323758521,85574.25714424338,120351.51515621129,107643.09556997962,81188.19668152294,79645.18870653972,73078.53675824842,84441.6271974596,83101.55071038613,110489.99255776318,77905.77595302773,4
129338.19047667868,146535.64501233638,98127.64503093304,177539.3027114037,91032.62019546273,69743.43296807205,85363.25667658528,121303.27478686272,101717.64811487772,83839.78412625601,82510.12355209871,71470.35109643354,81308.38201145912,81767.82211873795,109753.97196459437,73124.08961344833,4
130332.10549737282,149630.89223276285,90217.20620598868,183434.30709055747,92288.27414372851,69447.31705752815,86506.63781245206,122947.37970201728,108557.41602866842,81448.16982128262,79044.03853941424,72725.87093423259,85039.64812036135,82735.71970888611,111985.83835194568,78876.3110490216,4
129296.1691971027,146369.4597923112,103640.38987641214,178958.05733895986,92328.35082153688,70848.90554534264,84893.26654592354,119433.97604632092,103487.59335131566,82676.06290293491,81783.8036160235,72333.46370857522,82192.92994653345,82528.89901744116,109180.26973966,74415.34989063143,4
129987.37454263862,148585.43408935476,89938.36819390873,180465.61544723695,91015.74462839897,68890.13277174626,86340.16201974894,123467.14716758099,104853.3519927683,83106.35633544401,80837.25194183015,71727.19499196947,83082.59643108802,81909.9345099848,111532.94730579226,75881.57962341067,4
129920.78869590626,148306.97605693055,98634.94022309069,182600.31880144106,93098.7260459335,70652.05373192475,85609.97523188297,120500.80245742828,107710.7766521903,81180.79825410823,79611.37051717885,73089.55616826488,84486.0401136923,83110.3125942126,110537.8923461309,77959.5542501872,4
129356.92123853222,146582.4495652258,98349.24022546294,177760.5626297668,91066.10310865678,69778.86048303371,85341.28491178571,121309.55562705465,101735.88713835325,83866.27094343555,82548.56855256183,71505.84566662856,81337.17105831756,81805.1048284894,109806.83384023116,73138.10415722182,4
130321.68958445665,149642.40338115735,90127.73217293408,183413.2517472806,92255.84176252387,69410.77195534372,86482.07324529567,122911.95218705562,108508.86803971148,81467.34761802526,79048.97827493885,72702.80393395471,85014.01066947111,82719.33588020038,111992.8344479602,78829.14886822092,4
129310.7201827431,146397.31006590248,103677.53847569687,179012.7073541531,92355.73170849464,70859.23205128098,84886.60572607587,119424.87888632761,103556.81670389375,82645.01632988648,81744.5986562489,72351.2780489061,82231.21848478538,82548.90382872867,109181.40967862723,74463.92023133281,4
129990.45908337344,148549.1572081038,90062.62154133577,180363.78089949858,91009.35202948475,68896.50301891602,86327.8238568096,123446.9411905934,104768.39301209367,83136.66530092542,80876.50160509368,71714.11922146312,83037.6023694995,81902.9831174592,111499.93377923177,75805.11430562906,4
129951.61175151012,148350.85253129632,98474.58880836831,182639.34494726002,93100.04479885635,70633.18885960446,85631.49996179342,120527.53514379682,107788.40426068357,81180.32886747466,79587.54355758948,73106.67760451765,84542.72413763097,83128.84219036606,110593.9058177359,78029.04582369875,4
129371.58398289491,146560.3436899595,98510.1057303078,177720.21773102495,91086.64436181121,69804.36382345723,85332.27715877023,121260.06886483061,101725.4041702037,83859.87834452133,82554.1788404201,71514.87577138851,81337.43927925102,81818.94055830724,109773.32857529266,73127.04004371644,4
130348.69049175865,149656.50733190862,90014.0959041233,183367.81065080295,92237.89331172625,69395.03632724719,86507.17425431899,122968.77032146101,108474.7592776727,81489.4311415471,79064.49038559085,72689.39288728153,85003.23712864365,82710.86456905182,111996.34367183968,78807.8029522661,4
129342.03497672499,146433.34107796443,103656.93016730907,179044.08920336835,92390.06398797799,70875.14649333316,84905.13532222931,119426.9352468175,103638.75819906691,82610.63934691422,81707.22653951962,72377.51899689663,82279.61001153113,82575.56945986384,109186.99761474105,74534.23881938921,4
129999.86916778913,148537.8025219205,90145.45710628714,180303.0065063246,91004.09936953775,68906.89658008773,86319.68782182787,123443.76724288074,104704.15409852912,83173.34451357658,80929.20701851929,71712.93457900698,83014.06598258806,81915.03070772061,111484.1087441574,75756.0298748052,4
129937.79837343674,148361.24609246803,98247.69625040249,182513.66108818783,93086.00790333842,70592.57573992918,85621.08404887725,120460.56931740872,107843.9036421661,81155.22785845136,79543.68943496817,73105.22474112806,84568.89803038813,83137.69348117035,110591.11184967899,78073.86107133163,4
129375.65200038577,146520.46817785123,98655.01208961155,177580.3181624792,91114.4052284247,69843.90405939866,85327.42683022343,121253.20687928282,101709.37796942926,83842.62279780183,82543.65116878167,71516.26157954473,81317.1885987745,81832.12808753588,109681.79818174818,73096.64167125722,4
130372.53980309247,149693.00773060415,89895.16227187662,183393.31399122646,92229.69022151116,69390.56597835613,86523.11104811562,123062.93822085121,108479.52019924167,81534.15698220217,79097.14628424005,72695.22669258436,85019.97858524068,82730.9811390616,112042.16474797306,78814.82140002506,4
129370.26522997204,146505.60426778844,103633.57259435327,179217.82931301944,92429.78303787507,70897.29707208837,84909.0915809979,119461.06636060076,103750.62868006573,82592.98146879453,81682.12553049631,72417.17099156034,82351.69438739949,82623.26808253147,109227.54367918297,74624.1598873329,4
129990.21321418443,148514.02026582006,90221.60949964637,180239.77342126053,90993.21406998803,68912.32805399038,86292.37399010349,123404.4728761283,104629.76749298186,83196.14329292098,80963.69576021383,71700.5740643232,82974.12341524642,81912.14733268587,111447.76480767308,75681.68797274685,4
129956.99852192386,148410.26346805855,98053.43723934141,182566.81353650257,93089.36066500672,70578.18121649996,85636.64086301814,120506.34569005319,107914.2669337114,81135.46891635287,79502.53987342595,73115.39478485522,84614.13796116567,83145.2260190518,110623.52187913918,78125.35949055666,4
129357.2341629546,146472.07665110548,98773.4092799913,177474.0356175942,91127.72686812007,69856.57749850482,85293.51923388473,121129.84760163398,101709.64619036272,83825.70252724917,82539.47139256852,71534.16532685344,81324.05058432229,81843.12514580789,109652.80796918964,73085.3540403073,4
130357.87705872978,149631.18280544077,89750.72529920642,183157.48073547852,92198.42013101818,69360.23466113028,86524.85448418313,123018.41354589624,108430.36871318445,81537.33092991482,79088.00442075783,72674.59603245211,84998.23033788566,82701.81211254741,112003.8315062322,78764.73114070072,4
129372.94743930668,146449.1661130388,103569.24427381091,179038.36715678778,92450.54780847405,70902.92971169112,84926.48123818413,119404.60585410666,103815.87342213077,82532.92233144311,81612.83512268486,72432.1019568565,82388.194786095,82620.92114936365,109175.35235587983,74665.68942853087,4
129974.90226923255,148407.24598255707,90264.9048286563,179999.67098232164,90975.0197500014,68913.33388249086,86291.74814125874,123331.58383745955,104565.55093116176,83211.45423787288,80992.14953090543,71703.36803238011,82955.23619118168,81904.32422212651,111400.64733036129,75629.96603607727,4
129989.78853103978,148401.05454934295,97823.03545749611,182501.05470431506,93091.84170864127,70573.3085362087,85694.3307154573,120574.65262110862,107976.85181818627,81101.33780256961,79447.84515474382,73128.31409315039,84659.5343541544,83145.76246091872,110614.31296042359,78182.04351449532,4
129387.49842494709,146458.0174038431,98884.65391214537,177537.4475166139,91159.13106907977,69903.18088569414,85320.49778944228,121158.79311070361,101738.54699594343,83817.74530622308,82547.09333742778,71574.1973011729,81365.78129122035,81878.3738468139,109643.04025686267,73115.86417148879,4
130399.76422783903,149680.02136707562,89613.32912603965,183320.33554557987,92186.28313377895,69362.93922220936,86566.33932189218,123144.41032939081,108429.69816085079,81565.33766571734,79106.80223784473,72691.44924777142,85028.85222778944,82718.84414182237,112047.68562885352,78777.15871061788,4
129427.61980624436,146565.6857568843,103526.95477330146,179418.346812528,92490.84800372696,70933.79747078389,84958.66775019978,119510.95545422501,103940.97613584712,82512.35872654423,81583.91196535969,72491.3564314075,82487.30242100984,82672.62073428878,109254.72340044063,74778.52103454126,4
129999.08685673319,148466.07577396344,90359.05037630205,180217.1311041273,90976.76318606891,68936.82556591339,86291.65873428092,123388.37962012048,104512.4208345915,83243.46193593288,81032.98616802528,71715.84030578617,82947.50248760016,81913.95782398676,111415.91357182428,75587.49772161219,4
130042.71746190995,148547.52553075858,97662.12524916236,182853.27349344178,93106.50445300394,70575.18608274295,85732.41808800913,120726.30920723788,108059.62032790427,81099.23673859081,79426.27572134444,73155.58322138587,84725.98609042002,83161.11810935952,110698.8249062091,78258.30766657683,4
129366.75600609256,146483.49839252216,99020.21724226681,177620.8642269211,91165.72483369408,69908.14297296322,85269.49110859528,121038.45131855624,101742.1679785452,83809.51986426352,82555.56464857634,71594.93972002743,81372.62092502367,81884.90055619486,109650.14811159947,73115.61830229977,4
130377.41248338373,149664.9786430572,89508.11946488851,183149.99290108596,92148.77690658295,69330.37273053799,86548.05559492775,123105.96532892769,108356.29503205956,81559.12388075875,79094.79935107224,72653.4959856863,84971.49765151711,82668.28449586446,111993.66146250504,78704.8284655605,4
129385.6879336462,146514.4332068483,103482.58656055768,179158.10545183485,92493.35139910596,70919.31354037685,84924.91661607225,119361.28817335227,103988.56299979247,82449.5056211359,81514.73331627052,72490.12708546246,82494.45497923554,82657.24273410354,109197.03354800148,74806.52777034376,4
129961.89355395957,148357.9603860331,90469.82562182256,179885.23005071047,90961.29577890584,68945.18511833968,86268.54703051414,123318.75393614221,104425.09256900461,83252.33557848162,81055.62848515851,71691.65571828553,82891.64547820634,81889.63912601938,111333.25682082854,75504.79626712755,4
130011.91675805055,148509.81813786246,97475.84581087182,182659.08153761405,93089.85240338474,70544.83241377263,85729.19943680757,120684.10911370625,108114.00212216403,81077.2873255357,79385.59554643578,73149.99528527205,84750.79652676542,83157.07244361311,110702.28942659969,78296.05976296184,4
129343.06315696993,146411.97281026517,99178.02055812128,177470.9287251149,91187.85306070485,69946.2079937706,85260.88568697998,121008.92466413077,101734.70249589712,83785.58114595189,82544.79110774888,71591.6987170814,81356.19239284901,81887.47100680722,109580.94711076583,73089.22089209806,4
130374.66321881572,149665.0233465461,89428.10021973851,183147.46715396253,92132.95187150859,69328.78575668165,86566.16050793654,123180.28487924158,108341.7216946747,81598.1053230888,79127.85758112164,72645.42700593793,84971.6541137283,82670.13969065425,112024.8421460202,78690.41159038682,4
129434.16886736976,146620.358123822,103503.28427592329,179505.60802288153,92543.35225145248,70965.58165139933,84968.88249741585,119529.95443701201,104108.83773670647,82445.48230713395,81506.08319116631,72526.35926322451,82570.7414830615,82700.51571136901,109271.12958087082,74902.64027150157,4
129976.3327808777,148413.63858147128,90612.49680668078,180118.29169014594,90968.33657840927,68975.89641522127,86266.42361479088,123406.126905218,104367.87210319903,83297.95548891491,81121.9014074685,71688.48177057288,82861.44827144723,81896.74698075617,111359.72128626362,75454.34837989192,4
130089.05262816581,148713.5989920615,97369.74207994249,183199.52436679893,93121.77069446692,70565.41837041598,85785.5481845794,120938.98605573011,108213.10975707887,81106.5904625166,79401.53234023241,73180.01367807551,84822.41151600023,83190.62241204052,110846.68169578096,78394.74271473203,4
129366.75600609256,146532.44871287927,99374.58179886125,177838.1231830267,91222.94529949967,69978.88624416426,85245.55239028364,121024.28031257157,101754.28262403997,83800.5791664814,82583.21375646755,71621.65005465152,81373.02325642387,81919.94809150077,109648.89641390997,73114.6571772882,4
130378.88769851778,149741.33220211652,89375.52891677963,183257.28127447146,92111.36008636476,69308.44566922732,86560.34905437817,123207.91163538834,108289.23979869364,81625.95559668013,79164.46973853942,72630.60779936406,84938.305311001,82657.33214108135,112057.45334118049,78653.75472948012,4
129419.8413991739,146664.07813597657,103490.34261588367,179513.87816832997,92557.18798127031,70958.76436934047,84947.78245065003,119449.26463952835,104178.86575208495,82409.29483286082,81470.45451050455,72543.57010645511,82597.2506519855,82712.09391499686,109287.8933892123,74957.37969367263,4
129916.22894003737,148323.53869957195,90725.35076443563,179795.39838974457,90940.0169181844,68963.15592088175,86215.39458219941,123239.40524332586,104266.37283162748,83307.49968379733,81146.46597462488,71660.51973825929,82789.47565430113,81867.91323040883,111287.45809643962,75355.44191067718,4
130028.34529022519,148610.55745012255,97165.96122574345,182729.6906983484,93089.60653419573,70521.78776523922,85761.16243137866,120787.75415274552,108213.6909024347,81058.31069449315,79335.05825222234,73146.6648753482,84792.4601784301,83148.60113246455,110760.40396218348,78373.3967987772,4
129337.65403481174,146411.23520269815,99539.78354213042,177511.78771397923,91240.80434331947,70015.45369809314,85230.30850056512,120957.8509280504,101754.55084497343,83785.13411106278,82579.05633199887,71627.39445297653,81364.35077957521,81920.28336766761,109570.53119784966,73096.7534299795,4
130330.58557874986,149633.39562814185,89273.22498240769,182937.74073573836,92066.12015558722,69276.03563976713,86535.96330117743,123129.34525362794,108247.75496098459,81655.41519587222,79188.20729115097,72606.9373019859,84911.93025254372,82637.59555072732,112038.36495141566,78611.06289757049,4
129367.89594505978,146537.50020712617,103413.22909751286,179153.791565155,92549.83425734453,70945.1968604561,84919.17221774724,119300.89375983403,104220.39529328291,82341.68080588352,81391.84342525524,72524.7722893682,82592.62384088324,82694.74896129954,109189.43395488667,74966.43215017703,4
129905.27658525427,148205.8791167592,90843.3903269041,179565.01895964373,90928.88574944565,68990.5368078395,86215.46163743277,123258.87361274644,104199.63052268393,83331.59486432016,81183.23459425385,71643.39830200652,82752.17059280523,81864.64987571834,111220.17934562915,75288.43138080018,4
130053.51335448187,148634.29500273408,96984.2415433218,182833.894530999,93084.08565331527,70516.26688435876,85791.71726604906,120882.033810858,108302.94141804475,81068.97247659833,79329.71618529751,73168.14490176975,84858.9789699291,83178.01602816774,110833.7623874858,78455.83003232838,4
129326.23229339509,146352.47246652516,99650.11175276182,177464.62553317854,91253.32132021444,70040.91233502774,85211.9130148784,120889.87927316182,101747.26417628101,83758.2226107386,82563.41011088016,71631.61893267858,81356.46061378249,81930.45341139477,109505.08529008452,73078.42499952615,4
130340.10742188782,149619.67165704627,89159.76752755255,182953.69988127946,92045.91417859962,69268.16782571886,86552.05655718525,123186.36455373342,108221.8939926498,81680.62796361781,79205.35107914818,72603.96451997335,84917.9428718022,82640.94831239562,112051.37366668865,78591.97450780566,4
129426.52457076605,146615.9101266754,103369.75495454729,179464.0114264502,92597.48817652324,70981.38433472924,84966.02147412556,119430.22095325244,104339.35127727405,82319.15024747256,81366.22832610946,72574.63903124798,82686.94820248464,82739.89948509926,109252.84585390639,75071.8653287727,4
129911.64683242403,148206.2367446705,90912.59132773774,179670.6980074284,90928.57282502328,69001.22094168913,86202.36351518196,123237.32653109153,104148.333269159,83358.61812336661,81230.73205122138,71659.84918592563,82746.47089796912,81876.36218981292,111225.36495034277,75249.74051114805,4
130051.79227015881,148655.39504949987,96744.96611892774,182863.15296449102,93066.9195135736,70478.47008448483,85792.43252187164,120856.12813903429,108350.72944769019,81045.23492398679,79287.06905687679,73173.68813439467,84894.71940931314,83177.59134502309,110845.5641085582,78492.55394846844,4
129313.08946765537,146313.40161721726,99745.5984050749,177427.96867227182,91269.50398320008,70056.87148056884,85187.41550295538,120819.09129847185,101754.59554846234,83732.94278775965,82558.96211373355,71641.8113281502,81366.56360227628,81939.81879232154,109470.86476932345,73080.16843559366,4
130359.53108781947,149622.95736348123,89074.54032594447,182955.77859351382,92030.89380632566,69264.90447102839,86569.42386262702,123288.601432872,108174.64240487128,81700.61042316085,79218.40449791009,72583.19974937437,84894.87587152433,82625.32444302135,112036.55446011478,78559.25155392308,4
129431.39725105731,146659.04899347413,103311.32749454111,179588.08595992162,92614.09552265353,70979.68560215064,84952.94570361922,119417.30164495728,104431.73103710783,82293.55750007123,81339.62975020763,72596.07435418062,82747.78965089198,82762.72061618813,109304.5007353426,75160.93703042711,4
129891.48555892534,148173.60319776574,91027.45694249356,179632.52122789875,90915.11707486119,69008.01587200354,86168.36651186545,123196.31108001604,104071.2644542771,83379.51700443233,81271.65809531906,71639.88907812705,82706.99771726105,81866.70623620824,111201.78385994243,75195.31401339937,4
130069.02546513385,148689.72732898322,96560.74304112709,182880.49791818834,93058.96229254751,70460.99102032078,85816.43829541664,120924.23390438962,108377.39507882537,81018.30107191815,79236.1070795187,73149.011808516,84902.9895547616,83160.24639132577,110848.04515219273,78526.28273085151,4
129315.14582814525,146303.70096012365,99856.19483663976,177432.30491069614,91287.83241365344,70073.65764065477,85172.32807544805,120751.74549242802,101779.22717085209,83722.16924693219,82556.36931137674,71653.38953177804,81389.78706476535,81962.41640596587,109468.92016755584,73113.38312785425,4
130345.44948881264,149585.54054326302,88929.03046954042,182765.9899313438,91992.53821284034,69227.35354034348,86564.39472012458,123221.41208903934,108124.1721658912,81711.11574305485,79216.32578567574,72554.90244089394,84871.07126367942,82610.72875389204,112003.5856370432,78528.54025704149,4
129424.95994865418,146629.8576152155,103180.52508598866,179410.52370196866,92624.73495301425,70968.21915724507,84958.17601182175,119329.83926890366,104509.60451479013,82234.79476389823,81260.32576088021,72601.8411042501,82784.20064260968,82777.42806403972,109249.26957479354,75227.83580158184,4
129853.33113114013,148044.47717004744,91073.41212909367,179240.78455457505,90893.03355133934,69002.71850856763,86139.10807837345,123067.7438459091,103978.88469444332,83368.51994616032,81265.66782780502,71609.87068532356,82647.81029794339,81849.85302088893,111072.92605315759,75113.23840775948,4
130062.31994179726,148671.08597410753,96333.89518665019,182751.30483523666,93045.88652204115,70435.24181070826,85825.33428970985,120922.87044797784,108444.49501568021,81005.69468804535,79197.05858195527,73156.20907023062,84950.39760475131,83169.94704841937,110856.40470461902,78586.09599901391,4
129283.1604818297,146221.40183703922,99984.94088470232,177267.17022266035,91301.55638474898,70099.4962572451,85139.22514190974,120664.59604079677,101771.6275777373,83683.92541216915,82521.25472083745,71655.75881669032,81375.43724482504,81959.77890012013,109391.49372476265,73090.36083106528,4
130327.70220371512,149547.74374338912,88896.84395752478,182714.51386386322,91964.66558750458,69219.99981641768,86556.39279560957,123278.16316821137,108073.21018853309,81738.07194686795,79234.98949229592,72533.64593191695,84843.04217613247,82584.35369543478,112003.00449168736,78474.4266837152,4
129413.2923380485,146638.23951938623,103187.72234770327,179534.0170900842,92636.60372932002,70973.33770672533,84946.26253202707,119338.95878064142,104585.62279768262,82208.10678101859,81216.04695511425,72615.47566836783,82820.43282037173,82773.7847296935,109284.00418567708,75277.25550857252,4
129820.04938364618,147981.53465766128,91263.84899185288,179217.27051940805,90871.30765572879,69007.79235455899,86099.65724940984,123026.77309832253,103887.77898404349,83401.42171399853,81306.79503760279,71588.27890017974,82587.95232629208,81817.9123780623,111051.78130290286,75024.18905784954,4
130036.1460490401,148664.22398855974,96190.84402213623,182751.81892535914,93014.37056235917,70388.4149060744,85809.08457149084,120903.37972681281,108473.3064142831,81013.20487418234,79182.48524457042,73139.93700026715,84956.92431413225,83148.04233885316,110893.84387658167,78604.4467812117,4
129238.74756559702,146140.5332255999,100159.88798855401,177151.5222968486,91298.18127133623,70095.8976263878,85094.70046695478,120551.11623419718,101752.38272576127,83674.04594111991,82517.0749446243,71637.67625542596,81344.12245084316,81945.87611506894,109330.71933158867,73055.0450748259,4
130319.29794779992,149510.0810539819,88884.03640795189,182650.38670902094,91930.55682546578,69197.75983068465,86560.66197880053,123349.57699174607,107999.44943183058,81771.48780482862,79259.15172805211,72488.27189067268,84793.4660069306,82549.32851187332,111977.65761347505,78404.13044740325,4
129432.17956211325,146700.95851432782,103215.05853117211,179775.17006101253,92662.59880812155,70976.28813699343,84957.01372111008,119424.96829330544,104682.204685474,82204.66461237248,81200.66895492899,72632.15006973149,82879.37437050037,82795.0859421594,109352.80285511052,75355.2407449771,4
129799.97751712531,147974.18093373548,91464.590008806,179332.73963126418,90860.77998409033,69005.24425569108,86065.72730132667,123022.19099070919,103805.25634351448,83445.92403720904,81359.74632021741,71568.83288250362,82545.52871531592,81808.6140523689,111063.67243095308,74947.25435343437,4
130047.03134858982,148736.107198728,96120.77130326883,183000.07975102423,93007.3074111113,70362.77745518416,85815.96890878308,121012.59035022145,108496.68633898335,81015.9764904948,79155.12670935711,73124.38018612626,84971.25178232811,83130.96560608932,110964.31892684924,78619.3106912745,4
129232.42202191617,146162.81791482188,100425.8066923388,177378.86188970352,91313.38045756584,70114.18135335224,85060.88227759389,120567.52241462737,101729.53924292795,83669.01679861746,82520.71827897053,71637.72095891487,81330.53259021432,81932.46506839574,109363.84461687144,73029.13940300219,4
130268.89476405321,149482.27548387952,88910.3891146647,182640.1496100604,91869.64832182507,69138.59476311145,86503.79914090624,123273.93868850931,107902.64402659464,81807.34000293494,79285.6608969761,72456.3983030794,84734.56916029086,82496.77956065889,112025.42329137604,78326.12285925423,4
129412.1971025702,146688.2180199883,103258.42091541541,179803.4897212374,92653.34518591705,70949.17547096914,84930.795124864,119390.9265865,104713.45242422253,82172.70161780139,81155.406672407,72626.00334000628,82884.62703044737,82763.8382034109,109380.13903857936,75379.91707085575,4
129775.25648775775,147900.88956366654,91690.00735163777,179236.69418533973,90831.81212327625,68996.72824105361,86040.51453358108,123014.54669410548,103685.42864148959,83468.56635434227,81401.32056490428,71534.8358791871,82466.87292657768,81756.28861859902,111035.66569515059,74851.38772146557,4
130065.33742729873,148785.10222257403,96001.99413323333,183128.64698513114,92985.98384690093,70322.07492853104,85841.29343525093,121118.58232242851,108529.54340333265,81033.99199652577,79159.57470650371,73120.24511340202,84989.84843371493,83108.18917848935,111052.00482034741,78668.19395639825,4
129241.6532923762,146184.14147903223,100590.02495885194,177511.02775466774,91335.15105666532,70116.70710047569,85056.88131533639,120549.9986469744,101744.04552507943,83677.8010341884,82547.00393044997,71657.18932833544,81343.85422990969,81937.82948706503,109407.81049821503,73064.99160110852,4
130293.61579342077,149516.65246685178,88850.19586684655,182699.44878810036,91852.54923731677,69106.85528598492,86530.66593774152,123339.22813406326,107840.32736305325,81842.58870394096,79330.58790333127,72439.99212264922,84706.47301751054,82475.32188598179,112054.30174521229,78304.01698398794,4
129469.59638233142,146788.1079659591,103175.09361208601,180041.42404096414,92691.90194510245,70946.00152325649,84977.04088414203,119473.73979970692,104811.06249225885,82145.52189654374,81126.21529414837,72656.96050607688,82951.10111845746,82787.55340427798,109442.94744049877,75491.072296032,4
129795.57422346763,147913.78652021725,91778.02852130277,179307.61627049642,90832.46032386545,68987.07228744893,86034.0101759446,122963.4729580251,103629.32576290677,83492.99681103192,81453.26601901843,71548.13516713801,82460.10034800772,81766.59277279291,111059.85028265123,74838.60252363712,4
130127.07294548428,148855.3314036526,95776.21916249028,183216.48934084052,92992.86818419317,70298.9408730198,85896.63635452227,121199.09330595653,108556.63371761248,80999.59266180905,79118.8721798506,73121.1615349247,85020.04564047404,83099.33788768505,111064.67825945358,78718.41832618932,4
129310.11668564282,146242.6136425273,100702.49893695104,177685.30430618578,91381.73209211018,70157.07435096196,85091.19124307529,120610.39306049266,101781.52940053098,83647.82734487383,82541.75127050297,71689.46524732892,81388.66947754259,81965.47859495624,109420.5286408101,73117.7640697675,4
130373.59033508187,149627.33830539446,88801.64787788963,182986.3334281842,91856.68431004099,69118.1652686793,86575.52588886331,123503.66991802097,107823.0494645893,81885.25818410613,79373.77147361892,72454.92308794535,84733.02688992345,82487.68240066558,112143.06052244431,78322.21130397455,4
129512.6681938968,146897.83267949018,103092.63802679039,180260.2029156927,92715.14775933597,70944.74982556699,84982.67352374477,119471.88460491713,104893.65218802121,82102.36067800054,81078.40491275846,72685.41427676848,83009.81915114155,82799.17631139474,109502.71600517226,75576.72418078473,4
129828.61010177257,147938.52990132928,91927.0476015863,179299.88256691486,90839.27760592433,69018.63295061981,86036.24535039012,122980.95202218916,103543.60682292067,83492.61683137617,81469.7839581709,71533.94180940889,82413.58636779623,81743.57047600395,111012.91161929509,74768.93213616993,4
130164.15448953563,148953.7014310004,95595.37119810238,183299.28020230297,92980.75353869838,70275.91857623083,85911.45556109614,121243.59562916704,108614.390625285,81009.0698014581,79105.3717261996,73137.27714267698,85066.44786196326,83106.82572207758,111145.18924298159,78782.1431496314,4
129315.90578745674,146258.61749155732,100808.06622601346,177626.04983163477,91399.65819116333,70170.59715635743,85068.50422245315,120530.21735313146,101796.63917978278,83626.28026321891,82533.61523552123,71703.9715294804,81391.23992815494,81972.63115318194,109391.82900092949,73129.36462513979,4
130366.01309371152,149600.78443298154,88700.43917899599,182716.8384452866,91821.43560903498,69088.057468898,86570.34028414969,123462.18508031192,107745.22069039592,81893.26010862114,79382.37689523422,72423.18361081881,84680.94732534258,82458.28985670685,112074.3512599887,78258.15120436564,4
129533.16474356232,146927.80636880474,102970.82101950896,180160.4694319331,92740.0923061481,70945.0403982449,85002.87950073236,119468.82241592676,104995.64319797078,82065.48029964928,81036.36128143803,72704.0109281553,83062.47986107825,82823.33854715092,109486.84626660899,75663.02426612667,4
129795.79774091218,147875.92266510997,92001.45655887802,179057.29908434142,90832.37091688764,69017.89534305279,85994.87227140335,122860.16319515267,103497.27165666482,83516.89082585464,81519.00249946148,71534.61236174255,82389.0441523843,81759.35080758939,110967.55992979526,74730.12950779551,4
130147.03305328287,148925.78410217573,95366.08700347984,183052.0028533939,92971.11993683815,70253.38801781989,85915.79179952048,121247.19426002435,108627.55580276917,80970.80361495062,79056.53316456475,73106.2082178841,85051.33808271147,83089.65958233591,111082.11262012871,78779.86327169696,4
129301.42185704969,146229.38140980978,100929.99499201715,177543.12485970557,91432.85053167946,70207.47753470868,85051.94157981177,120527.06575716326,101837.8334448139,83603.39207689668,82527.1779331181,71711.57112259521,81406.57322485128,81997.3521825495,109366.77269539508,73149.88352654976,4
130329.78091594946,149582.545409506,88666.59863789065,182640.57429320508,91795.0158470888,69070.01961112257,86538.55610353424,123458.58644945461,107707.49094575536,81933.35913817395,79430.7460702355,72401.97180533073,84658.61793263174,82456.43466191705,112111.38810055115,78223.72951790447,4
129514.38927821987,146934.42248516352,102931.37019054535,180134.27318743148,92756.61024530057,70946.20268895659,84991.2118901267,119480.62413699916,105058.7421725681,82017.53580779265,80983.1194261455,72689.75051519282,83075.24270716224,82820.43282037173,109480.38661246141,75697.24478688775,4
129801.40802877046,147885.84683964812,92225.48809355356,179166.95674263916,90845.93842577201,69051.82529113595,85993.26294580256,122973.30772558543,103450.53415900876,83556.54282051836,81580.84977636932,71523.21297207034,82364.70310267247,81765.16226114778,110992.57153184076,74688.42115264191,4
130194.39639978367,149067.94119691147,95266.95701682055,183441.3478900609,92982.0499398768,70243.32973281501,85956.67314012923,121456.1160154481,108697.15913500299,81007.12519969049,79078.39317064204,73112.93609296514,85102.4341705363,83106.62455637749,111220.87224970726,78852.59584815454,4
129293.64344997925,146283.9196662807,101084.46789794779,177744.2458563144,91454.75524124566,70204.72827014068,85017.34107939496,120449.43814866999,101866.13075329433,83604.15203620816,82538.35380534576,71725.56331462423,81425.14752449364,82017.73697349275,109419.7239780097,73183.16527404371,4
130318.85091291081,149563.23350229664,88639.35186139964,182513.6387364434,91766.2044484859,69035.75438687258,86528.38605980708,123433.91012357594,107605.11995615005,81943.46212666776,79444.53709656443,72350.94277273928,84587.7629027084,82417.6543852871,112060.22495749294,78143.03972042081,4
129523.26292076861,146961.91513084355,102854.9272245082,180146.03020501498,92774.91632400946,70928.45540385907,84993.1117884054,119467.1460350926,105148.88675795637,81985.9527928773,80940.2487802802,72698.80297169721,83121.24259725126,82836.97311126866,109509.82385990905,75786.76352343125,4
129773.5801069236,147802.96657120783,92370.97559821316,178942.0311381854,90834.67314656654,69043.08575905392,85953.81211683895,122864.16415741017,103364.39053587802,83559.51560253091,81601.77100917947,71492.61343391103,82305.24746242136,81747.86201093937,110926.99151360888,74621.12005008699,4
130177.14085306416,149036.00055408487,95072.20626738147,183243.4008411647,92954.62434943013,70193.55239791304,85948.1347737473,121400.66133745448,108717.87920211306,80993.51298731721,79048.84416447213,73090.87492118776,85106.12220837144,83091.20185270332,111221.02871191845,78879.90967987891,4
129286.75911268701,146206.73909267655,101226.4461787279,177549.58451385316,91472.63663680991,70226.81179366253,85004.24295714415,120395.19046487696,101867.44950621719,83563.53891653287,82499.55117697135,71715.19210519697,81407.69081207406,82010.51736003369,109340.82232008247,73178.4267042192,4
130318.40387802171,149520.1840424757,88633.49570435235,182415.96161317368,91735.67196555996,69020.91282855425,86525.97207140591,123468.62238271504,107550.55934793466,81982.26475504217,79473.0579224894,72326.78053698309,84561.2090302955,82400.48824554542,112073.03250706584,78103.00774610136,4
129549.95090364825,146996.98501789392,102831.07791317439,180282.1970322367,92793.58003062964,70933.12691845023,85012.0660677035,119531.7649283129,105235.67858167631,81960.44945245379,80897.10991348147,72709.15182938002,83172.383388565,82845.42207067276,109551.82278774057,75858.64673359951,4
129738.64433033996,147734.83845410807,92567.98387384223,178853.42882316458,90813.14841665607,69039.71064564117,85908.86275873933,122760.60852534874,103278.2245610028,83583.83430049829,81636.75148925204,71472.98860227926,82256.3641972976,81728.12542058533,110901.84580109666,74543.47008984924,4
130134.20315196553,148974.9132364885,94939.2133878724,183033.31679502927,92910.59141285317,70144.06563568898,85929.56047410495,121336.19890644538,108691.79471633372,80973.82110045209,78999.82678888163,73047.8925166002,85072.86281262194,83041.53627652364,111186.13763882371,78843.14106024994,4
129257.54538268392,146141.80727503388,101440.24061444291,177474.70616992787,91481.73379680322,70244.78259620459,84979.18665160974,120359.87470863757,101872.0986690639,83551.78189894938,82487.23536577648,71711.3252534062,81404.94154750605,81999.4532465283,109318.2470581826,73165.30623022393,4
130282.1046450263,149461.71187898063,88702.02615285233,182333.75189706706,91689.51561325975,68991.16265668425,86503.97795486188,123474.29972580669,107456.14557935543,82030.11983992098,79510.25122526303,72291.37537376587,84506.11198021317,82355.9859223349,112081.81674263677,78021.37917535058,4
129512.10940028542,146954.06966853974,102832.75429400854,180201.35077254186,92778.26908567776,70903.24263611349,84990.42957907077,119475.19266309652,105262.29950932259,81928.10647822697,80834.0779941175,72689.61640472608,83164.29205707218,82808.83226499942,109540.8033777241,75870.26964071627,4
129715.04088819516,147666.1515433969,92826.16887404548,178827.81372401878,90794.26119259134,69044.31510499897,85885.28166833898,122767.6269731077,103196.99832165222,83635.37742321222,81682.72902759661,71456.38125614898,82208.86674033008,81708.34412674238,110899.49886792885,74479.65585942935,4
130161.04759705636,149023.59533591216,94872.40402369548,183244.83135280985,92893.11234868913,70118.33877782093,85957.20958199615,121484.25686171734,108709.2067252644,81010.00857472523,79004.07362032814,73039.15298451818,85086.07269359502,83030.2486455737,111268.48146539707,78881.34019152405,4
129242.34619645432,146130.83256850633,101621.80383465336,177600.34532551115,91486.4947183722,70235.90895365583,84946.73191866063,120295.05464971717,101878.67008193376,83558.91210543062,82491.34808675625,71719.57304711021,81401.38762013766,82002.58249075204,109348.37720970837,73188.529692713,4
130275.53323215643,149436.49911123505,88744.82974348424,182344.52543789454,91651.87527559702,68960.76428422502,86498.14414955904,123503.06642092067,107361.95532822078,82073.7727968422,79548.4280047927,72254.4055884368,84448.91386615204,82324.60407311966,112087.98582410644,77960.38126473204,4
129484.81792030549,146951.47686618293,102776.20438053661,180228.6869560107,92767.40613787249,70862.49540597147,84965.9097154033,119393.74290630137,105329.33239094405,81915.52244609862,80807.59117693796,72697.99830889681,83199.49605458928,82817.32592789244,109594.29110220565,75942.51047879583,4
129663.56482071459,147543.1722454038,93015.21992864847,178565.58305806914,90770.3224742797,69033.36275021586,85844.24386551903,122659.8021578553,103071.60503525795,83627.66607137515,81697.79410335948,71412.14715387192,82116.129352585,81667.26162043354,110805.12980283855,74369.90879415379,4
130112.74547728844,148963.26797762729,94719.71925732128,183057.32256857428,92848.40885977852,70054.47984391211,85935.46133464115,121419.83913419714,108705.92101882948,81007.92986249088,78993.92592834544,73015.14721097317,85078.56250745803,83006.13111330642,111294.67770989868,78884.58119447008,4
129187.65147777219,146007.94267749105,101768.87831316929,177327.27406350066,91485.10891021597,70230.2316105642,84914.18777873371,120175.89750002594,101848.83050308592,83514.05215430883,82456.72523459498,71693.4215060975,81359.83572719524,81976.60976369499,109256.26567080805,73149.48119514956,4
130249.58285684382,149370.38265113626,88772.52355486435,182227.9610905601,91620.26990893722,68940.08892060387,86497.7641699033,123545.93706678595,107290.98853957518,82119.39270727547,79598.27239492803,72223.96251248867,84412.99461281236,82302.16292168653,112101.955664391,77905.97711872782,4
129521.89946435684,147024.7458845074,102775.04208982493,180526.4568956443,92797.67039986496,70875.50412124445,85010.1661694248,119565.18078627359,105422.44975834487,81910.40389661836,80791.34145871896,72714.89622770503,83259.06345356267,82832.81568679998,109678.71364101335,76034.21968629595,4
129666.11291958249,147568.85439978295,93232.21066382059,178815.92259596856,90769.11548007911,69044.02453232104,85833.7608973695,122701.64462347563,103016.26211598661,83675.31999055386,81762.41299657978,71411.11897362697,82097.93503259838,81667.82041404491,110860.09274245414,74342.17027928475,4
130148.53062016137,149061.6380049751,94601.99261927517,183360.76985129953,92839.15523757401,70031.79282328997,85969.16776527975,121547.44524329249,108722.21544053739,81024.73837432127,79000.00560283728,73002.04908872236,85091.83944366449,82992.40714221087,111376.17217018273,78919.6734332649,4
129221.89435027771,146090.86764942022,101925.8546144789,177662.39376811907,91516.37900070894,70254.77382597612,84923.10612477138,120225.876000628,101887.96840762717,83513.82863686427,82473.71256038101,71715.48267787488,81394.70444854551,81996.90514766039,109317.91178201578,73205.31585279893,4
130259.41762440416,149407.84417484334,88762.42056637057,182346.62650187334,91586.85405097653,68911.29987374543,86498.27826002578,123561.96326756041,107210.14227988033,82156.07191992665,79645.83690712892,72202.50483781158,84378.0141327398,82280.72759875389,112130.74471124944,77863.62056298502,4
129525.3192812585,147052.52910286537,102659.21535005754,180534.6599858594,92794.38469343004,70846.44685345255,85013.07189620398,119512.05068970332,105465.67803212143,81856.98322737018,80735.73031851415,72709.21888461338,83276.54251772673,82819.62815757134,109669.37061183104,76083.54998630882,4
129691.83977745054,147562.35004214646,93404.22968914863,178835.2121514335,90776.51390749382,69070.04196286702,85847.08253706487,122752.00310373344,102947.68696399772,83688.66398199368,81801.4614941432,71404.94989215731,82067.93899153937,81660.39963488575,110829.42614906147,74300.73014506462,4
130181.4323879996,149130.83900580872,94431.24764338108,183474.47317534368,92823.9560513444,70011.34097711337,85997.95681213819,121639.19915428152,108741.34853379114,81032.89676104746,78997.12222780255,73005.35714690175,85117.11926664344,82985.92513631882,111434.80079588901,78961.44884365187,4
129228.17519046966,146106.17859437212,102031.69012447479,177714.2498152554,91532.56166369459,70271.71644827323,84907.68342109722,120182.0665814956,101908.57671601496,83487.16300572909,82462.42492943107,71733.78875658379,81409.03191674137,82002.89541517443,109312.54736334652,73233.74727174608,4
130261.63044710523,149397.0706340159,88753.72573777745,182277.49255627306,91557.77443144018,68902.78385910796,86495.05960882422,123592.42869525298,107117.11431945734,82173.7968532797,79668.07689286195,72178.2308433331,84327.81211469318,82249.23399081636,112111.47750752897,77798.01819300868,4
129566.02180791162,147131.45311253704,102586.6615875556,180707.26015654329,92820.13390304254,70859.56732744782,85037.74822208265,119612.56648451883,105554.54856807573,81831.23401775766,80703.5438064985,72734.54341108125,83333.04772770974,82833.799163556,109723.61829562407,76170.65473445115,4
129668.03516960565,147517.60184974695,93548.68901356329,178724.7274785909,90766.36621551111,69072.38889603483,85804.41305689968,122645.92172454855,102870.75225958256,83697.06823790887,81840.2641225176,71400.3007293106,82026.25298813022,81651.48128884808,110800.97237836986,74241.81094668043,4
130195.22341432852,149151.64847989663,94252.61250169427,183432.31778530095,92805.1582342575,69979.84736917584,86011.27845183354,121683.83558795878,108750.19982459543,81025.6771475884,78980.42547469444,72999.0316032209,85127.26695862615,82976.96208679225,111456.4596362662,78980.11255027205,4
129223.52602762295,146088.61012323023,102110.61413414647,177647.19458188946,91550.44305925883,70280.3889251219,84888.19269993219,120115.61484522997,101927.79921624652,83450.61790354465,82443.02361524387,71748.51855617983,81420.00662326893,82015.16652288039,109291.22379913615,73256.65780981276,4
130263.99973201749,149356.85984574078,88712.33030704621,182104.95944082254,91531.13115204945,68891.54093164694,86497.1159693141,123603.42575352499,107026.58975441335,82181.57526035015,79687.8581867049,72151.56521219794,84276.4925094238,82227.12811555006,112068.42804770805,77731.58880848752,4
129587.8371105,147155.34712735977,102449.01954519983,180690.94338309093,92831.57799620366,70852.39241747766,85050.75693735563,119616.38863282069,105640.42397027303,81794.04071498403,80665.7917101135,72755.91167878053,83386.75896963585,82857.38025395635,109749.68042965895,76255.41254942567,4
129667.23050680525,147463.04124153152,93665.6556922979,178581.8998315215,90761.60529394214,69088.01276540909,85785.52583283494,122597.82077048073,102804.23346808356,83693.76017972949,81866.1250908524,71391.42708676185,81989.03733361213,81653.56000108243,110739.4380258844,74191.25130072252,4
130215.3846878272,149165.97594809247,94053.07847894174,183370.31404618194,92789.8025858167,69963.91057537921,86037.38528935735,121752.20957424755,108760.45927530043,81008.60041482454,78958.49841338377,72982.1783879016,85131.17851390583,82970.94946753376,111449.93292688525,78996.13875104651,4
129258.10417629531,146120.14843465667,102195.28254214318,177756.18168785356,91588.35161785503,70320.28678897463,84902.45311289467,120169.6613633229,101992.61927516692,83424.80163869877,82437.61449308568,71771.5855564577,81461.33499876679,82051.57751459807,109301.17032541876,73313.94533085173,4
130288.43018870715,149393.62846536978,88699.94744061798,182194.54523259943,91519.46354144378,68893.2173124811,86507.53188223028,123682.66268761906,106985.28373065994,82217.0027753118,79734.77449831659,72140.41169171473,84260.95804702736,82235.42061274298,112099.04993761182,77704.56554944105,4
129632.16061975487,147278.34877709733,102352.57176787517,180974.94464814005,92860.32233957319,70862.45070248254,85078.7860249026,119734.53995401144,105750.72982915996,81772.2477641401,80635.90742777675,72777.90579532455,83451.6013803007,82886.86220489291,109822.41300611652,76352.03914070597,4
129679.92629765587,147510.4716432657,93842.72621187285,178740.0831270317,90776.13392783809,69119.12639369088,85770.23723962752,122636.77986106633,102762.59216816333,83712.26742413848,81909.01808846214,71392.07528735105,81962.50581294368,81662.29953316445,110749.02692425573,74154.7061985381,4
130257.2942086809,149300.6452084357,93913.24596562934,183661.51257294568,92792.32833294015,69954.83576713035,86056.18310644425,121888.77873286948,108809.431947402,81034.90841804844,78969.38371293352,72991.27554789491,85161.33101717604,82984.04758978458,111553.3768002244,79048.5535917942,4
129271.40346424622,146195.47381347106,102329.28125015274,177954.68753036115,91620.04639149265,70344.60548694199,84878.78261551651,120161.83825276355,102031.69012447479,83415.0339263718,82435.31226340678,71794.00435614638,81472.04148436087,82073.32576195309,109323.96910476316,73347.6070580014,4
130219.36329834025,149341.5041973,88680.30025724176,181968.1444130116,91459.60556979246,68837.53911704292,86428.8984452365,123496.56206328417,106886.1313922562,82244.8083454142,79766.40221672085,72107.64403434325,84183.84452865655,82203.88230131654,112072.80898962129,77620.54534203355,4
129592.95565998026,147217.01559031196,102258.20270278487,180682.33796147563,92847.35832778912,70835.20392599153,85050.30990246653,119638.82978425382,105771.60635848122,81712.81447563345,80558.2127640501,72750.32374266669,83420.95713865246,82857.1567365118,109740.8514905991,76355.25779190753,4
129622.45996266128,147381.032691125,94020.86961518164,178404.02464914616,90751.05527055923,69113.15847792132,85719.45407622505,122506.7150600809,102684.22695210302,83729.70178481362,81933.24737945168,71372.13753129692,81901.10557092495,81648.10617543533,110683.20103683484,74085.57225293783,4
130220.27971986291,149219.24015512946,93778.30848435266,183370.87283979333,92750.08353591962,69916.86015330079,86050.03637671904,121863.29774419044,108784.3309383787,81034.14845873696,78950.49648886878,72958.86551843472,85125.52352255864,82952.62103708042,111523.2690004431,79026.82769618365,4
129239.52987665294,146113.487614809,102459.94954823847,177799.96875524148,91627.35541192954,70356.47426324777,84860.32007459641,120104.32721428004,102059.56274981056,83400.95232736497,82428.42792611456,71802.43096380604,81472.39911227216,82079.36073295603,109302.55613357498,73368.03655243356,4
130252.75680455647,149340.96775543306,88765.12512744965,182063.20638218004,91453.8835232119,68859.13090218675,86469.53391665625,123689.0999900222,106827.10043514972,82303.23580542038,79833.1445256644,72095.17176093718,84152.90971433041,82194.76278957877,112105.42018478159,77584.53668171605,4
129602.96924149625,147289.88227723626,102179.70337625784,180925.03320277133,92852.83450518067,70815.24381819295,85054.37791995739,119657.58289785183,105876.92777835463,81717.37423150233,80557.27399078298,72782.75612387135,83482.11151148219,82880.9613443567,109858.28755596728,76463.12731064884,4
129603.01394498516,147332.6188126348,94199.728274313,178342.31148270506,90744.7744303673,69120.44514661374,85691.5814508893,122434.67538770144,102599.7150063175,83734.37329940478,81962.14818503239,71352.42329268734,81835.6149596709,81626.04500365794,110630.22740247576,74016.3712521042,4
130220.05620241836,149232.49473959146,93616.1912818183,183376.61723811834,92724.80371294066,69876.22468188104,86057.90419076732,121884.04016304496,108791.05881345973,81043.15621175244,78943.94742774338,72945.00743687242,85125.9929091922,82938.96412121822,111561.95987009525,79045.37964408155,4
129193.97702145303,146030.2720702019,102516.83473787723,177587.20249977143,91624.15911247244,70335.77654788215,84813.96255659612,119913.59977884291,102056.99229919819,83347.68812032796,82378.47177725694,71790.76335320037,81448.72861489399,82063.31218043712,109233.3327809969,73360.23579361866,4
130229.35452811177,149236.16042568212,88742.3934033386,181780.63562877604,91420.6241274624,68837.42735832064,86462.96250378639,123645.64819880108,106725.62351532263,82308.98020374539,79832.16104890837,72055.05037963991,84088.22376587674,82155.0437396817,112032.26292517936,77496.71667775114,4
129612.26756718966,147259.3050908214,102057.32757536502,180849.14903034558,92864.8150402087,70807.55481810031,85076.5284987126,119660.6897903311,105943.26775589798,81669.00505650105,80490.73284753953,72784.36544947213,83519.88595961165,82881.05075133452,109847.49166339537,76519.14078225385,4
129603.05864847406,147273.7219659951,94339.40432541423,178299.99963045117,90754.89977060554,69141.67930384628,85686.90993629814,122420.92906486143,102557.24669185242,83741.95054077513,81985.19283356582,71352.9373828098,81824.70730837672,81633.37637583929,110609.39557664342,73983.33537379926,4
130239.07753694983,149249.2361961885,93440.90890179979,183431.4460672672,92711.43736975639,69857.00218164947,86083.318124213,121947.22854462011,108806.97325551191,81039.60228438405,78921.9309594549,72933.51864022239,85145.77420303515,82930.33634785848,111591.77709719863,79064.13275767956,4
129229.49394339252,146072.89684687817,102619.60805888273,177805.35552565524,91667.633255438,70377.59666175803,84833.90031265025,119978.6210034634,102109.38478820144,83325.00109970583,82377.06361735627,71811.97515868845,81498.70711549606,82086.89327083746,109265.04990637898,73415.10932625644,4
130205.01347839994,149209.00305616893,88724.48965602991,181728.39960198398,91390.0245893031,68819.83653543431,86437.05683196269,123593.21100630892,106636.32829622368,82323.4864858969,79861.35242716699,72024.42848973615,84046.67187293433,82133.27314058223,112015.47676509342,77437.21633401113,4
129627.75732609718,147309.28359142347,101956.72237357168,180975.2128690735,92875.14154614706,70810.12526871268,85090.92302214183,119719.34076778183,106018.10139633434,81641.75828001002,80452.71253022105,72792.72500189842,83570.24443986946,82888.13625432686,109885.57903594722,76596.92485295831,4
129612.20051195628,147283.75789925552,94523.47094100367,178436.23351290627,90759.79480264125,69176.74919089666,85680.11500598372,122463.19621362642,102510.6433046631,83766.0680730424,82032.95851146682,71354.68081887733,81810.60335762541,81635.9244747072,110619.07388199258,73965.16340555709,4
130230.00272870097,149272.41495518864,93258.3622048333,183444.05245113999,92673.86408732702,69823.31810275532,86082.35699920142,121937.5278875265,108793.78572628328,81037.50122040525,78905.21185460233,72915.4584307025,85132.02788019514,82909.63863249286,111607.66918750636,79077.61085958612,4
129239.44046967513,146075.2661317904,102681.27652183492,177823.54984564186,91683.68180795692,70403.3235196261,84837.40953652973,119956.87275610838,102143.69471594034,83295.02741039127,82345.30178848527,71824.26861813887,81507.51370281146,82098.29266050967,109231.4328827182,73458.27054479964,4
130237.62467356023,149232.15946342464,88724.44495254099,181803.07678020917,91372.94785653923,68830.76653847296,86466.89641081053,123697.97363257095,106581.03008044125,82363.65257068307,79901.51851195318,72021.5004112125,84022.50963717814,82133.18373360441,112021.42232911853,77417.1221157458,4
129671.6114487185,147414.0015141966,101813.20182242416,181233.10729659884,92890.72071203242,70812.47220188049,85127.22225513724,119798.39888792025,106124.36158947488,81621.8652274448,80415.56393093633,72828.26427558235,83634.5951121563,82921.32859484298,109955.53999609232,76714.74089798224,4
129639.42493670285,147318.1795857167,94669.85251544148,178564.73369177984,90777.07270110521,69212.37787155842,85682.14901472915,122492.70051630742,102463.4364203735,83769.08555854387,82053.27624717668,71364.58264167102,81785.56940383547,81648.77672776899,110595.6492538034,73947.25965824838,4
130272.58280188833,149379.39040415172,93097.13907207717,183665.8935148589,92673.30529371563,69813.9303700841,86109.35790650343,122054.09223486093,108818.4844039064,81053.86269734654,78908.0728778926,72926.50019246343,85160.9510375203,82920.70274599823,111676.98194706226,79127.38819448807,4
129267.04487407743,146155.77711531843,102789.8612963988,178062.93702875817,91726.82067475565,70439.95802878834,84833.54268473896,119996.36828856092,102191.19217290786,83270.97693335735,82326.81689582072,71856.92451678807,81538.18029620413,82121.00203287626,109265.11696161235,73510.26070240268,4
130226.40409784367,149255.7852573139,88761.59355182572,181847.84732435315,91351.13255395085,68818.16015460016,86436.52039009576,123683.19912948599,106498.99917829028,82405.47268455896,79941.57283801709,72007.73173662803,83982.58942158097,82118.09630609707,112049.16084398757,77365.17666163167,4
129666.04586434911,147454.3017094495,101731.57325167338,181235.14130534427,92901.58365983769,70797.31771913978,85123.06483066855,119778.93051849968,106171.8143429535,81591.33274451885,80361.62917156568,72828.0407581378,83650.19662978609,82912.0749726385,109967.16290320909,76758.5726688591,4
129579.05287492907,147219.38487522423,94854.25440719778,178273.91514467183,90765.29333177725,69203.37011854292,85632.43873506055,122331.79030797367,102376.57754142018,83778.45093947064,82068.90011655094,71345.00251352818,81718.60357744737,81628.01195717,110526.47060471424,73867.19570960948,4
130251.92979001162,149359.4526480976,92975.32206479575,183498.4118936553,92653.3675376615,69775.8653492767,86126.94872938975,122090.07854343398,108812.00239801436,81071.52057546623,78898.48397952128,72908.99877655492,85143.0472902116,82904.16245510131,111683.37454597648,79121.46498220743,4
129200.90606223418,146074.79674515687,102873.38976542828,177796.21366217302,91730.88869224653,70418.20978143332,84794.24831798654,119834.67576917121,102212.56044060714,83241.87496207654,82298.72075304041,71855.91868828758,81517.01319420495,82122.1866753324,109212.36684469783,73510.05953670258,4
130138.67350085659,149115.12572945663,88774.91519152108,181408.076752195,91307.39019005182,68772.60729940025,86390.56520349566,123544.59596211863,106398.97512185278,82427.62326331416,79964.17045166141,71964.32464889582,83892.46718793717,82087.13914002647,111974.90834890705,77260.95047723658,4
129596.6884013043,147360.69260367067,101615.29947701687,180903.4414176275,92893.89465974506,70759.38680879913,85094.8345774215,119680.71695336307,106227.38077966939,81553.11126150028,80309.92958664056,72812.81922016373,83641.61355991526,82905.4141527908,109925.25338235538,76779.20332899134,4
129472.30094341052,147021.28136411685,95025.84874938116,177795.05137146133,90736.30311921873,69186.24868229017,85550.31842593175,122126.02014851812,102291.57385725665,83771.70071264515,82084.30046848065,71310.84904800047,81632.90698920572,81602.5086167465,110416.29885629403,73765.1152926821,4
130170.90471636114,149203.39276831064,92849.21352257891,183081.6189147972,92601.5561940141,69730.58071501026,86088.30256322653,122014.93197857523,108765.84604571415,81058.5342119377,78868.06325531761,72856.15925266258,85078.65191443586,82855.07802427746,111616.85575447748,79054.43210058595,4
129154.72735818951,145968.24597933842,103026.20864226922,177678.86700378265,91742.57865459665,70436.56056363112,84764.67696007216,119799.04708850945,102250.42429571442,83229.17917122593,82294.76449427182,71860.16551973409,81523.96458673055,82126.25469282326,109211.18220224169,73528.2538566892,4
130105.6599742961,149025.9646208244,88885.71278878604,181355.37133876936,91274.53312570252,68770.52858716591,86376.32714227762,123581.29752651424,106305.67894049632,82477.62411566068,80021.12269653354,71938.30721834984,83831.26811161854,82056.62900884498,111976.5847297412,77182.74172338746,4
129581.64567728588,147351.32722274392,101557.94490074455,181019.73754402847,92886.69739803046,70743.82999465824,85097.74030420069,119721.46418350509,106280.80144891757,81542.53888637292,80284.60506017269,72813.75799343086,83657.50565022299,82892.561899729,109969.48748463244,76827.19252433689,4
129494.04919076554,147039.98977422592,95289.75579616497,178113.3849159938,90759.03484332978,69228.38172058841,85565.45055692799,122262.94693505132,102263.63417668751,83823.60146327037,82160.34110311761,71323.25426617316,81619.63005299927,81612.94688140713,110471.21709242072,73755.95107745542,4
130170.81530938332,149270.9844435435,92722.2332623283,183369.46467989264,92575.60581870149,69688.31356624527,86094.65045865184,122072.84534845894,108771.54574055025,81100.19786360239,78909.9727761713,72857.67917128553,85078.56250745803,82850.02653003056,111718.64559872694,79083.84699628914,4
129160.18118383661,146002.17592742157,103106.00436997466,177883.69838997108,91766.24915197481,70443.22138347881,84764.83342228335,119799.09179199838,102283.70604320837,83205.50867384775,82288.72952326889,71873.8671390852,81527.18323793211,82133.5860650046,109213.88676332078,73561.9155838389,4
130111.38202087666,149029.78676912628,88907.30457392985,181459.9327993313,91249.65563412376,68750.56847936731,86376.99769461129,123614.40046005255,106228.16309072533,82512.96222364453,80079.7960257287,71926.75136646646,83791.68317218819,82046.59307558455,111993.66146250504,77130.86332450669,4
129634.1946285003,147457.92269205127,101412.8373757407,181353.2032195572,92907.35040990716,70732.02827358583,85139.51571458766,119826.49503070058,106377.94213032033,81518.82368550583,80259.88403080511,72846.5480025468,83731.53462785896,82919.24988260864,110056.45812230803,76928.3565197416,4
129478.73824581364,146991.8441166692,95403.5708789314,178063.8310985364,90749.62475891408,69219.84335420649,85531.98999547839,122121.54979962706,102185.44777458285,83800.46740775912,82163.89503048599,71320.90733300535,81586.3036020164,81599.87111090079,110415.29302779354,73698.55179769419,4
130194.79873118387,149272.92904531112,92526.40962915536,183344.00604295803,92551.8906178344,69655.83648155171,86116.21989205122,122093.49836033564,108759.07346714419,81088.99963963027,78881.34019152405,72849.99017119291,85099.81901643504,82836.14609672381,111721.48427027278,79089.63609810306,4
129140.66811092713,145937.66879292356,103108.66422756485,177719.92715834704,91772.37352995557,70434.9288862859,84736.06672716937,119646.67524655763,102302.74972948429,83134.78775439117,82216.1534090225,71878.73981937645,81549.53498238743,82128.35575680206,109150.02782941196,73580.80280790363,4
130112.72312554397,148968.3194718742,88920.26858571394,181312.47834115964,91227.70622106866,68751.35079042325,86381.98213362481,123633.31003586174,106138.17496754826,82522.81934294931,80081.09242690713,71902.41031675463,83762.6259043963,82020.86621771648,111941.53719443527,77065.41741674155,4
129611.01586950016,147434.52041560656,101249.2449580723,181249.66993924024,92895.01224696783,70701.92047380454,85127.37871734843,119752.26488736451,106432.99447691375,81472.82379541681,80185.89975665805,72847.41972058055,83771.49954694505,82909.07983888147,110053.9770786735,76980.54784304474,4
129438.68391974973,146896.13394691158,95565.91159891029,177854.84228787926,90745.10970653412,69236.11542416996,85504.2291288649,122044.57039172297,102111.03881729112,83783.50243371754,82153.30030361417,71301.86364672943,81541.10837472777,81578.81576762388,110323.47206157114,73627.54030555968,4
130236.84236250429,149338.1514356317,92434.1192762994,183530.48664694867,92556.38331846993,69667.45938866847,86173.90974449036,122330.18098237288,108772.1268859061,81117.56516904416,78884.38002876999,72847.75499674738,85118.21450212176,82832.5474658665,111782.23631170229,79111.49610418035,4
129195.04990518688,146091.11351860923,103242.46176987431,178275.70328422825,91825.41421954802,70476.86075888405,84762.12886120426,119811.85463808235,102416.60951573963,83167.51070827374,82252.67615946247,71937.70372124955,81636.68443401867,82185.71033307437,109303.6513690533,73697.43421047142,4
130102.17310216108,149012.95590555144,88971.9011154057,181461.56447667655,91204.86273823533,68734.00583672593,86357.10464204606,123620.0778031442,106036.00514364305,82563.90184925817,80132.14381124303,71870.44732218354,83694.6095460188,81998.89445291692,111950.12026430611,76991.00845944983,4
129632.27237847715,147532.51046329862,101139.85552070804,181451.26032248265,92910.70317157546,70690.09640098768,85137.7946302646,119804.16563798972,106507.5375446722,81462.51964122291,80162.34101800216,72846.52565080233,83800.35564903685,82923.04967916604,110103.32973043082,77050.66526540104,4
129476.61483009039,146962.8315523662,95791.59716267552,178090.49672967158,90776.24568656036,69280.57304389156,85509.57119578973,122153.84807036497,102082.47328787725,83811.53152126451,82205.82690308415,71296.78980073807,81519.69540353959,81598.01591611099,110340.45938735717,73611.40234606294,4
130228.37105135573,149413.25329700153,92295.69492288768,183664.57476193606,92527.48251288921,69621.34773985717,86149.90397094536,122324.36952881451,108768.14827539305,81143.13556470104,78908.49756103725,72822.34106330169,85112.47010379673,82831.87691353285,111861.78617021874,79127.09762181016,4
129155.12968958971,146062.50328570645,103300.91158162494,178114.8377793834,91833.1255713851,70468.4341512244,84717.33596531583,119669.2505084575,102409.03227436928,83103.5623673871,82201.98240303784,71901.4715434875,81596.25012829901,82169.61707706655,109226.22492626011,73684.6937161319,4
130079.70959898349,148971.78399226477,89039.53749412746,181292.42882638323,91183.69563623615,68729.31197039032,86340.36318544904,123623.20704736795,105951.1579216907,82592.42267518314,80178.07664609869,71830.90708624209,83634.72922262302,81982.17534806435,111924.43810992697,76923.5061911948,4
129628.78550634212,147564.67462356982,101032.9471269783,181457.49645918567,92917.96748852343,70677.9817554929,85142.86847625596,119838.29675177298,106574.61512978259,81437.06100428832,80134.08841301066,72839.77542397684,83826.4848383051,82927.00593793463,110143.18289079463,77114.45714407648,4
129421.6965939637,146890.38954858657,95951.72505995334,177904.17258789213,90768.53433472328,69277.22028222326,85454.4741457074,122013.72498437465,102024.20229008226,83808.64814622977,82229.38564174005,71275.73445746118,81474.38841752868,81588.94110786213,110299.60039849287,73565.0671798071,4
130221.01732742994,149385.58183736587,92165.8536393468,183503.28457394656,92502.60502131046,69598.34779481265,86163.76205250765,122363.77565428922,108731.35730401962,81137.99466347632,78894.3265550526,72784.38780121658,85080.21653654773,82800.18213989522,111826.7386349128,79101.32606045318,4
129177.25791660046,146081.6363789602,103374.87350402755,178210.30207995203,91864.55212408926,70497.4914190163,84731.50697130049,119717.23970380303,102481.87660954913,83086.10565496751,82187.96785926436,71928.89713393417,81655.10227144984,82198.04849601371,109259.81959817644,73758.56623155669,4
130055.14503182711,148935.35064880262,89067.96891307461,181247.21124735015,91149.1621910527,68707.5637230353,86310.4789031123,123558.23052623637,105883.45448773558,82627.6490244447,80224.09888793217,71820.58058030374,83620.75938233845,81977.28031602864,111943.0794648027,76885.75409480979,4
129619.55423588208,147541.69703026974,100866.47133427518,181345.8494956314,92908.55740410775,70652.29960111376,85145.37187163495,119801.90811179974,106602.66656907399,81375.99603843642,80055.07499636115,72816.93194114351,83840.40997510076,82901.39083878885,110095.43956463809,77141.2568856784,4
129409.31372753547,146816.0029430393,96116.59152705569,177776.63353403014,90773.83169815919,69296.77805862165,85439.00673854433,121963.67942853921,101981.0187197946,83802.97080313812,82240.3603482676,71271.06294287002,81465.67123719111,81585.18601479364,110253.33228747039,73535.94285678182,4
130187.19913806906,149324.4051127917,91991.57708782877,183292.90995513322,92464.04826212506,69552.23614600136,86152.67558725782,122296.40749650092,108706.50216418531,81135.62537856404,78884.24591830325,72754.65998109103,85071.34289399897,82773.1365291043,111812.70173939488,79087.5126823798,4
129149.54175347589,146016.52574736188,103425.74607440783,178068.79318580547,91881.87472604212,70505.26982608675,84714.07261062534,119639.16506042065,102528.9046798831,83043.27971259115,82144.69488199889,71930.26059034593,81672.87190829181,82196.26035645728,109213.68559762069,73789.63515634957,4
130018.97990929842,148832.86790047502,89140.14269592079,181012.11559916922,91123.83766458485,68704.92621718958,86295.92791747188,123543.18780221794,105771.82987592577,82641.86473391828,80243.00846374137,71774.46893149245,83545.59046573525,81931.95097827328,111867.06118191019,76781.39379994795,4
129623.21992197275,147561.74654504616,100784.79806003548,181430.54025537256,92921.25319495836,70654.91475521502,85166.74013933423,119882.93318545022,106680.71886071192,81366.6083057652,80028.56582743715,72824.44212728049,83885.91812681177,82905.34709755745,110148.56966120836,77205.36168877622,4
129372.67921837322,146771.9923582068,96346.61332924526,177800.88517676416,90776.29039004927,69318.95098912132,85406.23908117284,121921.65814896324,101934.21416690519,83825.00962317105,82280.07939816469,71266.1232073454,81437.39628045516,81581.49797695852,110252.46056943663,73488.57951028104,4
130168.33426574878,149342.3535635893,91933.21668305597,183396.0856075389,92436.35445074493,69531.24785795783,86151.24507561268,122366.59197409058,108680.17180921696,81170.69526561443,78906.50825578073,72732.55410582473,85059.11648978193,82751.27652302702,111868.22347262186,79062.92576347897,4
129170.57474500833,146071.95807361105,103606.54933530682,178354.76140436667,91922.80077013979,70548.36398939657,84732.02106142296,119769.25221315054,102561.6052820212,83032.30500606359,82134.59189350509,71935.11091889274,81687.82522533242,82199.90369080349,109244.24043229109,73808.23180773637,4
130025.19369425699,148884.50043016678,89313.4804741717,181300.65426834277,91115.94749879211,68710.5141533034,86287.3671993455,123635.70167251847,105696.10216571119,82722.6215866353,80332.10251714021,71765.75175115488,83520.4671049675,81928.37469916043,111960.53617722228,76728.86720047798,4
129682.87672792397,147724.60135514755,100782.94286524568,181944.65272958908,92954.71375640796,70662.87197624112,85206.34743050903,120081.95311808029,106759.17348375006,81395.15148343462,80038.78057465322,72846.16802289106,83941.8198396945,82921.97679543219,110288.3351192874,77284.12923623672,4
129371.96396255064,146820.0039052968,96604.3959980483,178049.59303731838,90789.29910532226,69325.67886420237,85371.01273191128,121892.6232329158,101879.83237264543,83861.46531837765,82331.68957611198,71269.85594866943,81411.02122199789,81581.09564555832,110298.4828112701,73451.92264937433,4
130219.76562974045,149451.29596606447,91891.32951394672,183687.4182447694,92433.69459315475,69518.55206710722,86181.86696551646,122529.60324640313,108651.85214899208,81215.0634783582,78933.46445959383,72720.39475684104,85051.20397224474,82736.32320598641,111947.9744968384,79056.35435060911,4
129116.05884028184,146051.64033790116,103647.8106555713,178270.13769985887,91911.42373221205,70506.1415441205,84660.1378512547,119519.71733805149,102578.90553222962,83006.19816853979,82114.31886128413,71940.85531721775,81688.36166719934,82196.01448726827,109255.05867660746,73827.9236946015,4
129996.27053693183,148791.13719357696,89378.68051274783,180987.1263488682,91077.50249832899,68694.53265601787,86266.9600566578,123574.77081713329,105566.50675135932,82733.59629316286,80354.27544763988,71716.55556160875,83432.35652832467,81882.7324369827,111871.7103447569,76613.26397815514,4
129685.26836458068,147710.11742474049,100639.9587559651,181808.93293725647,92944.96839582545,70644.81176672122,85221.30074754963,120100.25919678918,106809.44255703004,81363.81433770827,79994.34530667607,72838.5460780318,83961.4670230707,82912.49965578315,110288.7374506876,77326.41873674617,4
129372.52275616203,146785.78338453572,96783.83580253551,178010.47748452157,90793.63534374659,69351.87510870399,85361.58029575113,121892.24325326005,101854.57490141093,83877.33505694092,82364.85956488366,71276.60617549493,81403.57809109427,81594.93137537615,110295.04064262398,73435.56117243304,4
130207.09219063428,149437.63905020227,91732.54272133621,183575.05602539255,92398.62470610437,69483.81745622367,86182.76103529466,122522.74126085536,108617.96690439784,81223.49008601786,78931.51985782622,72693.12562860556,85028.58400685598,82716.13958074327,111953.92006086351,79030.62749274106,4
129188.36673359475,146143.3942488902,103729.01454317744,178547.36638633805,91970.4099858296,70563.652582604,84716.95598566008,119721.01714861598,102669.40774552916,82996.67632540183,82102.56184370063,71974.09236122279,81747.16910686126,82236.09116507664,109297.81756375046,73904.81369552776,4
129982.54656583627,148805.93404840637,89420.858254535,181050.2253234655,91051.17214336064,68673.6114232077,86235.84642837601,123523.13828744153,105500.23382904934,82787.0393141555,80413.10523904626,71711.41466038402,83403.63453669961,81888.96857368572,111911.33998767615,76565.69946595424,4
129688.68818148234,147753.30099502814,100458.64140494364,181834.03394627976,92942.80027661327,70619.01785361981,85223.04418361714,120088.79275188361,106864.94193851257,81335.02529084985,79945.28322759668,72834.43335705201,83982.18709018077,82912.99139416116,110297.61109323635,77365.86956570979,4
129355.35661642035,146733.07797111012,96936.25234797626,177876.4340730231,90800.54203278328,69371.0752571911,85333.61826343754,121811.24053135402,101810.31844738942,83865.42157714625,82374.2920010438,71267.95605039073,81363.54611677481,81590.43867474064,110229.79590055895,73378.98890721666,4
130226.0911734213,149452.43590503169,91608.44583612036,183574.58663875898,92378.57519132795,69473.6027090076,86202.83290181553,122613.82461951073,108609.27207580472,81249.44046133048,78945.3779393885,72683.17910232296,85020.7161928077,82706.9753655166,111984.51959902282,79017.97640537935,4
129170.46298628605,146120.05902767886,103736.25650838096,178491.30821124415,91975.48383182095,70561.88679479204,84685.32826725583,119619.89785670018,102724.08011246684,82954.36447314793,82072.45404391934,71985.75997182846,81761.78714773503,82240.74032792334,109290.21797063565,73939.63771338914,4
129975.46106284394,148740.5551958746,89476.20117380633,180903.68728681654,91024.66297443665,68679.5569872328,86224.75996312618,123525.82049677617,105405.82006047011,82805.0995236754,80444.93412315061,71683.40792458152,83341.67550106949,81859.4195675158,111864.06604815318,76481.299278891,4
129688.79994020463,147755.60322470704,100285.9741790264,181810.4528558794,92930.75268635186,70597.60488243162,85222.10541035002,120068.60912664047,106937.51805275894,81312.07004929424,79906.52530271118,72840.80360422177,84017.0334597866,82911.15855111582,110335.29613438799,77427.06864202842,4
129308.59676701984,146610.41159753938,97057.1082302461,177581.1228252796,90783.17472734151,69368.70597227884,85282.05278897916,121632.44892745602,101750.03579259347,83841.03582394551,82373.86731789914,71250.09700657094,81307.21972074744,81569.49509018601,110135.35978023527,73315.46524947468,4
130203.40415279915,149382.005558253,91429.20719733325,183324.5600252819,92336.44215302971,69431.67083640944,86193.17694821084,122567.02006662132,108585.89215110448,81253.48612707689,78932.50333458226,72659.3521427336,84999.72790476416,82685.54004258395,111960.64793594455,78994.30590800117,4
129148.15594531965,146051.81915185682,103738.98342120451,178326.8887790309,91989.29720989433,70562.75851282579,84664.11646176773,119532.94957076902,102777.52313345947,82907.44816153625,82029.04695618713,71995.52768415543,81780.02617121056,82248.02699661578,109244.37454275783,73969.2090713035,4
129967.54854530675,148668.00143337267,89531.0300029552,180765.44174736046,91011.96718358604,68684.45201926852,86219.52965492364,123545.28886619674,105325.53259438666,82828.546503609,80476.74065551051,71665.414770295,83292.18873884545,81848.17664005478,111817.50736445277,76399.9836325626,4
129710.95051895983,147794.80818448166,100133.57998533011,181933.32039515025,92946.73418363741,70586.40665845951,85241.3726140705,120142.3028281096,107027.30501023591,81298.70370610997,79876.1045785075,72861.27780214284,84071.90699242437,82932.5268188151,110388.96267282519,77495.95671843967,4
129294.15754010172,146579.96852159125,97207.55782217477,177623.34527055567,90799.33503858269,69381.8264462741,85253.08492816507,121575.45197909499,101732.78024587396,83845.8414490034,82397.18018736603,71261.98813462116,81302.43644743401,81582.95084034812,110117.50073641549,73287.68203111674,4
130170.16710879412,149325.03096163642,91255.22121849314,183155.91611336663,92299.74058863409,69384.57571084211,86175.3402561355,122502.06589723419,108533.5667173346,81245.50655430634,78905.27890983569,72621.0412527372,84956.7007966877,82647.89970492122,111906.0649759847,78929.03881419168,4
129151.01696860994,146023.90182303212,103740.41393284964,178297.1833106498,92016.70044859654,70575.83428333215,84668.92208682562,119516.11870719418,102841.15854992373,82865.44923370473,81980.8565951415,72005.80948660488,81811.43037217026,82257.03474963126,109207.20359172864,74001.14971413014,4
129992.60485084116,148663.01699435915,89600.43216948894,180857.91091417207,91013.71061965355,68703.24983635543,86239.71328016679,123641.08844293219,105280.76205024267,82874.4122832313,80525.33334795634,71662.77726444928,83284.96912538637,81851.3729395119,111826.20219304589,76357.53766984197,4
129752.27889445769,147891.34536878412,99970.16638161735,182239.2263697656,92962.06748033375,70580.30463222321,85274.0285127197,120260.09652138907,107126.97143876214,81294.85920606366,79854.49044161921,72886.93760477753,84144.03607178165,82952.68809231378,110471.1276854429,77579.99927759162,4
129313.24592986655,146626.23663261376,97368.19980957506,177881.15029110317,90822.75966677186,69411.19663848837,85239.0703843916,121602.54229337482,101734.38957147475,83856.36912064184,82431.24424591592,71282.7752569646,81314.66285165105,81606.30841330391,110137.66200991417,73285.044525271,4
130191.71419044903,149403.12795676326,91120.39549593872,183365.24020019057,92282.41798668123,69363.60977454303,86181.2411166717,122577.8830144266,108527.04000795365,81270.49580460737,78926.06603217912,72614.44748812288,84958.89126764433,82647.98911189903,111958.7256859214,78928.05533743565,4
129171.80409095337,146085.86085866223,103771.16993322015,178479.01475179373,92049.06577456782,70596.28612950875,84666.39633970217,119531.54141086835,102904.01165533205,82830.31229142098,81950.68174012682,72023.4003094912,81839.63827367286,82275.74315974035,109211.09279526387,74048.73657807548,4
129965.49218481687,148639.57001442552,89659.12785042857,180803.1267885121,90986.5308983959,68689.19058909305,86198.7425325802,123576.49190145635,105198.84290681398,82908.565748759,80570.8638514118,71645.49936598532,83233.76127883927,81843.63923593036,111811.80766961667,76285.72151490707,4
129720.02532720868,147879.94597911192,99787.23970499513,182106.45700770104,92944.63311965861,70541.77022478226,85248.23459961827,120168.70023831133,107168.67979391573,81256.90594397855,79797.96287989174,72869.97263073595,84143.32081595909,82943.56858057601,110452.39692358935,77603.60271973643,4
129289.4189702772,146538.17075945984,97544.5774250719,177656.11292792714,90832.72854479893,69439.80687139116,85212.89649163443,121538.07986236572,101682.17589642714,83832.16218139675,82418.83902774323,71258.43420725277,81255.76600501133,81593.2102910531,110035.4698342645,73215.44119303719,4
130168.37896923769,149360.63729055374,90994.64458163317,183214.43298035063,92246.7222507861,69333.50197476173,86165.81841299754,122562.84029040817,108512.9137054579,81291.10411299516,78929.84347699207,72592.96746170134,84939.75817439058,82637.75201293851,111974.50601750685,78902.50729352323,4
129107.78869483338,145992.25175288343,103762.1398284602,178222.14850451334,92036.5264459284,70575.54371065422,84608.43826632957,119335.00252187283,102952.67140301126,82778.61270649586,81894.24358537717,72018.88525711122,81837.78307888306,82274.49146205085,109161.00253593952,74058.63840086918,4
129885.11531175558,148445.8921487203,89698.71278985892,180279.82774732445,90928.12579013417,68663.62019343617,86145.47832554321,123405.63516683999,105064.46421914866,82887.15277757082,80556.73754891605,71579.15938844197,83121.64492865145,81784.11654044587,111655.56897587408,76133.5731903998,4
129675.54535574262,147762.48756199927,99595.59584803533,181748.58322722712,92912.69247683197,70503.68285223041,85238.2657215912,120084.344754737,107209.42702405776,81207.62034745459,79718.54713184203,72844.58104903472,84141.42091768039,82916.90294944083,110390.68375714825,77607.33546106046,4
129207.32101289285,146340.64839370828,97652.8492752134,177215.5823964575,90802.59839327316,69425.41234796194,85150.87040077096,121314.36125211255,101643.59678549728,83808.35757355185,82402.72341999096,71245.93958210225,81218.79621968225,81578.30167750141,109928.33792309022,73154.35387544082,4
130124.65895708311,149218.54725105135,90840.86457978065,182874.59705765214,92197.16843332868,69295.83928535454,86164.5890670525,122536.80050811774,108458.55426294259,81281.3364006682,78903.35665981253,72553.96366762683,84897.22280469214,82596.42363744065,111891.04460371073,78834.31212119009,4
129070.461281593,145891.5347923678,103733.39548509067,178087.6357063813,92037.91225408463,70568.21233847289,84592.52382427739,119255.96675347886,103015.77037760858,82727.18134250419,81839.72768065069,72031.46928923957,81866.10273910794,82280.83935747616,109117.68485518514,74090.13200880672,4
129817.45658128937,148281.8973996517,89721.86919711462,179993.45719736305,90881.81297562277,68638.11685301267,86096.68446739728,123268.77543554014,104964.1719417777,82891.37725727288,80571.13207234527,71553.63369627402,83057.78599474263,81762.1000721574,111566.3855154974,76029.01172983786,4
129682.74261745723,147735.4643029528,99413.51853770239,181797.3100301397,92910.680819831,70497.96080564985,85262.38325385848,120170.08604646755,107281.04201329256,81178.13839651804,79672.97192489766,72857.96974396345,84185.14092983496,82928.63761527988,110392.29308274902,77653.53651684959,4
129228.28694919193,146324.35397200036,97824.80124530807,177441.20090498935,90826.47005635143,69472.3510113181,85158.24647644121,121404.01409912278,101638.88056741722,83805.4294950282,82419.3978213546,71271.57703299249,81230.9779204104,81607.04602087093,109918.9948939079,73140.51814562299,4
130129.26341644091,149246.3751728982,90685.67641802746,183106.89873777615,92163.61846490127,69266.6479070959,86161.8845059734,122585.14733137458,108442.28219297912,81304.80573234627,78918.95817744234,72560.44567351886,84912.08671475491,82605.65490790068,111952.22132828491,78829.35003392101,4
129101.23963370797,145938.11582781267,103738.55873805986,178372.843965631,92067.23774280999,70591.79342887324,84601.93390869307,119305.85584710311,103066.62059624441,82681.06969369289,81794.89008127333,72056.16796686267,81907.587576817,82306.11918045512,109108.63239868074,74130.67807324864,4
129833.81805823065,148292.51447826799,89784.49878507838,180183.1341008108,90869.63127489464,68649.96327757397,86090.9177173278,123314.01536631768,104879.43647854764,82922.13325764338,80612.81807575442,71554.52776605223,83038.00470089969,81772.2477641401,111562.09398056197,75965.82334826271,4
129673.84662316402,147769.08132661358,99206.74254974634,181918.92587172103,92891.43596785498,70457.45944469684,85245.55239028364,120119.9510836543,107316.17895557631,81149.99755024881,79626.34618596389,72865.39052312262,84223.87650297601,82943.85915325394,110414.08603359295,77691.26626149015,4
129189.23845162851,146239.19382562564,97947.53467411218,177280.46951061126,90822.62555630512,69481.76109573377,85112.85008345247,121277.45852201684,101547.66309829512,83762.60355265184,82394.31916407576,71247.97359084769,81174.69622787193,81597.63593645525,109792.12639237958,73054.30746725887,4
130143.9708642925,149253.39362065718,90589.34039942508,183136.69361313505,92144.5971303698,69266.08911348452,86182.76103529466,122706.09262062224,108388.57095105303,81320.16138078706,78919.36050884254,72538.36214999702,84889.95848774415,82602.97269856605,111935.41281645451,78786.47938805574,4
129151.41930001014,146037.60344238323,103807.06683481537,178743.05590904425,92112.09769393179,70637.1227666286,84630.16416194012,119473.31511656227,103135.62043137795,82666.92103945269,81786.59758408042,72086.99102246655,81962.3940542214,82351.64968391058,109175.26294890202,74197.7109548701,4
129843.78693625772,148365.8282000814,89908.10393191624,180503.03226745516,90859.52828640083,68657.6075741777,86073.59511537495,123382.99284970676,104807.06153000136,82976.5374036476,80688.38932375782,71555.82416723063,83015.85412214448,81795.67239232927,111634.06659770806,75925.9701878989,4
129709.29648987013,147891.30066529522,99086.42310934344,182235.24775925252,92890.83247075469,70448.04936028116,85267.0771201941,120235.28608504368,107340.5423570326,81122.3484423576,79584.39196162128,72848.6490665256,84226.75987801074,82942.09336544196,110452.75455150063,77715.3390902685,4
129211.500789106,146312.90987883924,98124.18051054246,177566.2589152168,90834.18140818852,69502.39175586603,85095.12515009943,121285.16987385391,101542.00810694792,83771.56660217841,82439.76026055339,71265.6761724563,81184.79921636573,81627.90019844774,109842.7754453153,73053.94983934758,4
130192.89883290516,149343.24763336751,90475.63707538093,183331.4220108297,92121.44072311411,69246.21841266376,86211.48302691973,122807.90481661617,108351.95879363523,81328.40917449107,78919.20404663135,72523.67705388989,84878.67085679423,82594.30022171739,111968.15812208154,78757.82445166403,4
129173.16754736514,146106.22329786103,103746.58301431932,178888.83398638177,92119.18319692412,70619.10726059762,84620.12822867969,119384.22106316342,103226.18969991086,82629.99595761251,81753.22642960864,72120.56334263842,82031.41624109939,82380.30462030228,109226.60490591585,74271.53876680598,4
129862.0036079888,148323.78456876095,89911.63550754018,180312.84127388493,90834.5390360998,68650.0079810629,86069.08006299497,123324.25246527822,104704.28820899586,82951.99518823567,80675.6488294183,71527.43745177239,82961.1817552068,81760.75896749008,111528.29814294555,75815.93254994543,4
129780.06211281563,147973.10805000164,98854.68022283081,182333.75189706706,92900.22020342591,70441.20972647783,85314.6863358839,120315.97588252735,107451.89874790893,81096.80039844518,79537.63211222079,72888.79279956732,84323.23000707985,82966.14384247588,110512.25489524067,77802.82381806658,4
129286.37913303127,146375.4500598252,98234.17344500702,177731.05832708578,90873.76634761886,69555.23127975837,85124.83061848053,121358.81887183416,101571.71357532902,83755.98743629306,82439.40263264212,71307.67510028782,81228.34041456466,81653.20237317114,109837.56748885721,73068.1431970767,4
130221.50906580796,149409.09587253284,90300.48880582915,183411.06127632395,92099.78188273692,69223.19611587479,86216.53452116663,122810.02823233942,108361.79356119556,81343.0495671093,78926.62482579051,72537.84805987455,84909.71742984265,82595.32840196234,112009.77707025732,78760.46195750976,4
129219.79328629891,146168.6517201247,103740.01160144946,178971.66955133315,92154.47660141905,70654.177147648,84643.84342954677,119423.96246480495,103301.60448570305,82570.11563421675,81692.8767195793,72144.50206095005,82063.13336648147,82388.26184132836,109186.1258967073,74301.95949100966,4
129908.38347773356,148401.30041853196,90038.3028433684,180510.54245359212,90841.57983560322,68684.18379833506,86091.43180745028,123430.17738225192,104689.46900242199,83009.46152323026,80748.33670238695,71555.66770501944,82965.24977269767,81784.45181661271,111578.00842261416,75789.46808451034,4
129815.53433126622,148088.01836824638,98727.61055560238,182514.3763440104,92903.30474416075,70431.88904903996,85348.5939322226,120381.19827284793,107523.1784609769,81089.13375009701,79516.53206545497,72905.26603523089,84348.21925738089,82974.12341524642,110554.96907889475,77840.44180398487,4
129273.75039741403,146374.77950749153,98431.76286599194,177700.5034924154,90879.48839419942,69572.19625379995,85109.29615608409,121276.49739700525,101552.5134268419,83763.36351196331,82465.30830446581,71317.66633005934,81201.02658284028,81661.00313198604,109804.37514834109,73023.64087386618,4
130223.02898443092,149430.8664716323,90231.3995637178,183358.19940068715,92066.54483873188,69195.16702832784,86235.17587604235,122839.1972588536,108328.53416544606,81381.8074919948,78952.4857941253,72524.92875157938,84879.07318819442,82584.8901373017,112026.16089894307,78718.15010525586,4
129218.67569907615,146186.57781917785,103788.20196249509,178945.56271380934,92172.33564523884,70655.69706627096,84647.93379878209,119386.34447888668,103359.56255907567,82546.28867462739,81668.46861463411,72159.34361926837,82076.90204106594,82400.3988385676,109180.15798093773,74330.63677914582,4
129909.18814053395,148387.04000556946,90208.2431564621,180470.35401706147,90836.99772798989,68697.10310663022,86087.47554868169,123476.11021710756,104609.94149565,83058.23302963174,80810.09457231696,71546.72700723732,82914.8242372065,81774.57234556346,111570.85586438846,75705.51493233621,4
129822.75394472528,148160.23685458148,98666.94792115068,182668.93865691885,92909.33971516367,70412.4206796194,85344.70472868739,120451.29334345978,107588.75847920877,81105.45052354939,79514.29689100945,72920.33111099376,84379.95873450741,82981.41008393886,110647.92998408437,77882.03840041619,4
129254.52789718246,146387.60940880887,98715.47355836316,177791.27392664837,90900.40962700959,69593.78803894378,85060.36818747142,121258.124263063,101524.14906312813,83778.20507028163,82504.31209854032,71320.90733300535,81164.79440507822,81657.71742555112,109822.90474449453,72972.76830348591,4
130202.86771093223,149463.12003888132,90283.18855562074,183405.71920939913,92044.84129486576,69173.28467050608,86203.7940268271,122897.58001537086,108268.92206298377,81422.93470179256,78986.68396314191,72493.88217853096,84819.10345782083,82546.28867462739,112073.52424544386,78643.91996191979,4
129189.32785860632,146227.72738072008,103938.04805732347,179061.03182566547,92184.67380817817,70645.88465045507,84599.721085992,119363.63510652007,103413.11733879059,82551.60838980775,81672.93896352517,72165.08801759339,82078.48901492226,82394.56503326476,109255.08102835191,74352.16150905627,4
129810.10285736357,148275.0354141039,90400.088179122,180152.28869346247,90779.41963427301,68650.87969909665,85998.38149528284,123289.02611601666,104463.96225261239,83087.60322184602,80853.99339842718,71482.44339018386,82781.16080536376,81711.45101922167,111517.3681399069,75557.50168055316,4
129801.72095319284,148149.99975562093,98609.16866173371,182567.32762662502,92891.88300274409,70381.79878971563,85352.61724622456,120514.61583550165,107606.12578465055,81102.85772119257,79483.3620766833,72881.21555819697,84348.17455389196,82942.45099335325,110662.25745228023,77884.1841678839,4
129202.80596051288,146316.4861579521,98918.8967846509,177646.12169815562,90894.93344961804,69579.48292249237,85017.05050671703,121146.38789253091,101498.80218491581,83792.08550358839,82531.51417154243,71308.45741134374,81124.0471749362,81643.7252335221,109822.10008169414,72948.74017819646,4
130194.61991722822,149428.0725035754,90200.53180462502,183269.77589962198,92014.35351542872,69134.70555957622,86217.33918396702,122940.60712344732,108213.42268150124,81450.2708852614,78997.92689060293,72454.34194258953,84764.52049786097,82510.12355209871,112061.20843424898,78600.26700499858,4
129205.17524542514,146241.60781402682,103911.18126048819,179114.83247456938,92209.99833464604,70636.96630441741,84608.48296981848,119356.3707895721,103502.14433695607,82530.79891571986,81642.25001838805,72191.15015162827,82127.99812889077,82415.82154224176,109297.01290095007,74436.36053041942,4
129837.64020653251,148256.21524527256,90474.0053980357,180154.4121091857,90782.39241628557,68654.52303344286,86011.09963787791,123322.86665712198,104392.79429826669,83110.9160913129,80885.79993078708,71478.37537269299,82750.91889511573,81702.77854237301,111502.50422984413,75506.20442702823,4
129838.82484898865,148192.51277357494,98364.79703960384,182633.66760416838,92895.70515104594,70347.77943465464,85378.12058664806,120510.21254184397,107684.37924198857,81083.389351772,79443.46421283057,72909.1552387661,84410.89354883356,82954.58799059248,110717.33215061811,77960.89535485451,4
129251.7115773811,146301.80106184495,99016.90918408743,177645.04881442175,90930.49507504643,69617.45853632195,85040.69865235075,121141.35875002846,101496.43290000355,83759.89899157274,82513.02927887789,71332.46318488875,81136.69826229791,81656.91276275073,109767.22654905636,72938.32426528029,4
130256.73541506952,149483.92951296922,90042.37086085927,183404.3334012429,92006.95508801403,69127.821222284,86263.00379788922,123036.3396449494,108223.01157987256,81478.23291757499,79019.4963240023,72479.84528301303,84810.00629782752,82526.5297325289,112124.46387105751,78620.24946454162,4
129257.18775477265,146309.80298635995,103843.94721316663,179281.95646786172,92244.68824204068,70661.24029889588,84644.11165048023,119391.91006325604,103591.19368686601,82478.45113020553,81587.68941017264,72228.45521312418,82192.52761513325,82439.33557740874,109307.96525573317,74504.19807484128,4
129846.46914559236,148253.95771908257,90514.50675898872,180131.09923971884,90769.40605275704,68667.7552661604,86006.33871630892,123277.47026413326,104335.5291289722,83128.28339675468,80922.25562599368,71484.83502684058,82736.9267030867,81706.8912633528,111485.62866278038,75453.23079266916,4
129858.60614283159,148240.81489334285,98155.42824929098,182639.43435423786,92890.9218777325,70337.47528046076,85401.4558078594,120535.04532993381,107741.71146651644,81055.49437469177,79400.70532568757,72913.960863824,84444.62233121663,82958.52189761662,110721.75779602025,77995.67466922697,4
129231.63971086023,146269.5698463404,99139.28498498023,177542.99074923884,90940.7098222625,69640.92786800001,85017.76576253961,121057.76322576562,101489.41445224459,83743.44810765363,82517.81255219133,71341.56034488206,81127.6011023046,81669.4744431346,109725.42878692494,72914.13967777965,4
130203.94059466608,149411.04047430045,89888.65791424012,183077.48384207295,91958.09417463472,69089.33151833195,86243.58013195755,122934.63920767776,108157.45391338515,81477.31649605233,79009.10276283059,72442.20494535028,84752.09292794383,82498.2771275374,112059.10737027018,78545.70639678316,4
129231.01386201548,146257.43284910117,103788.492535173,179046.12321211377,92259.66391082572,70663.49782508587,84648.44788890457,119321.0103298438,103653.30918470731,82431.24424591592,81534.06757522436,72229.86337302487,82206.6986211179,82453.28306594885,109245.60388870287,74535.44581358979,4
129801.65389795946,148144.94826137403,90572.15190793895,179808.56356722876,90754.54214269426,68665.09540857023,85989.3960940118,123191.34899274696,104262.10364843652,83152.60209472205,80961.08060611256,71467.35596267652,82685.9647257286,81709.95345234316,111410.10211826589,75378.93359409971,4
129824.09504939259,148188.55651480635,97921.27137437719,182385.1609093143,92877.06379617022,70302.47244864375,85407.17785443996,120480.90940486305,107788.13603975011,81022.21262719782,79349.63158960719,72904.0590410303,84453.16069759855,82962.70167382977,110679.69181295537,78022.1167829176,4
129166.61848623973,146129.60322256127,99214.52095681679,177151.7681660376,90944.55432230882,69643.9900569904,84977.04088414203,120881.67618294671,101461.92180656455,83696.21887161957,82490.87870012269,71326.62937958591,81087.25620356276,81670.0779402349,109596.45922141781,72867.69275280151,4
130178.66077168714,149341.79476997792,89756.17912485352,182846.47856312737,91938.71521219196,69071.69599195672,86244.29538778012,122941.92587637018,108129.44717758265,81488.84999619127,79018.91517864648,72421.8425061515,84735.03854692442,82495.66197343612,112023.88102100862,78514.61512024583,4
129224.86713229027,146245.40761058423,103736.18945314758,179031.57222647336,92296.29841998797,70678.8311217822,84651.93476103959,119325.95006536844,103742.35853461726,82388.57476575075,81487.35242931276,72247.74476858911,82251.4691652619,82475.88067959317,109236.66319092074,74598.12010504247,4
129786.6335256855,148110.54892665733,90663.1458596165,179790.61511643114,90761.2700177753,68684.6084814797,85981.32711426343,123213.81249592455,104203.31856051905,83176.49610954478,81003.8171415111,71458.25880268321,82652.48181253455,81712.07686806642,111382.1400859523,75323.21069517263,4
129828.36423258355,148238.15503575266,97719.94921206823,182502.820492127,92884.48457532938,70288.97199499274,85432.79295358574,120545.05891144979,107855.57125277177,81013.18252243788,79320.4178596041,72907.50120967641,84485.61543054765,82972.31292394554,110711.54304880417,78082.80176911375,4
129198.64853604419,146199.02774083946,99354.1523044291,177457.38356797502,90998.24321249047,69697.36602274967,85005.02526820007,120977.56516665997,101513.48728102294,83716.98364221855,82520.49476152596,71361.9898393142,81126.9976052043,81719.54235071449,109634.09955908055,72920.80049762732,4
130191.20010032656,149407.12891902076,89611.11630333857,183006.51705342735,91932.85905514468,69058.82138715046,86273.33030382756,123002.65556605525,108108.77181396149,81518.42135410564,79047.48070806035,72415.76283165965,84723.86267469676,82504.33445028478,112038.7449310714,78507.19434108667,4
129239.82044933087,146314.0945212954,103631.04684722982,179200.12673141086,92328.55198723698,70685.96132826345,84669.74910137047,119325.8159549017,103842.67316373267,82351.64968391058,81441.35253922374,72277.33847824794,82303.83930252068,82517.29846206885,109237.89253686578,74681.73798104978,4
129806.99596488429,148142.93660437307,90722.06505800069,179912.65564115712,90772.08826209167,68710.9164847036,85994.2017190697,123274.16220595386,104163.3312896885,83204.65930755845,81040.96574079583,71467.80299756562,82640.83655367333,81739.41305153526,111361.01768744203,75291.44886630164,4
129896.51470142779,148385.2742177575,97513.48614853456,182861.54363889023,92914.77118906632,70299.81259105356,85487.46532052342,120731.2489427625,107955.84117839827,81013.96483349381,79295.80858895881,72940.58179147026,84561.8125273958,83015.31768027756,110789.19300904192,78171.96287774597,4
129190.98188769602,146228.48734003154,99443.35811655023,177562.95085703742,91021.15375055716,69716.34265379222,84967.69785495971,120881.67618294671,101533.6709062661,83700.39864783271,82513.2751480669,71393.01406061818,81145.41544263548,81750.14188887381,109627.28227702169,72928.42244248658,4
130213.8871209487,149456.0792393779,89512.72392424631,183084.30112413183,91924.20893004048,69061.68241044074,86288.12715865698,123096.17526485625,108082.82143864888,81542.74005207302,79059.68476053295,72412.56653220255,84720.06287813938,82501.65224095015,112039.92957352754,78478.38294248377,4
129262.10513855281,146385.77656576355,103604.78354749484,179356.1866111978,92362.16901089776,70710.68235763101,84677.90748809667,119360.46115880742,103929.06265605244,82320.1784277175,81398.10191370272,72306.39574603984,82356.90234385757,82537.90677045666,109259.1937493317,74745.68632193642,4
129764.86292658604,148090.94644677002,90810.64502127707,179737.28385416078,90749.53535193627,68708.94953119154,85947.10659350237,123144.99147474665,104081.76977417109,83225.55818862417,81075.94622086838,71452.08972121355,82594.21081473956,81722.76100191606,111317.43178575419,75212.0554699964,4
129874.72175058386,148364.24122622504,97326.93848931057,182650.0737845986,92897.8285667692,70277.05851519806,85489.8793089246,120689.20531144206,107982.19388511109,80985.77928373567,79251.61919017068,72920.93460809406,84562.6618936851,82995.22346201223,110750.88211904552,78181.32825867274,4
129197.1956726546,146205.5991537093,99625.70364781663,177506.7585714768,91051.30625382737,69763.88481424867,84975.05157888551,120905.0337559025,101546.21023490552,83699.6610402657,82525.5239040284,71405.57574100206,81155.31726542917,81770.21375539467,109598.09089876305,72931.6634454326,4
130193.34586779427,149436.87909089078,89434.04578376362,182979.0467594918,91891.77654883583,69036.11201478387,86278.89588819694,123072.549470967,108044.46584516358,81579.08398855734,79093.5700051272,72397.76967737314,84703.88021515372,82495.08082808029,112062.68364938303,78449.03510201396,4
129250.9069145807,146357.81453344997,103568.23844531042,179231.73209807064,92376.83175526044,70706.74845060689,84675.60525841777,119286.07455326016,103989.21120038167,82273.0162469168,81339.87561939664,72308.13918210736,82378.13650109012,82541.57245654732,109227.45427220516,74781.80674097619,4
129773.28953424568,148024.00297212639,90953.60677881322,179594.94794546938,90746.69668039045,68733.78231928138,85960.3388262199,123162.82816682199,104004.58920056692,83247.52995342374,81110.52436954074,71440.95855247481,82555.16231717615,81716.34605125738,111265.01694500649,75139.07702434981,4
129917.19006504896,148422.35576180887,97158.13811518409,182797.08120788113,92898.65558131404,70267.2908028711,85532.72760304542,120779.55106253042,108067.93517684164,80997.89392923044,79237.17996325255,72950.39420728615,84636.06502247632,83016.72584017823,110840.60202128912,78263.96265792401,4
129169.45715778557,146127.54686207138,99722.08436990791,177330.96210133578,91049.76398345995,69764.13068343767,84938.88645635682,120715.66977687714,101524.95372592851,83662.8477171478,82489.38113324418,71405.44163053532,81137.77114603177,81758.25557211108,109526.78883395063,72901.26507297339,4
130214.60237677126,149394.7237008481,89332.34534649199,182819.34354535863,91867.77077529083,69032.4463286932,86313.69755431385,123119.24226513413,107993.28035036092,81584.51546245998,79082.8188160442,72375.19441547328,84682.35548524327,82468.45990043401,112016.81786976075,78401.71645900208,4
129293.0176011345,146409.46941488617,103507.26288643634,179386.02619004564,92407.27483120858,70725.68037816053,84708.64113672271,119320.98797809935,104122.71817001322,82259.85106943263,81311.82418010524,72362.4315693893,82477.49000519396,82586.70062860259,109299.15866841777,74901.6344430011,4
129778.85511861506,147998.49963170287,91030.47442799502,179558.15697409594,90741.55577916572,68746.36635140971,85958.90831457476,123133.12269844089,103937.3328015009,83263.62320943156,81140.47570711085,71439.50568908521,82524.20515110555,81712.45684772216,111228.98593294453,75083.97997426748,4
129955.59036202317,148480.9396840262,96954.3349092406,182896.54647070725,92906.2775261733,70256.56196553254,85573.4971849319,120861.06787455892,108135.75036951905,80991.63544078296,79206.98275649342,72963.08999813677,84682.37783698773,83028.90754090638,110877.9741380184,78324.87116156473,4
129200.10139943378,146155.17361821813,99842.89554868884,177448.62168414853,91090.31004790188,69802.01689028942,84952.18574430773,120736.59100968731,101556.84966526624,83664.9487811266,82496.35487751424,71436.10822392801,81162.06749225468,81794.08541847294,109525.55948800559,72924.86851511819,4
130224.77242049843,149416.0696168029,89217.88206313635,182827.63604255154,91853.62212105062,69013.58145637292,86321.56536836212,123135.93901824225,107964.55835873586,81615.80790469742,79108.92565356799,72368.9806305147,84666.66456063563,82472.25969699142,112026.7420442989,78375.9001941562,4
129294.11283661281,146433.2069674977,103431.42341749948,179397.40322797338,92431.66058440931,70727.26735201685,84710.67514546814,119288.44383817242,104205.53138322014,82221.54017943624,81256.7271300229,72379.26243296414,82514.25862482293,82611.71223064807,109284.63003452183,74959.32429544024,4
129750.22253396781,147937.5240728288,91129.42560069867,179401.3818384864,90732.07863951668,68751.39549391216,85938.14354397578,123072.23654654462,103865.516646566,83279.78352067275,81158.64767535302,71420.73022374275,82474.11489178121,81710.0875628099,111165.86460660274,75004.13954307312,4
129924.74495467484,148450.45190458916,96756.3431568555,182722.1358087225,92885.06572068522,70221.33561627098,85570.70321687499,120802.34984187482,108164.11473323283,80961.12530960147,79157.76421520284,72949.7683584414,84684.2330317775,83021.06207860257,110851.30850688322,78331.64374013469,4
129190.8477772293,146100.56830651383,100003.33637038904,177356.4207382704,91113.24293771303,69839.97015237453,84954.06329084198,120722.71057638057,101559.04013622286,83639.24427500299,82478.74170288345,71443.41724436489,81161.55340213221,81805.14953197831,109466.30501345456,72910.5633986668,4
130228.28164437792,149409.1629277662,89179.50411790659,182837.53786534525,91832.14209462906,69008.39585165928,86340.92197906041,123201.16140856284,107930.56135541933,81653.49294584907,79135.34541551417,72363.97383975671,84665.8375460908,82468.39284520065,112058.07919002524,78353.01200783397,4
129304.19347336216,146453.01061308512,103408.9599143219,179481.62460108098,92448.82672415099,70736.43156724353,84726.14255263121,119298.74799236632,104272.49720960823,82188.90663253149,81208.29089978825,72394.41691570485,82554.60352356476,82619.55769295189,109295.6494445383,75016.23183682346,4
129774.74239763527,147936.42883735048,91288.9500008762,179492.33108667508,90737.28659597476,68785.34779373977,85951.66634937124,123137.83891652095,103805.07752955885,83317.28974786875,81207.50858873232,71422.98774993274,82457.68635960655,81713.84265587838,111167.69744964808,74964.4428449205,4
129967.19091739548,148534.82973990796,96595.32118979946,182932.86805544712,92887.05502594174,70210.74088939917,85605.75075218092,120902.41860180124,108228.57716424194,80974.53635627465,79151.70689245545,72968.05208540584,84737.85486672579,83038.56349451108,110932.40063576707,78404.9574619481,4
129198.91675697766,146110.42542581863,100126.82975850461,177428.8850937945,91134.63355715676,69856.21987059354,84939.08762205692,120675.57074732432,101567.51144737142,83636.67382439063,82487.01184833191,71465.1654917199,81167.49896615732,81824.75201186562,109456.3361354275,72923.88503836216,4
130215.9881849275,149384.5536571209,89069.8241078644,182714.60327084103,91799.50854772431,68979.74091526758,86335.31169120214,123174.20520474974,107861.71798249698,81672.4248734027,79148.01885462033,72342.06913019052,84622.45281010304,82449.23740020244,112024.88684950912,78297.55732984035,4
129333.45190685416,146490.13686062538,103347.0455821807,179548.7245379358,92482.8237274675,70754.31296280777,84750.7518232765,119336.32127479569,104358.32790831661,82160.51991707325,81170.06941676968,72423.6977009413,82605.07376254485,82650.17958285566,109307.42881386624,75089.12087549221,4
129754.26819971422,147874.7603743983,91369.39392917085,179341.09918369047,90729.93287204897,68789.21464553055,85922.51967460153,123036.87608681632,103728.1875286326,83342.41310863652,81241.1256123931,71421.5572382876,82416.73796376443,81717.30717626897,111125.20678343855,74896.71705922093,4
129993.07423747472,148571.5313043036,96405.26430669599,182966.01569247435,92888.41848235352,70204.41534571831,85638.33959559674,120964.1541199868,108281.32728115647,80974.60341150803,79117.10639203864,72977.41746633261,84773.34943692082,83050.61108477248,110960.20620586947,78446.73287233507,4
129188.83612022831,146068.717070665,100238.81199822569,177343.0096915972,91153.87840913277,69883.01961219545,84924.11195327187,120575.85961530921,101566.28210142638,83611.66222234514,82463.9671997985,71477.25778547022,81164.77205333377,81838.58774168346,109407.25170460364,72910.67515738907,4
130232.14849616868,149386.92294203318,88997.62797327376,182695.6266397985,91785.98574232886,68977.70690652214,86355.42826121191,123217.50053375967,107833.97946762794,81709.77463838752,79171.82346246523,72344.5725255695,84621.11170543572,82456.54642063934,112044.57873637424,78279.65358253165,4
129336.55879933343,146499.9269246968,103271.4743341773,179538.50979071975,92501.55448932106,70758.31392506527,84757.61380882429,119289.8519980731,104439.62120290055,82121.80669567666,81116.67109926595,72449.82689020954,82648.68201597715,82666.78692898595,109304.72425278716,75155.90788792467,4
129740.74539431876,147824.26778367374,91482.9407910038,179230.0557172365,90725.39546792454,68808.88418065122,85918.31754664393,123008.69053705818,103659.59002489925,83357.65699835504,81273.55799359774,71421.02079642068,82382.02570462534,81713.06034482246,111074.24480608045,74838.9154480595,4
129961.13359464808,148539.30008879903,96176.62831266265,182774.7965186592,92863.54099077475,70166.55149061102,85634.56215078381,120890.86274991784,108299.94628428773,80941.27696052515,79069.27365890428,72966.6662772496,84774.86935554378,83033.26613107517,110931.61832471113,78462.42379694269,4
129189.50667256197,146034.94358479304,100374.46473532496,177287.4879583702,91187.29426709346,69930.36060695178,84930.549255675,120588.35424045972,101582.71063360103,83586.47180634401,82455.58529562775,71489.48418968728,81177.26667848429,81853.51870697961,109357.18379702375,72919.213523771,4
130235.07657469233,149388.93459903414,88933.05378354237,182693.2126513973,91771.36770145509,68982.44547634668,86373.62258119854,123297.87740682095,107786.30319670477,81737.02141487855,79206.33455590422,72329.328635851,84611.07577217529,82450.57850486977,112055.50873941288,78249.97046589499,4
129343.28667441448,146559.51667541466,103199.50171703122,179702.3257258327,92521.35813490846,70764.12537862365,84761.79358503742,119300.91611157848,104541.7686750613,82093.82231161861,81092.15123559847,72478.25830915669,82723.40389769124,82701.61094684732,109364.64927967182,75248.60057218082,4
129709.40824859242,147779.38548080748,91589.4692050778,179142.2357132716,90709.88335727256,68814.8967999097,85884.1193776273,122935.8238501339,103573.96049189098,83361.88147805708,81308.40436320358,71402.1559241004,82339.51268667134,81707.67357440872,111026.61323864618,74768.5968600031,4
130005.97119402543,148622.44857817277,96014.37699966157,182950.48123007792,92876.88498221457,70175.49218839314,85687.15580548714,121068.06737995952,108351.28824130158,80932.11274529848,79057.22606864286,72971.58366102978,84818.522312465,83045.53723878112,110975.62890954364,78516.73853596908,4
129173.41341655415,146052.19913151255,100488.70450123603,177389.79189274216,91206.98615395858,69943.52578443597,84900.53086287151,120506.39039354211,101619.4345497411,83582.56025106434,82476.26065924892,71522.36360578104,81211.12957133408,81890.04145741957,109390.6220067289,72961.50302428044,4
130217.79867622837,149368.259235413,88858.04132915036,182600.2517462077,91738.3094714057,68957.27741209,86362.84904037107,123284.1981392143,107714.48704176987,81749.78426096252,79225.6017596247,72302.79711518253,84566.97578036497,82430.59604532672,112025.98208498742,78195.56631989079,4
129380.25645974357,146628.13653089246,103162.64369042442,179877.92103027357,92559.93724583831,70790.07575393627,84798.33868722185,119419.91679905854,104635.04250467331,82065.25678220473,81059.89766834947,72504.78982982515,82777.76334020655,82728.7236128716,109392.94658815225,75334.72184356712,4
129732.85522852604,147816.2435074143,91754.98387276934,179314.94764267775,90725.32841269117,68849.27378288195,85889.5732032744,123008.288205658,103527.58062214621,83401.80169365427,81371.68215175655,71414.11410738398,82327.42039292102,81726.7396124291,111058.48682623946,74744.18875505791,4
130038.96236884146,148725.87009976746,95851.03045118219,183185.46511953656,92875.0744909137,70160.7623887971,85713.68732615559,121152.95930540077,108406.40764312836,80942.5063064702,79062.07639718967,72987.25223389296,84859.85068796285,83065.43029134635,111065.39351527614,78582.51971990106,4
129210.31614664986,146103.56344027084,100641.32221237686,177561.2074209699,91242.36896543133,69988.05045939094,84916.02062177904,120551.0044754749,101637.02537262742,83561.43785255407,82479.90399359513,71541.02731240122,81218.48329525988,81915.835370521,109384.94466363724,72980.45730357854,4
130269.43120592013,149456.9733091561,88826.34655551273,182834.6097868216,91735.38139288205,68967.44745581716,86402.7469042238,123423.56126589313,107690.07893682468,81791.11263646038,79281.43641727406,72308.317996063,84569.90385888862,82445.12467922267,112101.03924286834,78191.6994681,4
129398.83075938592,146694.99059855827,103080.27751210661,180000.45329337756,92577.30455128009,70787.19237890153,84804.23954775806,119368.95482170043,104721.63316269316,82020.73210724976,81020.46919113031,72529.91319059291,82825.93134950774,82751.14241256028,109425.66954203481,75411.03069913754,4
129741.10302223005,147783.54290527618,91885.36159817716,179204.01593494607,90725.12724699108,68877.77225706248,85890.08729339688,122980.68380125568,103450.04242063075,83400.81821689823,81394.39152412314,71400.92657815535,82284.14741565555,81721.71046992666,110987.6988515495,74671.90321348944,4
130074.00990414739,148777.2120567813,95677.826783398,183229.60981483577,92874.69451125796,70160.51651960809,85754.90394293118,121243.08153904458,108459.29187050962,80938.9523791018,79036.28248408824,72993.13074268469,84902.49781638359,83074.19217517284,111101.6256930382,78627.20085706722,4
129200.05669594488,146096.36617855623,100753.90794919824,177546.0082347403,91264.92187558673,70012.90559922524,84892.8865662678,120457.61888714062,101668.83190498732,83544.60698897923,82476.48417669347,71564.60840280156,81249.26164737483,81939.30470219908,109384.92231189279,73003.41254513414,4
130234.85305724778,149386.2076862106,88747.95898770797,182536.77279195463,91699.97622966484,68951.04127538696,86385.96074413786,123346.4700992668,107602.3483398376,81797.68404933024,79280.65410621812,72269.09068454393,84513.68922158353,82412.49113231793,112017.86840175014,78108.81919965973,4
129423.82000968696,146714.45896797883,103030.29901150454,180002.10732246726,92606.04889464962,70816.5625711158,84841.54460925396,119446.89535461609,104811.17425098113,81996.48046451574,80985.13108314647,72544.97826635579,82884.22469904718,82770.43196802521,109437.29244915157,75492.1675315103,4
129748.41204266693,147783.09587038707,92047.50115245595,179275.74268290313,90735.92313956299,68913.13271679077,85896.30107835545,123027.80127856748,103409.87633584456,83450.75201401139,81468.1299290812,71412.54948527212,82281.12993015409,81738.80955443496,111020.77943334336,74661.1743761509,4
130052.03813934782,148785.63866444095,95478.1362984343,183189.9801719165,92844.51965624328,70120.23867609963,85752.37819580773,121201.14966644642,108473.99931836121,80929.34112898602,79011.33793727613,72979.29501286686,84907.25873795256,83063.86566923448,111128.20191719556,78660.39319758334,4
129192.65826853017,146051.26035824543,100869.44411628773,177454.32137898463,91280.1434135608,70039.77239606052,84892.0371999785,120405.69578477094,101665.7473642525,83509.04536355083,82466.80587134432,71564.3401818681,81241.95262693794,81938.85766730996,109337.58131713646,73006.49708586896,4
130243.25731316298,149350.19902589312,88700.90856562955,182444.6165495654,91671.72362467332,68944.78278693948,86410.23473861632,123383.50693982923,107536.58950765009,81814.47020941618,79298.22257736,72252.23746922464,84494.73494228542,82396.84491119921,112015.40970986006,78071.55884165273,4
129453.21255364569,146737.34715430107,102926.96689688765,180064.82631740885,92622.74564775774,70818.08248973876,84875.13928117028,119460.26169780036,104901.78822300295,81959.93536233132,80936.29252151163,72574.54962427016,82956.33142665999,82792.9401746917,109475.55863565906,75579.9428319863,4
129737.5267431172,147687.98919772974,92108.36495260775,179044.17861034616,90719.36049692161,68912.93155109067,85883.58293576038,122903.52557939597,103327.19723310438,83438.92794119453,81473.27083030592,71400.68070896635,82248.07170010469,81726.0914118399,110939.19556608149,74592.12983752845,4
130096.45105558052,148789.1702400649,95229.13786520218,183113.8724820462,92844.16202833201,70111.9461789067,85808.48107439054,121259.6218299415,108515.79708049263,80911.68325086634,78970.21072747836,72985.5758530588,84958.48893624413,83067.03961694714,111115.57318157831,78711.66809936381,4
129236.51239115148,146051.32741347878,100924.67527683679,177485.05502761068,91324.71279200469,70084.47588497114,84919.1945694917,120415.39644186455,101718.05044627792,83494.8073023328,82455.1159089942,71602.87458930905,81303.2411102344,81978.73317941824,109316.61538083738,73068.0984935878,4
130289.19014801862,149391.52740139098,88595.56479401169,182551.59199852849,91673.35530201856,68954.5728510109,86444.56701809967,123485.07326663415,107518.64105685247,81858.27962854858,79334.94649350006,72259.74765536161,84518.09251524121,82414.56984455227,112037.2473641929,78081.32655397971,4
129451.46911757818,146754.4909422983,102779.73595616054,180065.65333195368,92641.1187817,70813.05334723632,84866.60091478836,119384.06460095223,104976.35364250586,81906.87232099441,80865.41513984384,72587.67009826543,82998.33035449153,82808.16171266577,109452.581042359,75650.17201306486,4
129718.10307718553,147626.36543826645,92223.7223057416,178914.98552739448,90721.77448532278,68935.61857171281,85854.52566796848,122844.38286356723,103259.44909566034,83452.42839484554,81491.9345369261,71393.28228155164,82215.34874622211,81727.05253685148,110874.80019030574,74538.99974095818,4
130133.97963452098,148837.56176681063,95087.11488093316,183223.03840196593,92854.82381043718,70124.19493486821,85850.8152783889,121418.654491741,108555.58318562308,80915.03601253462,78944.97560798832,72985.84407399227,84987.97088718068,83071.28644839364,111138.17079522263,78748.57082945954,4
129233.02551901646,146063.35265199575,101085.65254040391,177616.0138983743,91355.066460975,70117.802335954,84901.31317392745,120394.85518871012,101751.71217342762,83499.30000296832,82461.10617650821,71633.07179606816,81331.203142548,82010.04797340011,109340.55409914901,73101.71551724858,4
130224.57125479833,149303.41682474816,88555.01872956977,182295.9327454487,91624.18146421689,68911.45633595662,86395.72845646483,123337.32823578456,107409.56454391057,81879.89376543686,79351.10680474124,72225.3483206449,84449.7855841858,82383.67973371503,111985.48072403441,77990.24319532434,4
129456.49826008061,146743.00214564826,102752.3550692028,180012.61264236126,92665.66099711192,70822.19521071855,84882.56006032944,119413.97123503343,105036.43513160171,81883.44769280526,80825.58433122448,72597.57192105913,83033.91433166437,82819.65050931579,109432.30801013805,75698.36237411051,4
129690.23045184975,147544.9380332158,92424.28450873906,178768.40278725658,90719.22638645487,68953.58937425487,85831.36926071277,122798.00299382246,103170.66796668386,83488.01237201839,81545.53402012993,71386.08501983703,82172.90278350149,81724.41503100574,110825.51459378179,74462.73558887668,4
130100.49672132693,148820.50738579125,94962.25803640581,183159.93942736858,92830.41570549199,70085.10173381589,85841.74047014004,121398.82849440916,108571.49762767526,80936.851315123,78949.75888130175,72984.41356234712,85002.9689077102,83068.35836987,111180.03561258741,78764.03823662261,4
129186.57859403832,145983.46751731247,101287.48879283534,177491.3358678026,91365.77294656908,70134.05205417301,84869.95367645666,120320.66974886296,101725.761798115,83479.07167423627,82449.41621415809,71625.31574074218,81302.30233696727,81997.46394127178,109281.27727285353,73060.14127256171,4
130183.86872814521,149242.1730449406,88629.04770720574,182208.760942073,91588.70924576632,68898.55937940591,86378.51761323425,123364.06092215312,107320.44813876727,81927.41357414884,79401.06295359886,72196.00048017508,84398.53303414978,82351.40381472156,111996.27661660632,77908.41345887345,4
129449.0998326659,146774.42869835242,102820.70670374713,180210.82791219093,92682.17893626439,70836.67914112558,84894.04885697948,119514.35291938222,105100.18230678825,81885.88403295088,80813.15676130734,72606.6914327969,83062.81513724508,82818.46586685967,109505.01823485116,75746.88801132298,4
129649.5502769411,147515.94782065725,92711.70559068986,178880.8320618668,90705.54711884822,68968.36387733983,85800.09917021981,122804.12737180322,103080.61278827343,83541.74596568894,81619.764163466,71371.06464756306,82116.62109096302,81703.7396673846,110864.67485006749,74391.09824789742,4
130052.73104342593,148809.8232519416,94880.07067204364,183169.95300888456,92788.59559161612,70035.14558495827,85816.99708902802,121364.6973806259,108545.92723201838,80948.98831236224,78948.90951501245,72952.00353288693,84968.74838694911,83024.79481992661,111227.80129048841,78754.31522778455,4
129136.39892773617,145910.44436817698,101456.75855359538,177381.09706414904,91364.1636209683,70132.93446695023,84830.61460621531,120197.66809912541,101707.74629208402,83466.39823513011,82454.19948747153,71613.42461269196,81268.21592667293,81975.73804566122,109253.71757194014,73052.18405153562,4
130177.476129231,149191.971026894,88647.1302684701,182113.76602813794,91558.44498377384,68891.29506245792,86394.11913086404,123423.94124554888,107233.83512900295,81966.73029264573,79452.04728270142,72161.51173848055,84336.08226014164,82315.0822299817,111980.13865710958,77853.80814716914,4
129411.57125372544,146731.02161062023,102686.70799573755,180073.96818089107,92663.2693604552,70792.82501850427,84873.44054859168,119375.72740027039,105165.98584246468,81848.44486098825,80770.19670846424,72609.77597353172,83085.77037880068,82812.83322725692,109512.66253145487,75815.93254994543,4
129595.30259314807,147357.69746991366,92780.86188803457,178493.83395836758,90670.07490039765,68946.30270556244,85761.38594882321,122621.13363994761,102986.46724062768,83524.82569513627,81620.4123640552,71342.23089721572,82049.58820934156,81674.01184725903,110749.40690391147,74310.92254053624,4
130074.38988380313,148752.9157105584,94631.36281148945,182976.9903990019,92770.89301000751,70010.98334920208,85868.74137744206,121418.31921557419,108563.62981362699,80915.19247474581,78903.04373539017,72942.83931766025,84983.36642782288,83008.16512205185,111185.22121730105,78774.29768732759,4
129194.75933250897,145913.6406676341,101518.1587956141,177523.83530424064,91408.68829592328,70176.56507212699,84882.1353771848,120286.11395193505,101782.37876682029,83448.40508084359,82442.12954546566,71668.05227614073,81343.45189850949,82015.90413044741,109272.78360996052,73127.04004371644,4
130230.96385371256,149238.6638210611,88547.5532469217,182344.92776929474,91553.84052441604,68886.46708565559,86436.54274184023,123524.27822640876,107222.43573933074,82007.67868848785,79498.02482104598,72197.38628833131,84376.42715888348,82332.51659065683,112047.86444280916,77871.66719098893,4
129476.50307136812,146826.150635022,102529.21760430546,180386.31145790953,92700.61912544002,70800.02228021888,84923.57551140494,119456.10427333169,105270.01086115967,81804.16605522229,80727.14724864332,72663.68838115793,83173.14334787648,82836.28020719055,109554.72851451977,75922.3715570416,4
129665.68823643784,147438.20845344168,92901.51660460432,178822.49400883843,90706.35178164861,69002.87497077882,85800.65796383118,122751.57842058879,102965.99304270661,83544.18230583458,81675.5764693709,71387.38142101544,82079.96423005631,81694.82132134693,110775.71490713536,74314.23059871561,4
130139.58992237925,148919.07857883914,94440.61302430785,183401.80765411948,92784.30405668069,70013.75496551454,85910.22621515111,121562.82324347775,108635.26715460625,80934.81730637758,78916.99122393026,72988.41452460462,85063.29626599506,83032.88615141943,111300.08683205687,78858.47435694627,4
129207.72334429304,145996.78915700785,101596.2781424854,177742.01068186888,91442.17120911732,70201.66608115031,84863.69518800917,120246.4843090158,101820.91317426124,83424.4887142764,82436.38514714065,71703.2786254023,81379.01352393789,82035.43955510134,109284.40651707728,73163.33927671186,4
130226.15822865466,149273.0855075223,88502.00039172178,182329.01332724254,91535.53444570715,68878.84514079633,86426.19388415742,123526.71456655438,107152.18420650772,82027.97407245327,79521.60591144633,72180.26485207854,84343.81596372319,82314.99282300388,112026.98791348792,77818.20181825184,4
129507.48258918317,146925.6382495926,102423.13622512057,180507.2120436683,92734.30320433417,70812.29338792484,84950.30819777348,119531.92139052409,105361.56360644862,81776.76281652007,80688.52343422454,72682.70971568939,83227.97217702534,82859.39191095733,109581.01416599921,76005.18477024851,4
129674.8077481756,147480.1626777843,93027.44633286553,178863.710625614,90730.42461042698,69026.21019199016,85798.89217601922,122764.6765428396,102937.36045805937,83578.4251783401,81729.33241478592,71397.57381648706,82070.17416598489,81720.50347572607,110777.72656413635,74303.32294742143,4
130150.1175940177,149007.85970781563,94215.55330938737,183455.295378601,92780.61601884557,69980.60732848733,85929.76163980504,121603.88339804213,108682.54109412922,80943.89211462643,78915.04662216266,72992.05785895084,85088.86666165193,83052.39922432891,111346.15377737925,78916.45478206335,4
129203.11888493526,146013.68707581607,101643.35091630828,177668.16051818855,91474.58123857752,70220.93328487079,84858.1743071287,120191.94605254485,101847.4893984186,83379.56170792124,82402.27638510185,71703.9268259915,81377.42655008157,82055.17614545538,109220.39112095728,73186.58509094537,4
130212.94834768157,149266.91642605263,88420.61769016001,182158.9389036821,91518.12243677645,68867.1551784462,86424.62926204554,123508.38613610103,107102.31746462792,82046.34720639554,79550.50671702703,72160.17063381322,84314.75869593129,82313.96464275893,112000.36698584164,77785.23299518025,4
129510.70124038473,146967.3913082351,102277.26874080524,180466.93420015983,92755.40325109998,70812.80747804731,84959.51711648908,119515.89518974963,105470.66247113496,81735.07681311094,80637.22618069961,72698.3559368081,83280.4540730064,82884.47056823618,109586.95973002432,76094.457637603,4
129633.99346280021,147403.22797336912,93120.36253456623,178585.83373854563,90722.53444463426,69038.3471892294,85761.38594882321,122646.88284956013,102871.24399796057,83562.75660547694,81736.82024917845,71375.15501679838,82016.12764789196,81711.02633607702,110683.37985079049,74235.77597567749,4
130179.55484146535,149049.4786559914,94028.31274608526,183444.7453552181,92782.89589678001,69986.0164506455,85972.02878857002,121734.39523391667,108728.92096387398,80933.29738775462,78893.14191259646,72984.19004490257,85115.46523755376,83054.16501214087,111359.81069324145,78958.61017210605,4
129229.31512943687,146069.81230614334,101735.4624552086,177826.1202962542,91515.350820464,70259.66885801184,84867.22676363311,120224.53489596068,101928.06743717998,83366.66475137052,82405.36092583668,71740.24841073136,81432.0765652748,82096.16924478642,109269.05086863648,73262.87159477134,4
130260.62461860474,149348.54499680342,88410.0229632882,182349.21930423015,91520.22350075525,68885.7071263441,86462.85074506412,123662.90374552057,107070.55563575693,82081.70766612384,79596.4395518827,72159.70124717966,84306.30973652718,82320.75957307334,112037.58264035973,77772.06781769608,4
129589.5358430786,147152.10612441375,102192.55562931963,180935.89615057662,92799.9055743105,70838.89196382665,85018.70453580673,119709.41659324367,105607.58925766818,81726.00200486208,80617.91427349023,72750.36844615561,83378.75704512084,82935.36549036091,109710.18489720642,76233.5972468373,4
129687.03415239265,147545.34036461596,93274.3660538633,179002.73847612602,90747.03195655727,69070.44429426722,85772.65122802868,122742.83888850677,102878.7318323531,83606.52132112042,81794.37599115087,71416.34928182952,82045.94487499534,81755.28279009853,110773.05504954518,74271.11408366133,4
130218.60333902876,149187.88065765868,93833.51729315726,183650.15788676238,92777.30796066618,69961.49658697803,85995.20754757019,121801.2045980936,108757.08416188767,80925.36251847298,78873.62883968698,72988.59333856027,85125.65763302537,83055.55082029711,111399.46268790516,79000.40793423748,4
129244.69312962213,146144.51183611297,101796.9297524607,177916.1531229202,91542.86581788848,70275.89622448638,84856.45322280565,120181.55249137314,101994.87680135689,83344.76004180433,82386.45135002749,71777.57582397173,81465.04538834636,82130.59093124759,109276.69516524019,73326.10467983541,4
130233.51195258046,149350.35548810428,88337.31273857507,182179.74837777,91482.89608751489,68848.62558229275,86430.32895688164,123570.12165428659,107024.75691136801,82102.29362276717,79617.62900562632,72149.21827903012,84275.82195709014,82315.81983754873,112025.66916056504,77740.84243069202,4
129565.26184860014,147142.87485395372,102032.91947041983,180694.4526069704,92798.29624870971,70805.99019598844,85002.09718967644,119610.66658624013,105677.21494164645,81663.59593434285,80535.27987423896,72745.40635888652,83392.86099587215,82931.58804554798,109660.45226579336,76283.82161662837,4
129638.95555006928,147430.11712194886,93384.33663658341,178589.43236940293,90733.57620639518,69066.84566340991,85734.34033803229,122608.05786944127,102815.18582286667,83593.55730933635,81791.62672658286,71393.90813039639,81993.99942088121,81739.793031191,110673.5227314857,74199.76731535999,4
130182.59467871126,149141.07610476925,93632.66451748187,183368.79412755897,92744.18267538342,69911.47338288705,85987.16091956627,121754.40004520418,108793.27163616082,80924.46844869477,78842.98459803875,72978.44564657756,85148.07643271405,83052.06394816207,111410.23622873263,79022.67027171496,4
129222.6543095892,146084.60916097273,101886.85082040439,177736.51215273287,91561.14954485293,70281.30534664457,84845.90319942274,120137.27368560717,102037.4345227998,83310.13718964305,82342.64193089509,71779.699239695,81480.06576062033,82139.57633251863,109230.73997864008,73341.99677014313,4
130217.4410483171,149298.16416480116,88340.26316884317,182020.5145502704,91458.7338517587,68830.0959861393,86432.0500412047,123603.44810526945,106968.76579150747,82129.33923355809,79630.7941831105,72120.2727699605,84239.90270375046,82300.37478213011,112005.41848008854,77682.07969451901,4
129562.60199100996,147174.8825520137,101938.84097800744,180758.98209321286,92805.31469646867,70782.38675384365,85005.40524785582,119611.47124904052,105794.13691689217,81659.86319301883,80499.60649008829,72767.28871670828,83461.99494147241,82958.52189761662,109732.96132480638,76377.09544624036,4
129626.05859351858,147389.8839819293,93549.94071125278,178512.2741475432,90734.00088953984,69072.47830301266,85721.1304570592,122587.02487790881,102756.31132797139,83606.34250716478,81801.39443890983,71374.95385109828,81950.01118779316,81731.09820259789,110620.88437329345,74136.1989541291,4
130199.49259751948,149200.04000664235,93475.39764349433,183495.6626290873,92728.82702694261,69872.60369927928,86009.44560878821,121836.56505782189,108845.59706993069,80956.58790547705,78841.21881022678,72983.76536175792,85188.91306983388,83066.12319542447,111492.20007565024,79072.33584789466,4
129215.1441234522,146087.15725984063,101976.28014997007,177779.85218523172,91578.29333285014,70275.09156168599,84829.22879805909,120071.60426039748,102079.3440436535,83292.23344233436,82309.49429386787,71789.91398691107,81499.24355736299,82154.3955390925,109228.39304547227,73373.33391586947,4
130244.91134225266,149316.67140921013,88345.89580844592,182076.55037361986,91448.54145628709,68818.85305867829,86456.16757347198,123698.57712967123,106918.45201473856,82172.23223116783,79663.07010210397,72104.4700866306,84220.61314828553,82292.99870645985,112017.10844243866,77647.83682201349,4
129631.08773602101,147303.22626867608,101848.42817168572,181105.72470494805,92843.916159143,70784.04078293333,85058.2224200037,119767.70994278311,105924.62640102225,81653.78351852698,80470.95155369659,72805.7337171714,83554.48646002846,82998.33035449153,109834.3264859112,76504.56744486898,4
129620.6941748493,147404.7031885032,93682.77712855068,178607.02319228926,90734.53733140675,69058.50846272809,85685.01003801943,122498.53432161026,102733.31138292687,83630.70590862106,81839.95119809524,71389.12485708295,81949.98883604871,81752.06413889697,110645.20307126082,74134.83549771733,4
130203.71707722153,149206.9690474235,93273.80726025192,183389.89417432479,92713.15845407944,69825.88855336768,86016.26289084708,121827.9596362066,108836.07522679273,80928.67057665237,78797.4987980722,72950.12598635268,85165.8013660671,83039.01052940018,111447.47423499516,79066.47969084737,4
129188.50084406149,146038.3186982058,102020.82717666951,177609.39778201556,91595.63828654746,70266.35202960396,84792.79545459694,119933.96221804169,102123.95812558629,83254.59310467161,82272.14452888304,71798.2958910818,81514.77801975943,82169.63942881102,109181.09675420485,73407.82265756401,4
130185.70157119056,149197.20133509653,88297.37017123344,181672.0732059566,91407.70481916724,68778.70932563655,86407.28430834821,123556.10711051311,106831.48137706297,82179.11656846006,79671.54141325253,72066.87445245677,84157.93885683286,82267.33890382516,111929.4672524294,77565.49299544013,4
129584.39494185388,147214.33338097733,101708.72976884006,180780.10449172312,92838.93172012946,70755.96699189747,85028.74046906715,119667.1941479676,105984.260855229,81599.20055856711,80394.46388417053,72793.10498155415,83566.01996016741,82992.63065965542,109767.7629909233,76533.58000917197,4
129586.20543315477,147283.98141670006,93868.162497063,178355.14138402243,90736.88426457456,69084.36943106288,85657.53974408386,122486.48673134885,102669.07246936232,83634.48335343401,81849.5177447221,71365.18613877131,81901.30673662505,81739.97184514665,110561.27227083115,74057.92314504662,4
130183.22052755601,149191.83691642724,93143.94362496659,183376.50547939606,92691.11963404651,69800.13934375517,86007.23278608713,121873.62425012878,108868.194683575,80955.87264965447,78805.59012956503,72943.8674979052,85187.0578750441,83038.854067189,111514.48476487218,79089.32317368069,4
129185.5951172823,146013.73177930497,102183.54787630415,177671.37916939013,91625.4778653953,70300.93017827632,84783.63123937027,119965.32171551249,102149.50616949871,83231.21317997137,82249.97159838339,71799.5922922602,81514.06276393686,82172.03106546773,109165.7187540196,73412.20359947725,4
130202.68889697659,149216.62500102818,88388.20766069982,181864.81229839474,91394.6737521498,68788.94642459707,86418.46018057587,123693.45858019097,106781.81580088328,82244.406014014,79733.05341399353,72056.14561511822,84137.41995542288,82261.72861596687,111994.30966309425,77524.58930308692,4
129586.04897094358,147260.24386408852,101644.24498608649,180972.03892136086,92838.14940907352,70737.57150621075,85026.6170533439,119667.998810768,106056.74756249758,81587.756465406,80358.1646511751,72798.84937987916,83598.40763788315,82992.89888058888,109829.5208608533,76593.90736745685,4
129557.95282816325,147208.83485184133,94048.22815039493,178249.95407461573,90720.88041554457,69087.2081026087,85623.2074646005,122376.382038162,102590.52843934637,83644.96632158356,81864.96280014073,71344.6895891058,81839.99590158415,81717.55304545797,110505.30350271506,73980.87668190917,4
130207.04748714538,149203.32571307727,93016.89630948262,183406.68033441072,92669.43844192487,69782.86144529122,86036.44651609022,121945.55216378596,108880.91282617007,80972.8152719516,78796.85059748299,72937.3184367798,85198.03258157165,83028.81813392857,111545.71015187624,79102.19777848695,4
129178.73313173451,145975.84557245323,102268.39509825649,177626.9215496685,91631.08815325359,70307.88157080192,84765.61573333928,119875.1994818687,102178.54108554615,83202.60294706858,82224.89294110452,71811.9975104329,81529.0384327219,82176.83669052563,109141.98120140807,73433.34834973197,4
130174.01160884043,149127.28507844033,88383.24557343073,181634.43286829386,91351.87016151789,68763.66660161813,86389.82759592863,123605.63857622608,106687.5808462597,82258.75583395432,79751.96298980272,72029.10000432731,84086.23446062022,82231.97844409687,111946.923964849,77448.95099985016,4
129585.80310175457,147220.77068338046,101522.29386833834,180816.91781484103,92839.28934804075,70725.16628803806,85034.39546041435,119643.61305756726,106097.11481298385,81532.1453252012,80288.74013289693,72792.83676062069,83613.60682411277,82978.45965367075,109786.87373243258,76622.9869869932,4
129552.6778164718,147135.11879862772,94216.5367861434,178129.1428958348,90725.41781966899,69109.76101276411,85610.1093423497,122344.39669184646,102538.35946778768,83652.45415597608,81890.64495451987,71346.14245249539,81820.99691879713,81719.22942629212,110465.07036269551,73939.03421628884,4
130238.80931601637,149223.79991099835,92879.58954329367,183463.72198626067,92661.01183426521,69772.0208492304,86070.04118800655,122058.02614188507,108885.78550646132,80985.55576629112,78790.45799856877,72933.71980592249,85211.37657301147,83025.73359319373,111574.29803303457,79116.50289493834,4
129235.88654230673,146056.78123912588,102386.07703281369,177962.93532406515,91679.83730791061,70349.81344340008,84791.94608830764,119983.56073898802,102256.25810101726,83208.14617969349,82229.38564174005,71857.08097899926,81596.00425911,82220.62375791356,109212.90328656475,73513.79227802662,4
130192.38474278268,149153.48132294195,88402.04339051765,181747.152715582,91335.35222236541,68757.34105793727,86386.25131681577,123617.88733218759,106607.85217378763,82296.91026173953,79792.77727517812,72014.92899834264,84053.80207941557,82223.3059672482,111961.13967432258,77395.84325502435,4
129612.98282301222,147288.27295163547,101396.02886391031,180974.34115103976,92855.24849358184,70716.96319782296,85042.95617854073,119648.99982798098,106183.03491867006,81513.07928718082,80261.60511512817,72809.57821721771,83672.01193237447,83000.11849404794,109842.7307418264,76706.73897346723,4
129573.62140102642,147136.16933061712,94385.04658759196,178188.77735004155,90745.37792746758,69145.09912074794,85605.63899345863,122354.18675591788,102487.71041485196,83664.61350495977,81929.46993463874,71339.95101928127,81800.43331389825,81725.30910078397,110444.4173508188,73902.39970712659,4
130267.55365938589,149284.01551056094,92722.92616640643,183562.69551070876,92654.48512488428,69759.90620373562,86092.25882199513,122134.2232387332,108894.83796296573,80995.30112687363,78796.73883876072,72922.63334067266,85225.39111678494,83022.09025884751,111623.91890572535,79138.20643880445,4
129220.97792875505,146040.03978252885,102446.76201900984,177896.14831163269,91703.06077039966,70359.06706560458,84766.1074717173,119874.90890919077,102278.92276989494,83164.38146404999,82209.22436824135,71859.58437437826,81597.90415738871,82225.13881029355,109181.40967862723,73530.46667939027,4
130185.09807409026,149125.18401446153,88423.9704518283,181639.35025207404,91321.06945765846,68755.23999395847,86378.18233706741,123616.99326240936,106537.95826887588,82332.29307321228,79849.1483746944,71998.25459697898,84021.72732612221,82217.0027753118,111956.17758705349,77342.5566962429,4
129634.06051803357,147330.1824724892,101293.88139174956,181019.40226786165,92873.35340659064,70718.34900597918,85068.34776024196,119716.01035785799,106250.85011134746,81480.93747865409,80223.71890827644,72813.84740040867,83707.14887465822,83004.76765689465,109851.24675646386,76762.3724654165,4
129527.30858651504,147069.6728908626,94544.07924939148,178037.45604007912,90732.3692121946,69138.97474276718,85552.33008293272,122212.45434432679,102433.19451012547,83675.78937718742,81969.90424035839,71339.05694950306,81771.1972321507,81724.12445832783,110416.2094493162,73855.19282283698,4
130194.48580676148,149175.4530877415,92536.06558276006,183137.85590384674,92598.91868816837,69693.99090933692,86044.15786792731,121960.05844593745,108840.1879477725,80968.81430969409,78767.45805352427,72876.454636628,85172.48453765924,82975.46451991374,111547.58769841048,79082.37178115509,4
129155.487317501,145888.80787954424,102526.44598799301,177462.59152443308,91697.76340696376,70357.36833302598,84715.81604669285,119705.54974145291,102278.09575535009,83109.70909711231,82164.54323107521,71840.51833635788,81574.4571774551,82208.26324322978,109075.23889246452,73510.59597856952,4
130146.20603873802,148994.69453033144,88484.32016185763,181315.7416958501,91285.32901827444,68753.27304044641,86362.20083978187,123631.05250967176,106435.22965135929,82350.44268970999,79877.22216573026,71955.02632320242,83954.314464845,82179.34008590461,111891.62574906657,77249.484032331,4
129613.85454104598,147311.83169029138,101231.47532123033,181030.95811974505,92870.71590074491,70709.52006691934,85051.91922806732,119734.1599743557,106327.38248436243,81466.29708603586,80197.54501551927,72824.64329298059,83748.85722981182,83010.71322091976,109915.46331828396,76835.06033838516,4
129508.42136245029,147009.79256746682,94812.12136889952,178057.61731357782,90739.7676396093,69177.28563276358,85520.41179185055,122234.2472951707,102356.6621371105,83690.31801108338,82003.0518773856,71322.60606558395,81719.94468211468,81706.5336354415,110395.73525139515,73792.38442091757,4
130186.64034445767,149201.29170433184,92491.20563163825,183315.1052373773,92574.19765880081,69676.4000864506,86035.01600444509,122044.27981904506,108830.42023544553,81006.67816480139,78790.18977763531,72863.37886612164,85172.5068894037,82954.67739757031,111642.60496408999,79091.17836847049,4
129148.7817941644,145905.88461230812,102715.98878097402,177693.52974814532,91714.05782867168,70377.14962686892,84690.91620336965,119725.17457308467,102296.2453718478,83103.40590517592,82160.07288218413,71847.33561841675,81581.78854963643,82199.43430416993,109118.26600054099,73536.43459515985,4
130108.47629409746,148954.12611414507,88611.83686397516,181342.8990653633,91243.0842212539,68730.18368842408,86318.63728983847,123596.94374763296,106312.92090569985,82398.18601586652,79927.53594249916,71919.01766288491,83883.97352504416,82130.38976554749,111908.9707027639,77159.42885392057,4
129593.78267452511,147312.9716292586,101195.64547486848,181079.8860883577,92861.03759539576,70680.75337180536,85041.23509421767,119717.88790439224,106351.45531314079,81448.28158000488,80161.91633485751,72811.99220561888,83750.84653506834,82980.60542113846,109941.90543197459,76861.3906933535,4
129452.58670480094,146911.24372616337,95034.56592971874,177902.92089020263,90716.90180503152,69163.91928957931,85469.22629704789,122110.15040995485,102259.00736558526,83700.19748213261,82027.50468581972,71295.8286757265,81652.88944874877,81673.11777748082,110347.20961418268,73713.75098392379,4
130194.88813816168,149211.39469282565,92417.04254353554,183367.85535429185,92547.48732417672,69648.438054137,86059.78173730156,122165.00159084817,108806.77208981181,81030.75099357976,78797.31998411656,72841.07182515525,85161.30866543158,82930.15753390283,111683.64276690994,79084.42814164498,4
129169.14423336319,145969.6094357502,102854.79311404147,177997.3123070374,91740.83521852914,70389.7113072528,84699.52162498495,119795.64962335225,102360.48428541236,83111.60899539101,82164.92321073094,71876.92932807557,81630.9176839492,82228.1115923061,109208.74586209607,73606.99905240526,4
130118.0651924688,148982.84810577013,88694.24774578187,181499.7412562062,91223.10176171086,68716.03503418386,86325.85690329754,123654.45478611646,106218.90946852083,82434.26173141738,79968.52904183019,71891.79323813836,83834.01737618654,82107.99331760328,111939.48083394539,77096.06165838976,4
129655.60759968849,147452.2453489596,101135.89926193944,181497.93076490532,92882.76349100632,70680.97688924991,85092.15236808687,119874.01483941256,106442.13634039597,81446.04640555936,80144.30316022673,72834.67922624103,83820.82984695792,83001.61606092645,110065.13059915669,76958.03963637825,4
129426.5469225105,146903.51002258182,95194.33619908527,177955.11221350578,90699.69096180094,69147.46840566021,85425.17100872648,121957.89032672529,102198.85882125603,83710.68045028216,82054.86322103301,71293.36998383641,81631.69999500514,81666.18873669968,110368.10849524838,73674.5907276381,4
130167.41784422612,149156.96819507697,92228.97496568858,183101.95900225153,92499.85575674246,69589.45180051944,86056.1607546998,122058.89785991883,108734.39714126554,80999.19033040886,78740.36773924444,72784.70072563896,85106.3904293049,82871.79712913002,111612.34070209751,79023.51963800426,4
129175.06744564384,145909.97498154343,102904.8386698769,177811.79282805836,91761.68939610594,70403.23411264826,84713.4467617806,119741.02195990348,102376.666948398,83057.62953253146,82115.57055897362,71869.10621751621,81635.45508807362,82215.03582179974,109142.49529153053,73619.80660197814,4
130099.8038172488,148907.03098857772,88683.72007414342,181283.13050068982,91192.0775404069,68695.20320835152,86318.16790320491,123598.86599765612,106141.86300538338,82470.717426624,80006.72817310432,71875.78938910835,83802.79198918247,82094.51521569672,111921.8676593146,77049.90530608957,4
129655.80876538859,147430.83237777144,100961.57800693251,181383.28866759405,92878.71782525991,70655.69706627096,85108.8938246839,119859.08387411642,106490.68432935291,81404.42745738357,80083.81933973066,72826.69965347048,83842.66750129075,82989.85904334296,110049.14910187115,77014.25427368334,4
129479.78877780304,146915.11057795412,95384.43778567766,178076.59394462037,90739.41001169801,69205.94056915528,85468.75691041433,122119.94047402627,102160.72674521527,83717.11775268528,82091.69889589536,71292.6770797583,81615.96436690859,81669.94382976816,110348.5954223389,73661.5820123651,4
130247.48179286502,149333.3011070849,92110.06368518635,183618.21724393574,92511.34455339248,69590.79290518677,86114.90113912836,122309.12563909599,108799.15014495257,81059.87531660502,78792.13437940292,72821.78226969032,85180.3076482186,82907.00112664714,111797.36844269854,79123.49899095285,4
129197.57565231033,146024.6617823436,102948.13399888683,178154.31096009148,91785.53870743976,70405.24576964925,84701.53328198592,119712.90346537871,102438.62598402811,83040.08341313404,82114.25180605076,71903.12557257719,81676.15761472675,82239.33216802267,109216.12193776631,73693.23208251383,4
130116.03118372336,148948.47112279787,88697.01936209433,181343.0555275745,91168.29528430644,68686.50837975841,86317.49735087126,123613.931073419,106054.15476014075,82487.10125530974,80033.77378389523,71852.07418824127,83752.32175020239,82072.29758170815,111900.27587417077,76987.20866289243,4
129685.24601283623,147514.4726055232,100773.286911641,181462.59265692148,92881.55649680573,70637.9721329179,85134.2407028962,119878.06050515897,106569.6530425135,81366.87652669866,80026.95650183636,72836.66853149755,83884.55467039999,82995.64814515688,110069.91387247013,77090.85370193169,4
129476.59247834593,146909.74615928487,95482.22666766962,178009.00226938754,90737.95714830841,69213.62956924792,85445.55579966973,122024.52087694657,102139.02320134918,83716.1566276737,82106.8310268916,71305.55168456456,81610.15291335022,81684.56187064193,110318.6887882577,73654.40710239495,4
130217.61986227274,149288.50821119646,91868.0836997132,183282.65050442822,92465.38936679237,69543.3177999637,86104.26170876762,122200.40675406538,108760.43692355597,81026.01242375522,78746.69328292529,72783.71724888292,85140.00745296567,82874.54639369802,111709.63784571146,79090.30665043672,4
129206.56105358138,146001.0583401988,102980.38756613583,178010.18691184366,91813.94777464245,70443.89193581247,84718.92293917215,119724.36991028428,102489.69972010849,82986.17100550783,82051.71162506481,71910.45694475854,81697.83880684839,82253.50317400732,109145.57983226537,73734.8063272007,4
130121.55206460382,148958.9540909474,88754.03866219982,181368.71533020918,91159.06401384641,68705.73087998998,86322.43708639588,123693.5479871688,106014.39100675477,82536.74447974497,80083.81933973066,71854.08584524225,83750.06422401241,82076.81263408811,111934.20582225393,76967.4720725384,4
129674.09249235303,147564.38405089188,100675.02864301547,181549.0939079635,92884.59633405166,70626.97507464589,85124.02595568013,119870.90794693326,106645.6266219171,81346.53643924433,79986.633954839,72845.81039497977,83923.31259528549,82994.55290967858,110122.1946027511,77155.78551957435,4
129450.7538617556,146865.98144364136,95726.1512549104,177932.40284113918,90749.35653798062,69248.92297374284,85417.68317433396,121997.16234173326,102068.01170921465,83717.31891838538,82115.90583514045,71285.9268529328,81551.25606671048,81658.05270171794,110265.51398819852,73581.5180637262,4
130227.43227808861,149338.73258098753,91826.33064107069,183404.17693903172,92451.77715441909,69536.3664074381,86119.28208104159,122318.75924095622,108765.91310094752,81073.39812200048,78769.13443435842,72775.76002785683,85143.851953012,82859.30250397952,111795.87087582004,79101.5719296422,4
129193.52998656392,146031.41200916911,103128.0431900076,178134.93199764873,91832.29855684025,70451.58093590509,84694.11250282676,119687.46718018857,102540.97462188896,82987.75797936416,82052.4715843763,71926.68431123308,81711.00398433256,82257.14650835354,109199.91692303622,73771.70905729641,4
130069.42779653404,148879.80656383117,88852.09576512525,181125.997737169,91117.40036218171,68677.0088883649,86278.02417016317,123582.30335501474,105885.73436567001,82563.72303530252,80123.00194776081,71804.91200744058,83643.62521691623,82025.49302881873,111878.95230996041,76845.92328619043,4
129662.17901255835,147553.36464087543,100606.9452294046,181441.44790666676,92882.71878751741,70611.418260505,85132.05023193959,119876.16060688026,106690.57598001671,81327.26923552385,79955.63208527947,72831.92996167303,83921.8597318959,82979.35372344896,110124.45212894108,77183.59108967676,4
129390.40415172627,146770.11481167257,95935.31887952315,177732.84646664222,90730.916348805,69242.79859576208,85364.35191206359,121856.18988945364,102013.09347308797,83742.59874136433,82167.20308866538,71274.08042837148,81503.82566497632,81648.46380334662,110242.93872629867,73524.14113570943,4
130154.99027430896,149232.65120180266,91714.39310483851,183051.86874292718,92399.00468576011,69478.20716836538,86082.40170269033,122208.52043730265,108695.52745765775,81066.64789517497,78756.2374778077,72717.28786436176,85067.92307709731,82798.5951660389,111738.89627920346,79020.03276586924,4
129160.67292221462,145948.62114770667,103262.10895325053,177967.1151002783,91849.28588262628,70468.27768901321,84678.24276426349,119661.56150836486,102549.37887780415,82952.91160975833,82028.42110734238,71910.41224126962,81691.35680095635,82234.57124645368,109151.83832071285,73753.11240590959,4
130039.67762466404,148810.4714525308,88991.68240924865,181054.47215491201,91090.31004790188,68677.76884767639,86258.82402167608,123615.13806761958,105787.78902146686,82610.77345738096,80182.7705124343,71774.75950417036,83583.65548654264,81993.39592378092,111892.96685373389,76757.18686070286,4
129631.98180579924,147545.7873995051,100546.30494669736,181493.41571252534,92866.0220344093,70582.20453050191,85110.61490900695,119864.35888580787,106728.68570431301,81317.47917145243,79934.59909374703,72822.74339470189,83931.00159537811,82959.46067088374,110186.4111645712,77210.54729348986,4
129407.83851240142,146766.3373668596,96228.23849060995,177902.987945436,90754.07275606069,69292.57593066405,85373.35966507909,121976.30816415646,101950.24036767965,83761.97770380709,82213.58295841014,71263.9774398777,81461.5808679558,81629.59893102634,110247.09615076735,73466.92066990383,4
130228.32634786682,149380.53034311897,91711.08504665912,183574.27371433662,92408.70534285372,69493.62987203954,86146.08182264351,122502.69174607894,108709.94433283142,81137.21235242038,78825.97492050826,72734.90103899254,85099.17081584584,82807.4017533543,111905.6179410956,79062.29991463422,4
129225.09064973482,146123.74706551398,103392.59843738061,178577.9435727529,91897.7891680943,70500.93358766241,84708.59643323379,119799.36001293184,102629.73339912097,82977.36441819245,82075.94091605436,71957.21679415903,81754.09814764239,82272.5692120277,109305.08188069843,73853.82936642521,4
130082.97295367396,148929.82976792214,89080.24002078058,181424.63939483635,91090.1535856907,68681.23336806695,86279.05235040812,123709.55183619879,105712.26247695238,82669.24562087604,80275.46319669047,71772.8372541472,83552.58656174978,81990.89252840192,111963.55366272375,76727.68255802186,4
129703.55209154512,147718.94636380035,100407.27709618534,181881.9784381364,92893.13470043358,70576.23661473235,85163.92381953285,119995.51892227161,106802.80408892682,81310.6395376491,79931.40279428993,72844.42458682354,83983.05880821453,82977.90086005937,110274.29822376947,77305.0951725358,4
129419.57317824045,146793.651198584,96327.81551215834,177935.17445745165,90758.43134622948,69290.11723877398,85355.0982898591,121860.43672090015,101906.11802412487,83757.68616887166,82243.62370295808,71270.43709402527,81444.54883868084,81637.13146890777,110233.66275234972,73451.22974529621,4
130237.57997007133,149371.0979069588,91474.91651474436,183342.06144119042,92372.07083369147,69446.62415345003,86154.21785762523,122413.26241651326,108665.48671310983,81107.70804973938,78802.90792023038,72711.90109394802,85076.75201615716,82781.51843327504,111855.03594339323,79043.63620801404,4
129255.9584088276,146099.76364371344,103351.18065490492,178397.78851244313,91920.72205790546,70514.18817212441,84731.26110211147,119739.43498604716,102675.01803338743,82911.65028949385,82017.17817988136,71979.1438554697,81792.90077601682,82283.54391855525,109244.77687415802,73904.3443088942,4
130097.2557183809,148862.95334851186,89036.05062199243,181158.22895267355,91066.34897784579,68679.46758025499,86292.70926627032,123655.99705648387,105638.34525803868,82667.1669086417,80287.51078695188,71772.3902192581,83540.24839881044,81978.17438580685,111910.89295278705,76682.86731038896,4
129745.81924031011,147746.86369262502,100193.46030872587,181837.8784463261,92902.7235988049,70573.77792284226,85210.12487532197,120017.825963238,106890.7805551029,81263.2314876594,79873.10944475049,72878.5557006068,84066.76609119965,82993.65883990037,110293.9901106346,77397.54198760295,4
129422.5012567641,146747.1372183725,96428.08543778484,177788.8152347583,90768.55668646774,69318.6604164434,85356.90878115997,121787.63708920922,101872.97038709765,83733.63569183776,82245.94828438143,71290.7771814796,81452.1707835401,81643.769937011,110179.63858600124,73432.56603867603,4
130274.68386586713,149416.11432029182,91308.64188774132,183374.91850553974,92363.04072893152,69448.43464475092,86200.62007911445,122526.85398183513,108673.8015620472,81116.06760216565,78800.73980101822,72722.51817256429,85113.9900224197,82785.89937518828,111888.02711820927,79064.17746116847,4
129232.26555970497,146091.15822209814,103336.1379308865,178319.42329638283,91927.80756089778,70514.45639305787,84704.64017446521,119605.70449897106,102733.91488002717,82861.5600301695,81974.06166482708,72000.08744002432,81831.74810788014,82298.78780827377,109234.36096124185,73947.9078588376,4
130065.13626159863,148788.83496389806,89053.32852045639,180886.9458302195,91036.9340821426,68677.56768197629,86272.10095788252,123580.35875324711,105539.97523069088,82673.58185930036,80302.97819411496,71740.3825211981,83480.41277890358,81956.26967624066,111836.05931235067,76593.23681512318,4
129767.50043243176,147777.70909997335,100032.14776899193,181808.48590236736,92914.99470651087,70582.89743458002,85246.35705308402,120093.30780426358,106971.91738747567,81240.79033622627,79827.57894129503,72885.3059274323,84107.2003969193,83006.15346505088,110308.786965464,77461.87030814533,4
129433.11833538036,146748.97006141784,96584.7041111832,177832.69170912408,90792.36129431264,69361.59811754205,85356.19352533741,121809.89942668671,101873.9985673426,83752.45586066913,82277.4642440634,71305.39522235337,81452.46135621803,81672.49192863607,110184.66772850369,73436.05291081106,4
130266.27960995193,149443.18228282718,91136.89108334674,183381.19934573167,92339.66080423127,69422.8866008385,86203.65991636037,122538.40983371853,108673.46628588036,81137.50292509829,78813.16737093536,72708.10129739062,85105.3398973155,82787.21812811114,111923.3652261931,79069.96656298239,4
129221.91670202216,146104.09988213776,103341.56940478914,178332.40965991135,91953.89204667712,70526.5933902971,84697.91229938416,119564.24201300646,102798.75729069201,82823.85263727339,81940.19877197729,72007.08353603883,81850.14359356686,82317.78679106079,109219.38529245679,73995.69588848304,4
130011.82735107272,148719.38809387543,89083.14574755976,180670.2009642364,91008.01092481744,68660.51330095688,86231.21961727377,123478.16657759745,105455.8432645611,82688.60223157433,80338.58452303226,71708.15130569355,83415.25744381636,81936.84601030899,111786.34903268208,76515.83272407445,4
129739.20312395135,147758.21837880832,99863.23563614317,181674.80011878017,92909.71969481942,70559.87513779105,85244.14423038295,120073.32534472054,107027.64028640275,81193.5163967033,79772.77246389061,72863.8482527552,84109.21205392029,82993.01063931116,110283.86477039634,77496.02377367303,4
129371.29341021698,146659.3172144076,96733.65613623336,177642.32190159822,90789.65673323354,69368.14717866745,85307.86905382504,121685.6237275152,101849.52340716403,83743.64927335373,82295.54680532776,71292.05123091355,81422.6217773702,81671.62021060231,110146.245079785,73404.00050926216,4
130236.12710668173,149397.54002064944,91008.81558761784,183213.0024687055,92311.09527481739,69402.30064419516,86209.56077689657,122563.46613925292,108642.5985267876,81133.41255586297,78810.86514125648,72667.3987707375,85066.1796410298,82754.98691260659,111894.5091241013,79037.46712654438,4
129204.43763785812,146084.65386446167,103375.9463877614,178317.16577019283,91977.07080567727,70545.21239342837,84698.38168601772,119547.99229478744,102874.9320357957,82791.71082874667,81911.45442860776,72018.46057396657,81878.08327413599,82331.44370692298,109224.39208321477,74051.06115949883,4
129998.52806312182,148686.77689871515,89154.53721935001,180652.6324930945,90993.97402929951,68671.42095225108,86234.48297196424,123516.99155771632,105396.2758655877,82722.19690349065,80387.06545675582,71690.62753804059,83380.52283293281,81931.66040559535,111784.29267219218,76467.03886592852,4
129765.3770167085,147828.53696686472,99715.0882738934,181885.91234516053,92918.63804085708,70558.75755056829,85279.6835040669,120177.2162529488,107118.74599680258,81180.32886747466,79743.0222920206,72880.92498551906,84170.14290930545,83013.5965959545,110358.07256198795,77587.57651896197,4
129383.81038711195,146654.869217261,96894.85691724502,177729.24783578492,90805.928803197,69404.5358186407,85309.2325102368,121691.5692915403,101815.70521780316,83732.1604767037,82297.91609024002,71299.06967867252,81408.42841964107,81677.18579497168,110118.8418410828,73386.81201777601,4
130294.97924983256,149507.84587953638,90892.92179261707,183543.94239711075,92311.1846817952,69406.01103377475,86257.86289666449,122742.41420536212,108672.72867831335,81177.78076860675,78848.6619411304,72696.8583699296,85119.37679283343,82781.71959897513,112008.2347998899,79099.6720313635,4
129263.98268508706,146218.67492421568,103409.42930095545,178751.01313007035,92018.68975385306,70575.63311763205,84725.98609042002,119647.27874365792,102969.39050786383,82777.69628497318,81902.29021338109,72075.2116531386,81956.15791751837,82379.83523366872,109311.40742437929,74164.02687597596,4
130035.52020019534,148759.80004785061,89215.46807473518,180879.07801617123,90990.53186065338,68683.49089425695,86247.06700409258,123588.04775333975,105321.97866701827,82753.24347653908,80435.47933524601,71699.5682358227,83353.924257031,81931.57099861754,111805.10214628007,76437.66867371424,4
129782.96783959483,147920.08971215365,99536.58724267331,182035.73608824445,92919.68857284648,70532.22602989984,85285.87493728101,120160.18422367386,107188.23757031413,81158.37945441956,79713.40623061731,72907.12123002067,84215.74046799427,83023.07373560354,110414.60012371543,77669.92034553533,4
129364.02909326901,146629.07530415957,97042.22196843887,177635.3705090726,90812.34375385568,69412.00130128876,85277.02364647671,121568.56764180276,101781.32823483089,83721.09636319833,82313.65171833655,71308.97150146622,81387.44013159754,81677.14109148277,110074.3842213612,73360.05697966302,4
130230.29330137889,149404.5137649195,90721.41685741149,183103.4118656411,92254.16538168972,69345.01312315621,86220.13315202393,122562.19208981897,108599.12438382201,81151.8527450386,78814.24025466923,72654.41240720898,85056.34487346947,82728.03070879349,111923.72285410439,79028.32526306216,4
129194.15583540867,146064.2690735184,103423.64501042903,178246.93658911428,92010.39725666014,70559.07047499067,84684.92593585563,119437.30645624477,102979.58290333545,82704.82959804888,81826.45074444423,72055.98915290703,81936.42132716434,82350.97913157691,109197.50293463505,74147.91126822367,4
129993.65538283056,148606.8247087985,89330.24428251319,180486.33551434704,90962.39101438416,68684.92140590207,86235.57820744255,123557.917601814,105224.18978502629,82775.37170354983,80459.61921925774,71664.25247958333,83298.08959938164,81900.2338528912,111734.20241286785,76339.41040508871,4
129761.24194398428,147875.11800230958,99431.69050594456,181925.3408223797,92910.39024715307,70509.06962264415,85295.06150425214,120177.84210179355,107249.48135012167,81148.32116941466,79681.44323604622,72910.02695679986,84251.61501784505,83017.843427401,110446.3172490975,77715.13792456841,4
129317.15748514624,146526.77136978763,97263.57129377978,177492.7887311922,90811.11440791065,69423.13247002751,85246.89349495096,121506.92153059502,101729.47218769458,83725.32084290039,82327.5321516433,71299.89669321736,81349.77744219035,81663.48417562059,110030.41834001761,73308.42444997125,4
130250.40987138866,149445.1715880837,90698.7074850449,183309.29378381895,92243.34713737335,69338.84404168655,86260.03101587665,122756.76402530241,108590.54131395118,81213.09652484614,78853.84754584402,72650.41144495147,85066.33610324099,82723.71682211362,112011.56520981375,79035.61193175458,4
129199.14027442221,146121.46718757955,103516.1365289851,178534.6035402541,92039.02984130739,70566.53595763874,84688.09988356828,119480.93706142153,103042.50306397714,82703.06381023691,81813.73260184916,72077.64799328423,81971.0441793256,82367.05003584028,109264.22289183413,74210.1608765317,4
129965.40277783904,148586.1269934329,89449.62494964898,180535.82227657107,90940.0169181844,68667.62115569368,86211.12539900845,123526.7592700433,105122.69051345474,82820.41046862728,80510.31297568238,71638.07858682616,83236.73406085183,81877.41272180232,111738.873927459,76261.87220357325,4
129775.70352264686,147939.28986064077,99317.40603654458,182111.59790892576,92917.60986061214,70488.46131425635,85319.82723710862,120258.62130625502,107303.88549612588,81143.91787575698,79651.51425022057,72907.18828525404,84277.90066932449,83016.68113668932,110504.78941259258,77768.17861416086,4
129314.43057232269,146536.71789607024,97456.84682808482,177627.9720816579,90829.46519010844,69437.05760682316,85230.77788719868,121494.11398102212,101705.9581525276,83744.69980534313,82355.2930182568,71305.23876014218,81337.50633448438,81672.6260391028,110050.19963386055,73295.32632772045,4
130242.5867608293,149460.81780920242,90576.71166380783,183316.1557693667,92216.86032019381,69294.98991906524,86257.72878619777,122763.29073468337,108547.08952273006,81233.21309485592,78866.47628146128,72623.76816556074,85035.6695098483,82700.53806311346,112031.52531761234,79007.2475680408,4
129190.244280129,146128.21741440505,103522.57383138822,178533.1953803534,92057.40297524966,70558.33286742364,84678.75685438597,119422.82252583774,103098.29301813759,82668.95504819811,81782.41780786727,72089.18149342317,81994.71467670378,82377.33183828973,109260.4901505101,74259.84880445586,4
129952.14819337706,148559.88604544237,89524.83856974108,180471.0022176507,90922.35904006471,68658.18871953353,86199.5471953806,123523.02652871926,105050.94141375321,82855.27918997756,80560.02325535098,71627.46150820989,83198.31141213315,81870.93071591029,111729.2179738543,76210.46319132605,4
129765.01938879721,147969.39766042205,99139.88848208053,182102.81367335483,92908.22212794091,70453.36907546152,85325.52693194473,120249.99353289529,107367.16328467886,81116.20171263239,79617.56195039296,72908.73055562146,84307.87435863905,83015.0494593441,110529.17516579332,77826.8742951005,4
129315.74932524555,146525.92200349833,97637.8959581728,177633.5376660273,90846.36310891666,69471.63575549552,85231.18021859888,121514.2305510319,101687.6967773076,83731.2664069255,82367.5417742183,71304.47880083071,81318.86497960865,81674.7271030816,110006.56902868379,73275.07564724394,4
130210.17673136911,149460.81780920242,90439.27078715216,183257.9518268051,92175.68840690714,69256.47786336874,86242.52959996815,122725.3151208538,108534.2149179238,81255.54248756677,78888.6715637054,72609.41834562043,85029.03104174508,82692.69260080965,112073.34543148821,79003.76069590577,4
129226.36469916877,146203.98982810855,103578.63200648213,178763.26188603186,92103.35816184977,70601.29292026674,84714.38553504772,119562.2750594944,103191.20921983829,82641.06007111788,81758.18851687772,72109.02984249948,82045.22961917277,82401.51642579037,109290.41913633575,74333.22958150263,4
129902.79554161974,148535.79086491955,89590.06096006167,180440.46973472473,90889.68078967104,68636.19460298952,86150.66393025684,123424.61179788254,104980.01932859652,82887.13042582637,80609.84529374186,71610.78710684623,83160.62637098151,81860.42539601629,111748.50752931923,76154.27090576541,4
129775.0329703132,148011.3295330202,98994.62449486548,182154.9826449135,92910.45730238645,70442.17085148941,85343.11775483105,120317.13817323901,107420.29338124912,81089.26786056375,79567.06935966843,72897.71114560499,84324.77227744726,83009.41681974135,110544.21788981174,77868.73911246528,4
129241.56388539838,146416.08553124496,97762.79750618906,177355.34785453652,90828.50406509687,69453.77671167573,85160.19107820882,121285.59455699856,101643.66384073066,83710.70280202662,82360.1880502925,71290.19603612376,81275.63670583209,81667.95452451165,109944.52058607586,73230.46156531114,4
130203.98529815499,149414.14736677974,90341.21368422672,183081.97654270846,92150.47563916155,69240.18344166082,86261.08154786605,122795.27608099891,108486.15866734489,81258.4258626015,78871.99716234174,72576.49422603777,84991.34600059343,82665.19995512962,112034.38634090261,78960.13009072901,4
129164.76329144994,146106.8938501947,103552.12283755814,178487.77663562022,92089.85770819876,70572.81679783069,84666.35163621327,119369.26774612282,103230.43653135737,82584.33134369033,81698.88933883779,72107.4652203876,82044.04497671664,82391.43578904102,109243.77104565753,74355.73778816912,4
129900.94034682994,148449.80370399996,89707.25115624085,180267.57899136294,90875.5544871753,68656.08765555473,86158.4870408162,123469.44939725989,104892.66871126519,82908.09636212545,80639.32724467841,71586.11078096757,83102.48948365325,81836.4196224713,111691.57763619158,76076.21861412747,4
129793.60726995555,148047.80757997127,98859.66466184433,182264.14856483325,92909.3844186526,70430.27972343919,85370.900973189,120395.14576138805,107497.16103043093,81086.16096808446,79549.94792341566,72913.58088416826,84370.57100183619,83013.9989273547,110618.33627442554,77945.6961686249,4
129256.49485069452,146436.53737742154,97965.10314525403,177553.47371738838,90851.88398979712,69486.83494172513,85158.87232528595,121327.32526389662,101644.06617213086,83724.91851150019,82402.00816416838,71309.19501891077,81279.95059251197,81676.04585600446,109977.93644403655,73237.30119911447,4
130166.09909130324,149385.67124434368,90216.62506063284,182990.7367218419,92101.74883624898,69188.3273945245,86228.17978002784,122712.59697825873,108417.96349501175,81261.71156903644,78874.90288912093,72539.03270233067,84936.87479935585,82614.05916381588,112029.58071584473,78905.21185460233,4
129168.09370137379,146124.14939691417,103589.27143684286,178565.00191271328,92113.46115034356,70582.76332411329,84662.2389152335,119371.61467929062,103296.75415715626,82556.16814567664,81672.96131526963,72121.90444730574,82078.15373875544,82395.01206815387,109265.85456917937,74415.43929760925,4
129857.75677654229,148364.6659093697,89806.80582604479,180067.19560232112,90845.96077751646,68643.72714087095,86119.90792988634,123374.20861413583,104772.97511970701,82916.27710059608,80665.41173045775,71548.38103632702,83024.25837805968,81795.11359871789,111629.57389707255,75974.16054894455,4
129761.26429572873,148001.24889627087,98694.50762206408,182086.474548158,92888.10555793114,70395.58981604455,85359.34512130561,120340.02635956126,107517.76933881872,81044.18439199739,79491.43105643167,72891.36325017968,84369.18519367996,82988.1379590199,110594.24109390273,77960.82829962115,4
129231.19267597112,146353.72416421465,98143.87239740758,177422.20192220234,90860.08708001222,69509.03022396925,85138.86751399846,121278.3749435395,101610.02446532542,83704.53372055695,82397.87309144415,71302.35538510745,81258.26940039032,81668.87094603431,109920.80538520878,73207.81924817793,4
130165.31678024732,149368.81802902438,90135.80115268244,182980.27610543682,92078.34655980427,69172.01062107213,86245.0553470916,122775.15951098914,108378.04327941457,81278.49772912238,78887.97865962729,72517.39621369794,84924.2907672275,82598.16707350816,112049.07143700976,78887.33045903807,4
129174.50865203245,146128.8879667387,103609.94680046402,178648.57508523169,92136.77401981044,70594.11801029659,84670.57611591532,119374.27453688081,103350.13012291552,82508.89420615367,81634.15868689521,72130.44281368767,82105.40051524645,82405.15976013658,109264.33465055641,74467.74237963467,4
129839.40599434449,148312.58634478884,89908.66272552761,180024.61552913376,90827.31942264074,68644.1518240156,86104.820502379,123359.72468372878,104672.34756616922,82929.15170540234,80703.5438064985,71523.57059998163,82967.77551982111,81773.96884846316,111592.96173965475,75900.77977189777,4
129802.5926712266,148085.4032141451,98572.57885606037,182346.42533617324,92903.21533718292,70397.0203276897,85402.86396776009,120501.22714057293,107580.53303724922,81034.43903141488,79473.2590881895,72899.0522502723,84414.93921457996,82993.59178466699,110661.9668796023,78031.7727365223,4
129243.1061557658,146389.66576929876,98349.03905976284,177649.87679122412,90886.43978672502,69539.92033480649,85126.10466791448,121291.89774893496,101594.8252790958,83711.57452006037,82432.29477790532,71314.71589979123,81260.14694692456,81682.37139968532,109952.20958616848,73208.22157957812,4
130200.67723997562,149451.36302129782,90094.00339055102,183222.52431184344,92071.90925740114,69172.63646991688,86270.24576309274,122927.44194596315,108331.10461605844,81310.6395376491,78917.99705243076,72500.85592280101,84903.54834837298,82581.15739597767,112097.73118468895,78861.40243546992,4
129180.81184396886,146212.259973557,103647.72124859349,178915.4772657725,92159.75161311051,70597.42606847598,84655.5780953858,119377.56024331573,103419.04055107124,82499.50647348243,81625.9108931912,72157.84605238987,82147.62296052254,82419.8001527548,109338.72125610367,74534.12706066693,4
129805.3866392835,148291.21807708958,90043.51079982649,180003.06844747884,90802.9783729289,68633.93707679953,86061.27930418006,123293.85409281899,104560.41002993703,82964.04277849708,80753.05292046702,71495.80973336814,82895.64644046384,81739.9941968911,111575.77324816863,75804.93549167342,4
129756.10104275955,148061.50919932238,98429.19241537958,182187.03504646244,92873.7780897353,70347.98060035474,85370.76686272227,120400.10784865712,107587.48442977482,81008.51100784673,79432.15423013619,72872.94541274851,84393.23567071387,82956.17496444882,110653.9649550873,78026.58713180866,4
129202.29187039041,146298.5824106434,98550.78590521646,177425.04059374818,90886.52919370285,69557.44410245944,85091.6829814533,121222.24971321222,101540.8681679807,83695.1012843968,82431.5124668494,71295.02401292611,81199.14903630603,81653.38118712678,109870.1786840175,73140.58520085635,4
130135.25368395493,149376.3952703947,90013.22418608954,182978.39855890258,92011.470140394,69119.6628355578,86225.0505358041,122838.88433443122,108277.97451948817,81344.88241015463,78941.08640445309,72474.27969864366,84858.777804229,82547.42861359462,112115.79139420885,78810.88749300093,4
129138.45528822605,146134.25238540798,103688.89316188016,178688.47294908442,92155.99652004201,70589.87117885008,84630.00769972893,119308.64981516002,103429.56822270968,82447.42690890157,81561.8507935823,72133.70616837814,82114.67648919541,82387.77010295035,109268.06739188045,74519.10668839296,4
129764.10296727455,148193.36213986424,90199.12364472433,179804.67436369354,90768.80255565674,68627.52212614086,86026.03060317405,123264.66271456037,104462.26352003378,83003.67242141634,80795.16360702082,71466.59600336505,82825.797239041,81711.49572271058,111555.20964326974,75710.74524053874,4
129765.26525798623,148088.6665688356,98337.79613230182,182275.14562310526,92863.7198047304,70328.37812046745,85382.21095588339,120495.28157654782,107641.08391297865,81019.99980449675,79415.72569796153,72873.72772380445,84416.90616809204,82947.94952248926,110722.29423788718,78065.5238706498,4
129181.12476839124,146269.34632889586,98777.3655387599,177490.1512253465,90886.86446986967,69560.59569842764,85047.65004487635,121166.86209045198,101522.29386833834,83715.26255789549,82464.86126957671,71303.69648977477,81187.39201872254,81650.65427430323,109890.76464066084,73118.14404942322,4
130126.40239315062,149354.31174687287,89970.33118847982,182958.86313424865,91973.13689865315,69080.18965484973,86218.07679153404,122873.35072438131,108198.42466097172,81370.05047441131,78958.20784070586,72434.40418653538,84804.12778903577,82494.85731063572,112113.95855116351,78740.27833226661,4
129164.51742226093,146173.9043800717,103755.16608419015,178882.0837595563,92182.28217152145,70601.65054817803,84645.81038305884,119384.26576665233,103493.47186010741,82432.42888837206,81550.98784577702,72150.6264389308,82149.52285880124,82388.12773086164,109310.82627902344,74573.93551754183,4
129802.57031948214,148249.82264635834,90381.20095505727,180109.6192132973,90772.51294523632,68645.33646647174,86044.22492316067,123401.41068713793,104406.2947519177,83073.70043679481,80889.89030002241,71472.7203813458,82815.40367786928,81714.35674600086,111632.34551338501,75683.90079544793,4
129782.96783959483,148182.76741299243,98205.09382547067,182541.10903037895,92856.92487441598,70291.60950083846,85388.40238909751,120531.04436767631,107680.42298321999,81020.35743240803,79410.22716882553,72876.454636628,84439.95081662545,82939.14293517386,110810.2036488299,78118.89983640908,4
129156.40373902366,146230.3648865658,98937.851063949,177431.5896548736,90889.94901060451,69560.12631179408,85012.71426829271,121055.23747864217,101455.10452450569,83686.67467673715,82455.1606124831,71279.17662610729,81127.3999366045,81622.35696582282,109826.03398871828,73060.00716209497,4
130149.04471028385,149378.54103786242,89905.77935049288,183006.74057087192,91959.74820372442,69063.51525348607,86242.28373077915,122964.74700745905,108156.85041628485,81397.1184369467,78979.59846014959,72411.62775893543,84786.24639347153,82477.02061856039,112151.8224062708,78719.1335820119,4
129162.72928270452,146188.85769711228,103731.36147634525,178915.09728611677,92197.86133740681,70584.93144332546,84632.48874336347,119310.50500994982,103557.01786959385,82396.84491119921,81513.99570870349,72163.76926467053,82186.6044028526,82397.80603621078,109344.82328233997,74633.94995140433,4
129774.49652844627,148158.13579060268,90447.60798783398,179864.21941092247,90748.84244785816,68629.51143139738,86016.75462922509,123300.31374696658,104293.82077381859,83070.12415768196,80898.31690768205,71436.48820358375,82747.90140961426,81675.71057983763,111558.74121889369,75584.90491925536,4
129803.10676134906,148184.68966301557,98013.42761676642,182493.29864898906,92857.03663313827,70273.45988434076,85423.33816568115,120581.7604758454,107729.55211753274,80992.70832451682,79360.89686881268,72872.11839820366,84476.07123566524,82930.82808623649,110824.91109668149,78164.27387765335,4
129160.3376460478,146182.91213308717,99045.72058269031,177346.29539803212,90908.79153118034,69582.88038764958,85011.12729443637,121002.04032683854,101448.66722210255,83665.50757473797,82451.83020255926,71286.79857096655,81135.11128844158,81626.78261122497,109784.95148240942,73055.17918529263,4
130161.31581798982,149366.29228190094,89768.85256395968,182936.31022409323,91937.17294182455,69051.53471845803,86263.09320486704,123000.66626079874,108126.85437522584,81414.23987319945,78985.92400383044,72399.42370646283,84784.36884693729,82462.13435675316,112144.93806897856,78696.69243057877,4
129163.53394550491,146182.44274645363,103684.69103392256,178897.35000101925,92212.70289572513,70593.17923702947,84634.03101373088,119275.01043975478,103621.43559711405,82353.14725078909,81472.51087099443,72176.10742760985,82226.07758356066,82399.9518036785,109330.47346239966,74686.9235857634,4
129724.78624877767,148057.15060915358,90508.85176764152,179610.37064914356,90713.14671196303,68623.2976464388,85971.2464775141,123169.6678006253,104194.62373192594,83079.73540779775,80923.68613763883,71406.64862473591,82691.64206882025,81645.26750388951,111489.3167006155,75504.61745317192,4
129788.64518268648,148163.4331540386,97840.44746642679,182371.23577251862,92833.47789448236,70254.90793644285,85427.49559014983,120581.38049618967,107760.95631849246,80966.37796954847,79311.34305135526,72853.85702298368,84490.91279398356,82908.81161794801,110813.26583782028,78191.72181984448,4
129150.52523023191,146150.36799316027,99212.88927947155,177354.7220056918,90922.71666797598,69622.17475440202,85003.30418387702,121003.82846639496,101446.11912323465,83660.81370840236,82476.4171214601,71291.827713469,81138.7993262767,81628.25782635903,109775.07201136017,73052.85460386927,4
130123.34020416025,149323.8910226692,89658.412594606,182825.75849601728,91887.82029006723,69018.81176457545,86246.48585873675,122956.29804805494,108066.9069965967,81429.86374257371,78992.02603006674,72368.62300260342,84749.38836686473,82430.01489997088,112144.468682345,78656.86162195941,4
129138.09766031477,146154.01132750648,103605.11882366167,178814.89441572363,92212.74759921404,70583.70209738042,84624.24094965946,119191.21374979184,103680.04187107587,82306.96854674442,81417.68204184558,72177.76145669955,82250.15041233903,82398.54364377781,109305.03717720952,74733.25875201926,4
129713.25274863873,147987.30140773076,90572.48718410578,179458.602304292,90699.57920307865,68634.76409134438,85970.21829726915,123154.62507660688,104112.30225709705,83085.94919275632,80941.7016436698,71385.28035703664,82639.29428330592,81626.1120588913,111408.93982755422,75427.66039701228,4
129772.127243534,148143.62950845118,97583.7376813576,182248.03295708096,92815.57414717367,70220.26273253713,85435.31870070919,120536.85582123468,107806.97856032594,80935.19728603332,79257.11771930668,72849.90076421508,84509.55414885929,82904.22951033468,110796.23380854534,78226.8587621282,4
129107.475770411,146043.3701924527,99279.78805062629,177098.5039590006,90921.73319121996,69629.46142309444,84962.84752641291,120846.40513019623,101423.27564040133,83623.15101899518,82444.65529258912,71291.15716113534,81117.18518938842,81629.82244847089,109674.35505084456,73025.65253086717,4
130133.51024788742,149298.25357177897,89548.59847409707,182763.17361154244,91872.50934511535,69022.32098845494,86264.4566612788,123058.19965102669,108027.12089146626,81443.74417588046,78991.60134692209,72353.28970590708,84729.42825906615,82417.9002544761,112113.9138476746,78623.71398493218,4
129170.35122756378,146225.760427208,103616.98759996744,179095.8781952713,92256.6240735798,70624.02464437779,84638.83663878878,119304.69355639143,103782.45756417008,82285.2202993894,81387.64129729764,72219.96155023116,82317.92090152751,82432.74181279443,109364.44811397172,74821.77166006228,4
129709.36354510351,148009.45198648598,90734.33616570666,179653.35305373112,90698.84159551164,68662.81553063578,85945.16199173474,123197.13809456088,104042.18483474075,83127.94812058784,80997.55865306362,71386.93438612633,82607.17482652365,81625.9108931912,111436.45482497869,75371.87044285184,4
129789.56160420914,148241.4407421876,97489.50272673402,182536.86219893245,92819.59746117562,70216.88761912438,85441.30896822321,120646.64758999916,107851.97262191446,80937.43246047884,79241.18092551005,72854.97461020644,84531.86118982568,82900.00503063263,110865.50186461234,78266.51075679192,4
129113.89072106966,146096.8802686787,99527.0877512798,177346.3624532655,90948.2200083995,69666.72178110144,84941.7027761582,120882.16792132473,101416.79363450929,83635.86916159025,82471.34327546875,71301.2825013736,81103.59532875959,81635.85741947382,109695.3433388881,73008.95577775905,4
130124.25662568292,149351.71894451606,89543.97166299482,182888.99158108135,91838.80291447675,68996.30355790896,86248.65397794891,123084.23943331713,107975.57776875232,81496.15901662815,79036.23778059933,72331.51910680761,84691.1397208142,82396.01789665436,112164.40643839914,78573.51196688556,4
129150.65934069865,146255.33178512237,103654.85145507473,179130.1210677768,92260.69209107067,70611.77588841628,84614.62969954369,119245.1932126514,103828.83743391484,82267.02597940278,81356.17004110456,72215.60296006239,82315.90924452654,82428.91966449257,109364.17989303826,74837.75315734782,4
129678.49578601072,147967.8777417991,90920.97323190847,179560.05687237464,90672.6006475211,68657.47346371097,85909.86858723982,123163.69988485574,103943.27836552601,83174.03741765469,81047.00071179876,71354.47965317723,82530.9330261866,81604.92260514767,111400.28970245001,75267.10781658982,4
129753.03885376918,148238.2444427305,97380.42621379212,182454.85364852592,92786.58393461513,70170.35128716842,85417.99609875632,120609.27547326988,107867.48473256645,80942.10397507,79216.86222754268,72829.69478722749,84515.87969254014,82882.34715251293,110886.51250440032,78262.66625674561,4
129058.83837447625,146026.5616806223,99727.29232636599,177201.29963175056,90942.94499670804,69668.82284508024,84889.95848774415,120786.81537947839,101382.86368642614,83631.46586793255,82473.86902259219,71281.99294590867,81057.26016250375,81623.40749781222,109655.66899247993,72956.11625386671,4
130071.28299132384,149284.19432451657,89560.13197423602,182709.9764597388,91798.45801573493,68965.9275371942,86214.61227114347,123061.95474409519,107889.8141252773,81529.26195016646,79051.88400171805,72285.98860335215,84622.36340312521,82356.96939909094,112156.40451388413,78487.50245422154,4
129112.46020942453,146230.5660522659,103734.11074091325,179135.4407829572,92264.40248065026,70605.47269647989,84583.80664393981,119222.55089551819,103869.38349835676,82259.76166245481,81340.83674440823,72212.98780596111,82328.76149758835,82422.92939697855,109410.82798371649,74861.96009659291,4
129609.11597122146,147851.58161539814,91115.72398134756,179333.25372138666,90638.31307152666,68647.23636475044,85855.37503425778,123067.92265986475,103805.77043363696,83188.387237595,81071.6323341885,71299.13673390588,82425.27633014636,81549.33381668733,111344.74561747858,75134.85254464776,4
129749.90960954543,148240.23374798702,97339.56722492781,182493.2762972446,92779.07374847816,70159.22011842969,85428.92610179498,120694.16739871114,107879.59937806123,80955.5597252321,79202.40064888008,72806.82895264971,84514.11390472818,82858.09550977893,110941.92247890502,78268.70122774855,4
129037.09012712124,145983.71338650148,99951.592081975,177219.9409866263,90951.30454913432,69680.199883008,84862.1752693862,120732.45593696309,101351.92887209999,83643.46875470504,82500.78052291638,71272.20288183723,81028.64992960096,81613.81859944089,109670.66701300944,72924.42148022908,4
130052.08284283672,149249.83969328878,89514.86969171402,182642.6083019505,91759.58833212714,68927.84016464236,86208.04085827361,123052.36584572386,107811.11363305016,81562.02960753794,79077.18617644146,72243.47558539815,84562.9077628741,82320.1784277175,112164.80876979933,78420.91660748918,4
129134.92371260212,146252.58252055437,103708.09331036727,179220.13154269833,92288.11768151732,70610.39008026005,84612.6180425427,119267.41084663998,103921.61952514882,82228.37981323956,81300.00010728838,72207.46692508065,82342.88780008409,82423.53289407885,109417.08647216398,74901.76855346782,4
129602.85748277396,147819.73037954932,91185.70729323714,179322.9719189372,90623.9856033308,68638.00509429039,85847.44016497614,123008.31055740245,103736.74824675897,83220.88667403301,81123.82365749165,71292.6323762694,82394.34151582021,81546.00340676348,111351.24997511506,75083.55529112283,4
129772.59663016757,148263.30074826488,97080.64461715754,182498.4171984693,92772.7482047973,70125.55839127999,85467.63932319157,120704.27038720495,107916.09977675675,80920.48983818172,79158.41241579205,72805.15257181556,84538.76787886237,82848.52896315206,110945.11877836214,78301.96062349805,4
129052.60223777322,145954.3431942872,99981.67753001185,177202.5736811845,90970.34823541025,69695.04144132632,84874.53578407,120667.14413966467,101368.37975601909,83602.02862048491,82481.31215349582,71296.8792077159,81057.32721773711,81627.3637565808,109634.85951839204,72937.94428562454,4
130056.41908126106,149207.08080614576,89281.56218308953,182493.0304280556,91725.7477910218,68893.79845783692,86229.99027132873,122994.8771589848,107765.65018482807,81542.49418288401,79060.7129407779,72232.54558235951,84561.96898960698,82299.07838095169,112124.77679547988,78385.01970589397,4
129152.5815907218,146220.73128470557,103499.64094157708,179088.14449168975,92304.41210322524,70604.48921972385,84640.80359230084,119187.79393289017,104002.1528604213,82133.60841674906,81209.94492887794,72229.9527800027,82403.61748976917,82429.32199589277,109348.73483761965,74960.66540010755,4
129633.72524186675,147771.69648071486,91171.98332214158,179227.2617491796,90629.14885629999,68663.21786203598,85878.12911011328,123026.81780181144,103699.95727538553,83210.89544426149,81134.32897738564,71305.81990549802,82402.63401301313,81554.31825570087,111286.63108189477,75045.84789822673,4
129772.19429876737,148260.7973528859,96740.45106654777,182412.69825848323,92753.72687026583,70088.83447513991,85479.41869251951,120640.21028759603,107987.82652471382,80878.84853826149,79092.921804538,72823.97274064693,84596.65889700162,82858.6543033903,110940.15669109306,78355.09072006831,4
129025.37781302666,145865.29384437727,99976.93896018731,176946.1097653043,90982.59699137176,69712.29698804581,84855.5815047719,120530.37381534265,101365.13875307307,83533.09584058475,82422.9070452341,71298.55558855005,81048.49827867726,81626.42498331369,109495.85401962449,72903.83552358575,4
130057.02257836136,149171.206256295,89114.84052119739,182350.6945193642,91710.61566002556,68891.18330373566,86251.22442856127,123040.87704907382,107739.56569904873,81545.80224106339,79049.64882727253,72224.02956772204,84553.43062322505,82297.06672395072,112072.98780357694,78344.36188272976,4
129144.981997607,146234.29879358993,103366.80452427918,179111.63617511227,92326.76384768056,70608.55723721471,84642.97171151302,119162.58116514458,104115.58796353197,82092.90589009594,81155.49607938481,72267.4590071987,82469.93511556806,82465.93415331056,109353.11577953289,75036.92955218906,4
129594.5426338366,147699.85797403552,91215.4798168516,179066.6197617793,90616.74363812729,68671.957394118,85853.43043249018,122963.13768185826,103624.02839947086,83204.68165930292,81139.31341639918,71286.01625991063,82352.1861257775,81545.42226140766,111190.96561562606,74957.02206576134,4
129799.21755781384,148327.6067170628,96540.7829333285,182579.7551965422,92767.62965531704,70095.13766707631,85524.05512619676,120803.9144639867,108056.06640053587,80869.41610210134,79059.81887099969,72829.82889769423,84637.60729284374,82873.27234426407,110968.05166817328,78400.59887177931,4
129021.93564438053,145907.42688267553,100091.24578133176,177161.31236092,91015.90109061016,69746.3610465957,84845.90319942274,120551.38445513064,101401.01330292383,83521.07060206779,82425.36573712419,71321.95786499475,81067.29609576418,81655.30343714994,109506.02406335165,72919.14646853763,4
130036.81660137375,149207.8184137128,89030.08270622286,182467.54943937654,91686.02874112473,68874.84417853883,86238.2604167772,123073.5552994675,107699.69018694047,81571.506747187,79069.89950774903,72207.98101520313,84523.99337577741,82285.10854066713,112092.83615265324,78298.85373101875,4
129135.9295411026,146297.95656179864,103314.8367184206,179300.4190087818,92349.71908923615,70616.69327219645,84635.81915328732,119191.86195038105,104194.71313890377,82053.43270938787,81107.01514566125,72274.90213810232,82497.49481648146,82473.13141502517,109370.2148640412,75080.31428817681,4
129551.8284501825,147687.92214249636,91337.05095494402,179089.4185411237,90607.7358851118,68673.87964414115,85809.3527924243,122917.22719874707,103554.2909567703,83223.39006941201,81177.08786452864,71269.16304459132,82294.8762529941,81531.63123507872,111171.45254271658,74878.52273923431,4
129770.80849061115,148355.14406623173,96364.51707655395,182573.0943766945,92753.27983537673,70062.4370649382,85515.22618713691,120804.47325759809,108078.3063862689,80847.42198555732,79020.72566994735,72803.94557761498,84621.469333347,82848.03722477403,110963.60367102668,78400.5094648015,4
128977.43332117001,145873.8322107592,100216.84023342613,177095.01708686556,91025.51234072595,69750.83139548676,84802.69727739065,120443.8278608117,101411.9880094514,83508.08423853925,82432.83121977226,71325.55649585206,81054.55560142465,81660.6231523303,109482.13004852892,72913.17855276806,4
130033.93322633902,149210.67943700307,88975.18682184063,182451.63499732435,91663.27466526921,68861.52253884346,86250.06213784959,123155.98853301867,107648.97407877137,81594.1043608313,79092.36301092661,72178.36495379984,84483.46966307994,82262.91325842301,112079.58156819125,78248.00351238293,4
129152.69334944409,146359.6473764953,103269.59678764305,179462.3126938716,92373.00960695859,70618.90609489752,84656.71803435303,119248.52362257525,104281.77318355718,82015.92648219186,81066.13380505251,72292.80588541101,82536.36450008923,82488.39765648815,109395.42763178679,75149.47058552153,4
129542.84304891147,147678.73557552524,91456.47632556871,179124.26491072954,90595.82240531713,68676.91948138709,85798.1992719411,122901.42451541717,103492.3319211402,83238.3433864526,81215.77873418079,71260.84819565395,82257.5711914982,81529.95485424458,111152.85589132976,74823.09041298514,4
129820.09408713509,148469.07090772045,96202.42222576406,182869.85848782762,92758.59955055709,70054.4351404232,85563.55065864928,120965.4952246541,108158.45974188564,80849.09836639147,79008.34280351912,72821.80462143477,84677.32634274082,82868.04203606154,111045.0087243329,78471.99034356956,4
129002.15435053759,145942.0497348368,100361.72424098542,177365.8084709416,91053.36261431726,69776.29003242136,84804.84304485835,120474.49445420438,101447.63904185762,83489.28642145234,82433.32295815027,71348.53408915212,81079.2319273033,81688.40637068824,109502.47013598325,72936.1114425792,4
130041.8904473651,149259.69681259358,88912.51253038795,182564.9806934572,91635.91613005592,68837.76263448747,86252.56553322858,123190.09729505747,107601.23075261484,81610.48818951705,79109.95383381294,72157.42136924522,84455.52998251081,82252.07266236219,112093.19378056453,78205.53519791785,4
129159.77885243642,146431.88821457484,103223.79806325413,179633.0129662768,92387.49353736562,70610.99357736035,84650.30308369435,119229.09995664358,104382.84777198407,81989.9537551348,81034.59549362607,72316.34227232245,82593.58496589481,82514.7727149454,109443.14860619887,75227.85815332629,4
129545.74877569066,147680.38960461493,91641.41465919193,179144.7838121395,90597.36467568454,68699.22652235348,85789.88442300374,122931.71112915411,103411.35155097861,83255.06249130517,81250.24512413086,71240.44105296624,82206.40804843999,81517.52728432743,111107.45949834104,74740.09838582258,4
129818.12713362303,148535.99203061964,96086.3272650632,182985.4840618949,92744.45089631688,70024.21558191962,85562.99186503791,121004.02963209506,108204.32552150793,80860.78832874159,79003.93950986142,72823.90568541357,84707.18827333311,82873.808786131,111120.75878629195,78505.8755881638,4
128969.29728618829,145922.2907927383,100559.91715907064,177336.41592698288,91062.39271907721,69788.00234651595,84765.012236239,120397.35858408912,101432.73042830592,83471.65089507711,82427.26563540287,71343.28142920512,81058.31069449315,81684.40540843074,109473.99401354718,72902.09208751823,4
129994.46004563094,149219.79894874085,88945.52605694844,182423.5612062885,91594.20777490233,68807.85600040627,86220.31196597958,123148.38893990386,107516.91997252942,81646.09451843436,79146.20836331944,72122.30677870593,84403.56217665222,82221.11549629159,112098.31233004479,78118.25163581988,4
129105.6205756212,146387.4529465977,103252.54240662366,179460.92688571537,92380.38568262884,70590.00528931682,84617.98246121198,119139.38005439998,104406.36180715106,81956.85082159648,80993.33417336157,72297.74562093563,82586.63357336922,82497.76303741492,109424.82017574551,75216.9057985432,4
129455.44772809121,147539.8865389689,91846.33545235818,178801.1480928836,90551.85652397353,68674.68430694155,85719.94581460308,122772.07497025431,103298.27407577922,83282.66689570749,81294.41217117455,71198.97856700166,82128.06518412413,81485.74310371198,111057.23512854996,74615.08507908405,4
129764.57235390811,148453.33527962392,96009.61607809259,182727.00848901374,92702.384913252,69980.54027325395,85547.92678927504,120975.73232361465,108176.56465489444,80852.45112805977,78980.47017818334,72776.60939414614,84671.31372348234,82832.25689318859,111097.89295171417,78454.01954102749,4
128938.5859893067,145844.19379761146,100801.04777825449,177239.56581825804,91067.46656506856,69804.43087869059,84746.59439880782,120382.29350832624,101413.0832449297,83476.61298234618,82442.46482163249,71332.30672267756,81037.2777029607,81677.8786990498,109454.99503076018,72861.70248528749,4
129999.10920847765,149213.74162599345,89011.55311006942,182520.52307373562,91570.62668450197,68797.75301191247,86233.41008823039,123269.66950531835,107458.00077414523,81712.12157155533,79210.08964897272,72101.45260112913,84380.9645630079,82208.21853974088,112161.09838021974,78061.90288804805,4
129152.80510816636,146486.94056116827,103315.12729109851,179878.3457134182,92413.39920918933,70605.29388252425,84648.69375809358,119298.16684701048,104489.28677908026,81966.21620252327,80995.56934780709,72324.29949334855,82652.99590265703,82523.91457842763,109542.68092425835,75291.53827327947,4
129465.81893751847,147584.05358601257,92058.11823107222,179090.69259055765,90550.53777105067,68679.15465583261,85709.46284645353,122811.70461317357,103220.73587426376,83330.67844279748,81360.3498173177,71196.36341290038,82106.8310268916,81490.12404562523,111118.45655661305,74562.75964531417,4
129816.83073244462,148584.45061259874,95922.06429506115,183101.3108016623,92711.52677673422,69968.85031090383,85587.8023013833,121123.7902788866,108201.30803600646,80868.52203232313,78976.75978860377,72780.00685930335,84707.88117741123,82838.71654733617,111200.04042387492,78489.35764901133,4
128978.86383281516,145938.51815921286,100986.47785025572,177557.1617552235,91107.18561496564,69832.90700112664,84754.93159948965,120435.96004676343,101413.91025947455,83473.99782824492,82457.10521425071,71353.51852816564,81061.79756662817,81708.09825755337,109505.30880752907,72874.93471800504,4
130044.41619448856,149329.16603436065,89006.56867105588,182802.1550538725,91568.83854494555,68789.59462518628,86258.46639376479,123399.1755126924,107401.49556416221,81754.99221742061,79259.77757689686,72096.80343828243,84382.32801941969,82220.7131648914,112245.02918064944,78039.59584708165,4
129153.74388143347,146568.21150400778,103252.81062755712,179987.04224670437,92425.40209596182,70579.67878337846,84628.80070552835,119220.2933693282,104537.34302965917,81931.86157129545,80966.98146664877,72339.85630748943,82691.4185513757,82550.42374735163,109586.75856432422,75346.2329919616,4
129480.0122952476,147589.21683898175,92214.44633179264,179038.59067423234,90555.9692449533,68696.67842348557,85701.5279771719,122819.19244756609,103123.48343413872,83341.16141094702,81398.75011429192,71182.12535168235,82060.47350889129,81495.77903697241,111073.88717816916,74484.37207750941,4
129816.80838070017,148612.34558967897,95750.4476011333,182994.82709107723,92693.69008465888,69934.80860409839,85586.7517693939,121107.60761590095,108200.86100111736,80856.586200784,78962.29820994117,72770.3732574431,84711.88213966873,82844.75151833911,111216.1560316272,78497.91836713772,4
128992.92308007754,145957.38303153313,101136.86038695103,177568.1588134955,91135.54997867942,69863.97592591953,84752.38350062174,120440.20687820994,101427.7906927813,83472.27674392184,82477.35589472722,71375.02090633166,81086.60800297356,81746.90088592778,109510.69557794281,72894.22427346997,4
129996.65051658757,149267.25170221945,88940.56396967935,182522.02064061412,91514.63556464143,68742.45479613004,86218.59088165652,123261.98050522573,107295.99533033316,81771.17488040625,79282.39754228563,72064.10283614432,84324.72757395836,82203.77054259427,112214.09436632329,77957.52024144176,4
129153.34155003329,146538.4389803933,103193.37733905046,179799.68992468,92431.83939836496,70579.87994907856,84642.0776417348,119193.9853661043,104568.0319747963,81881.83836720447,80906.98938453071,72335.63182778738,82706.23775794957,82556.99516022149,109538.79172072312,75367.62361140533,4
129435.39821331481,147462.5047996646,92337.96207165267,178691.22221365242,90527.7166399618,68691.9622054055,85670.72727331248,122681.34923951022,103015.52450841958,83352.11376573012,81424.58873088226,71165.09332240741,82010.42795305586,81491.0851706368,111004.82028780226,74395.25567236611,4
129826.68785174942,148592.43018536927,95583.50242179661,182896.74763640735,92677.17214550641,69914.6026271108,85620.10057212121,121161.31885782706,108216.8872018918,80855.31215135005,78933.5315148272,72770.7308853544,84741.09586967182,82855.07802427746,111238.39601736022,78519.95718717066,4
128956.37797789312,145850.96637618143,101235.18571080992,177336.93001710536,91131.14668502173,69862.99244916349,84720.3981543062,120281.80006525519,101402.71203550244,83434.32348183673,82454.5124118939,71378.93246161133,81077.55554646916,81755.90863894328,109446.94840275627,72870.3526103917,4
130004.7865515693,149196.15080310713,88900.37553314872,182355.85777233337,91489.6463143404,68740.01845598442,86242.12726856796,123304.06884003508,107213.47268980417,81793.5042731171,79290.0641906338,72044.7015219571,84294.46331196587,82191.99117326632,112179.91854905112,77888.05101967466,4
129214.20535018509,146595.34652177652,103157.36867873296,180029.75643035848,92473.48069828519,70614.14517332855,84697.95700287307,119336.7683096848,104666.64787133312,81873.7246839672,80882.06718946305,72378.97186028623,82790.12385489033,82599.23995724201,109610.31730298011,75455.57772583696,4
129436.53815228202,147445.98686051214,92468.74212846067,178777.45524376098,90522.79925618164,68703.00396716643,85651.88475273666,122629.8508202852,102951.86674021087,83385.75314113536,81478.92582165312,71177.99027895812,81994.89349065942,81505.01030743246,111024.73569211194,74344.2489915191,4
129843.18343915742,148615.34072343598,95402.1180155418,182922.0274593863,92667.71735760181,69894.66487105667,85638.16078164111,121167.73380848573,108216.50722223608,80841.58818025449,78901.07678187809,72758.9738677709,84739.50889581548,82842.11401249337,111241.88288949525,78514.16808535672,4
128971.8900885451,145837.33181206367,101348.93373834298,177343.8143543976,91164.33902553786,69896.67652805764,84723.72856423004,120239.15293683445,101406.31066635974,83411.16707458104,82449.34915892473,71389.50483673869,81079.3883895145,81768.8502989829,109413.15256513984,72858.9979242084,4
130010.39683942759,149183.3656052787,88849.30179706834,182302.90648971873,91471.31788388705,68732.95530473653,86250.39741401642,123295.53047365314,107144.47285467063,81823.12033452038,79323.14477242765,72028.89883862721,84262.41091041696,82184.90567027399,112177.30339494985,77828.5730276791,4
129228.5551701254,146625.2084523688,103063.04431713157,180061.36179701827,92498.55935556405,70619.88957165356,84714.65375598118,119326.44180374645,104726.63995345116,81834.1620962813,80840.64940698736,72391.6900028813,82819.31523314897,82613.52272194896,109606.4728029338,75497.93428157977,4
129469.37286488687,147464.47175317668,92628.62415654949,178892.6784864281,90545.73214599278,68747.23806944348,85672.76128205792,122705.39971654413,102893.4392802047,83416.17386533903,81534.42520313564,71183.01942146056,81974.91103111638,81522.2882058964,111019.79595658732,74296.10333396237,4
129873.89473603902,148708.83807049252,95221.69473429857,183134.0337555449,92666.84563956806,69881.03030693893,85666.68160756608,121247.2166117688,108249.61015577438,80856.04975891707,78900.80856094463,72772.429617933,84777.41745441168,82858.4531376902,111320.09164334436,78551.58490557491,4
128975.73458859141,145864.3327193657,101451.66235585957,177431.0755647511,91189.95412468365,69921.44226091412,84711.23393907952,120198.49511367026,101420.99576246689,83387.85420511416,82445.54936236732,71412.32596782756,81089.62548847502,81788.76570329258,109391.69489046275,72861.05428469829,4
130018.97990929842,149207.59489626825,88801.71493312299,182339.18337096972,91447.73679348669,68721.48885983096,86248.65397794891,123327.87344787997,107084.10079289685,81858.07846284848,79362.43913918009,72024.42848973615,84243.34487239658,82185.24094644081,112194.69305213608,77777.9016229989,4
129233.91958879467,146661.91001676442,102948.87160645386,180081.47836702806,92508.37177137993,70611.2170948049,84714.69845947009,119299.12797202206,104787.6825675586,81783.60245032341,80788.83806333996,72405.50338095467,82851.2558759756,82624.47507673205,109601.10838426452,75535.19463958677,4
129447.84813497642,147402.82564196893,92723.86493967354,178695.91607998803,90533.99748015375,68754.30122069136,85646.6097410452,122615.72451778944,102810.89428793124,83409.7365629359,81555.77111909045,71170.50244456559,81925.06664098104,81512.92282496963,110936.44630151348,74203.8129811064,4
129884.82473907767,148727.50177711272,95006.2239177494,183056.92023717408,92654.88745628446,69859.72909447302,85688.0722270098,121273.41285627043,108285.0600224805,80847.62315125742,78881.27313629069,72772.54137665527,84799.70214363362,82865.51628893809,111329.14409984877,78563.63249583633,4
128972.5382891343,145850.8769692036,101503.51840299588,177378.8171862146,91213.3787528728,69939.99420881203,84703.25436630897,120140.82761297555,101456.62444312865,83357.81346056622,82435.46872561797,71429.64856978042,81110.1890933739,81820.63929088584,109354.92627083378,72867.15631093459,4
130030.11107803717,149200.50939327592,88718.83466468271,182270.63057072528,91433.92341541332,68719.23133364097,86266.80359444661,123377.0249339372,107032.11063529381,81869.50020426515,79378.75591263246,72003.88723658172,84215.76281973872,82183.54221386221,112159.13142670768,77710.0864303215,4
129259.93701934065,146725.4783779953,102823.99241018205,180210.76085695755,92535.48443740421,70616.42505126298,84735.70909925808,119339.56227774172,104899.2624758795,81754.85810695388,80755.08692921246,72433.95715164627,82919.62986226438,82667.03279817496,109634.39013175847,75606.31789044356,4
129444.92005645277,147399.4952320451,92824.73836240034,178720.77121982232,90539.56306452311,68767.33228770879,85627.87897919166,122591.11524714415,102778.93129336016,83426.5897782552,81599.44642775613,71178.66083129178,81910.69446929627,81539.27553168245,110915.52506870331,74151.44284384762,4
129908.22701552237,148791.89715288844,94806.10874964103,183149.92584585262,92652.3170056721,69842.94293438709,85711.89918659917,121354.9967235323,108323.12504328789,80838.59304649748,78859.45783370231,72773.63661213357,84817.62824268678,82875.9098501098,111345.57263202342,78572.95317327419,4
128966.97270476494,145875.44153635998,101583.2247237235,177454.96957957384,91237.67509909572,69952.3100200069,84684.65771492216,120092.01140308517,101503.96543788498,83337.45102136744,82431.1101354492,71456.9176980159,81128.18224766043,81848.80248889953,109350.12064577588,72879.0027354959,4
129981.60779256915,149161.48324745696,88634.00979447483,182098.7903593529,91391.70097013724,68675.33250753075,86231.24196901823,123272.17290069735,106963.80370423838,81887.98509692968,79395.69853492959,71980.10498048126,84160.24108651174,82164.78910026421,112122.09458614523,77630.26835087161,4
129201.17428316764,146657.88670276245,102666.59142572778,179894.34956244822,92524.2862134321,70578.18121649996,84708.08234311132,119176.43924670688,104941.06023801092,81688.40637068824,80664.36119846835,72420.70256718429,82907.15758885832,82652.7053299791,109539.81990096807,75607.27901545513,4
129353.4790698861,147219.60839266877,92917.45339840096,178197.7627513126,90501.45334022681,68745.69579907606,85572.78192910933,122374.32567767212,102685.07631839233,83415.95034789448,81590.68454392964,71143.32272330794,81832.79863986954,81516.49910408248,110772.87623558955,74040.3770256492,4
129808.44882827387,148628.2376799867,94549.15309538283,182599.8494148075,92586.31230429558,69766.87994800568,85675.219973948,121162.90583168338,108308.48465066966,80805.73598214818,78785.13828338841,72730.5200970793,84783.09479750333,82846.62906487336,111251.02475297746,78532.51886755454,4
128889.00982010482,145684.95997011184,101655.35380308078,176974.36237029583,91232.57890135991,69953.42760722966,84654.01347327394,119924.46272664818,101497.4610802485,83281.92928814045,82360.09864331468,71437.85165999552,81098.61088974607,81843.63923593036,109200.85569630333,72837.98728442041,4
129940.9723211494,149020.55549866625,88605.98070692786,181762.3519018116,91355.58055109746,68669.4092952501,86243.78129765765,123290.61308987298,106876.25192120695,81904.0783529375,79398.51485473095,71940.20711662855,84099.57845206004,82142.8396872091,112026.3397128987,77532.23359969063,4
129192.07712317433,146663.0723074761,102578.92788397407,180018.64761336418,92535.95382403777,70577.39890544402,84724.57793051934,119221.96975016235,105067.5040563946,81685.16536774223,80634.72278532061,72456.42065482386,82986.08159853001,82696.76061830051,109608.5738669126,75699.79288575565,4
129353.18849720819,147193.23333421152,93099.8212814118,178326.17352320833,90512.62921245447,68783.04556406089,85578.951010579,122445.02424538425,102622.17850949509,83435.84340045971,81617.28311983147,71135.85724065987,81789.34684864842,81514.93448197062,110730.69849380238,73963.62113518968,4
129837.05906117667,148712.57081181655,94409.49939602608,182932.15279962454,92585.37353102845,69757.35810486772,85703.47257893952,121301.84427521758,108353.5234157471,80829.78645918208,78793.43078058133,72740.06429196171,84815.39306824125,82853.75927135459,111333.279172573,78563.36427490287,4
128930.47230606942,145776.46801191187,101817.15808119274,177418.89386402298,91276.76830014805,69998.37696532928,84663.89294432318,120029.69473954377,101548.44540935104,83286.3102300537,82375.09666384419,71474.12854124648,81136.85472450909,81871.6236199884,109255.21513881865,72868.76563653536,4
129965.0227981833,149109.26957240936,88632.75809678533,182140.72223195105,91340.69428929023,68662.92728935806,86240.49559122272,123378.90248047144,106828.0168566724,81965.25507751168,79463.84900377381,71949.19251789957,84093.38701884593,82142.37030057554,112111.25399008441,77490.43583755921,4
129240.37924294225,146788.28677991472,102553.46924703948,180439.75447890218,92563.51352495117,70586.96545207089,84744.04629993992,119331.40389101552,105127.63024897937,81664.19943144315,80600.23404362609,72475.71021028879,83026.67236646084,82697.58763284536,109669.70588799786,75743.35643569904,4
129337.76579353402,147212.58994490982,93286.01131272451,178473.873850569,90507.15303506292,68784.92311059512,85531.45355361147,122369.6318113365,102546.80842719179,83468.38754038663,81670.10029197935,71142.76392969655,81759.55197328949,81509.86063597926,110751.77618882373,73897.52702683533,4
129847.2514566483,148765.14211477543,94301.04873192892,183017.08942855473,92570.93430411033,69736.6603895021,85712.56973893283,121351.10751999707,108334.14445330435,80835.64261622938,78773.62713499393,72728.79901275624,84799.70214363362,82830.28993967653,111340.92346917672,78538.97852170211,4
128891.69202943947,145752.81986627818,101954.17427470378,177361.360473795,91282.33388451743,69994.26424434951,84619.48002809049,119899.56288332498,101540.68935402506,83268.76411065628,82362.62439043813,71481.43756168337,81123.68954702491,81870.10370136544,109244.62041194683,72854.34876136169,4
129868.97735225885,148961.47983807087,88600.95156442543,181629.00139439123,91273.5943524354,68604.65629156308,86176.63665731391,123169.4219314363,106679.7800874448,81963.01990306615,79450.66147454518,71883.27722350087,83970.7206452752,82078.84664283355,111980.80920944325,77347.02704513396,4
129203.72238203554,146712.24614527778,102470.74544081038,180149.00298702755,92549.43192594433,70562.6020506146,84737.51959055896,119273.49052113183,105173.69719430176,81628.3695850813,80538.94556032962,72464.28846887212,83030.51686650717,82690.2115571751,109627.3716839995,75771.98902034629,4
129334.30127314346,147128.99442064695,93467.44042246824,178312.1813311793,90506.75070366272,68814.6956342096,85537.98026299242,122413.41887872445,102470.96895825493,83480.68099983704,81701.95152782816,71127.60944695586,81706.46658020814,81501.45638006406,110689.61598749353,73825.44265096697,4
129889.47390192437,148842.143874424,94147.40284054315,183258.53297216093,92558.52908593764,69721.68472071705,85756.11093713176,121509.71549865193,108396.81874475704,80872.590049814,78779.75151297469,72752.38010315658,84855.24622860507,82854.40747194379,111460.5053020126,78602.0998480439,4
128900.14098884357,145763.16872396096,102008.1313858189,177471.80044314868,91293.3532945339,69999.8745322078,84606.0689814173,119826.98676907859,101571.31124392882,83237.38226144103,82341.81491635024,71503.45402997185,81143.67200656795,81883.53709978308,109244.12867356882,72870.1961481805,4
129920.54282671724,149003.50111764684,88546.88269458803,181779.54039329774,91264.81011686446,68608.09846020919,86208.46554141826,123258.44892960179,106635.70244737894,81993.19475808082,79480.94808828212,71890.04980207083,83974.81101451052,82080.7241893678,111999.00352942986,77315.01934707396,4
129254.14791752672,146781.78242227822,102286.50001126529,180285.1474625048,92577.12573732444,70562.1550157255,84774.08704448784,119288.1532654945,105253.96230864077,81575.3065437444,80467.79995772839,72490.4623616293,83091.40301840342,82705.9248335272,109627.1705182994,75838.44075661192,4
129342.86199126983,147116.18687107408,93517.28481260358,178278.00551390715,90515.69140144484,68826.251486093,85527.20672216496,122324.99537765926,102438.06719041672,83484.07846499425,81721.48695248211,71147.65896173228,81717.57539720242,81522.51172334095,110652.35562948653,73802.46505766691,4
129875.63817210654,148814.85239444405,93849.02940380924,183019.50341695588,92534.56801588155,69680.53515917482,85758.63668425521,121420.80025920871,108388.8838754754,80834.14504935087,78723.26865473612,72734.09637619214,84856.74379548358,82839.40945141429,111381.15660919626,78598.36710671987,4
128919.81052396423,145753.04338372272,102038.95444142276,177394.70927652234,91338.10148693342,70045.33798042989,84624.88915024867,119835.39102499379,101618.24990728498,83197.73026677732,82295.03271520528,71527.90683840595,81183.39105646504,81915.74596354317,109180.40385012674,72910.11636377769,4
129953.60105676664,149043.66720243302,88525.93911003342,181858.08442331367,91273.75081464658,68640.62024839166,86241.36730925647,123399.01905048122,106601.88425801805,82034.36667136749,79525.56217021492,71898.23054054148,83981.24831691365,82102.00305008925,112007.87717197862,77290.85711131777,4
129263.13331879776,146876.19619085744,102175.54595178914,180503.12167443297,92600.19273760232,70568.92759429546,84781.41841666918,119322.4184897445,105365.05047858364,81561.80609009339,80437.84862015827,72528.1697545254,83162.34745530457,82742.71580490062,109698.0926034561,75923.04210937525,4
129314.4752758116,147089.25301900544,93681.83835528354,178216.82878933297,90518.84299741304,68849.56435555988,85497.99299216188,122267.12671126447,102362.00420403531,83485.21840396148,81736.12734510034,71134.58319122592,81653.60470457133,81506.6419847777,110584.07105017557,73708.92300712146,4
129861.42246263295,148831.884423719,93701.03850377066,182964.182849429,92518.45240812928,69657.80343506378,85765.0963384028,121432.69138725894,108400.12680293641,80839.28595057559,78706.03545976109,72722.13819290855,84842.72925171009,82819.22582617114,111382.1400859523,78581.33507744492,4
128904.3207650567,145732.23390963482,102179.05517566862,177333.17492403687,91367.33756868096,70067.73442837411,84614.78616175488,119785.03254473598,101655.19734086959,83181.70406600286,82276.92780219649,71536.37814955451,81174.87504182757,81915.47774260971,109143.14349211974,72902.22619798496,4
129917.30182377122,148991.5205826188,88553.85643885809,181695.65429635695,91245.5876166329,68618.4026144031,86220.28961423512,123354.89670692643,106538.27119329825,82077.66200037742,79563.023693922,71871.45315068403,83918.43991499423,82068.65424736193,111985.39131705658,77207.66391845512,4
129260.8087373744,146890.18838288647,102120.4041982179,180506.8991192459,92618.78938898914,70561.7526843253,84784.70412310412,119345.64195223355,105449.11538948005,81545.53402012993,80391.11112250223,72529.13087953698,83176.00437116675,82732.85868559584,109703.81465003666,75960.74950227136,4
129280.3665137728,147026.57872755275,93895.6104392541,178134.1943900817,90520.13939859145,68858.21448066407,85449.89203809405,122196.51755053014,102318.3512471141,83516.89082585464,81776.29342988651,71121.8426968864,81604.25205281402,81490.34756306978,110563.08276213203,73641.5324975887,4
129868.46326213639,148854.45968561884,93617.6441452079,183024.84548388072,92514.31733540504,69643.92300175704,85771.46658557256,121540.73971995589,108420.39983515738,80856.25092461717,78698.97230851321,72699.2053030974,84826.1219055798,82790.81675896845,111415.42183344625,78570.539184873,4
128895.06714285222,145753.401011634,102347.90025328401,177506.66916449895,91398.29473475156,70083.6935739152,84580.94562064954,119787.82651279289,101719.32449571187,83184.7886067377,82289.89181398056,71553.81251022965,81190.8118356242,81918.18230368881,109195.64773984526,72930.38939599865,4
129894.10071302662,148965.2125793949,88598.44816904643,181678.95754324886,91215.61392731834,68590.77585825633,86188.90776501987,123351.67805572487,106460.35301212705,82111.90487288295,79598.85354028388,71837.27733341185,83847.71899553764,82020.21801712728,111985.14544786757,77121.16266741308,4
129256.1148710388,146907.30981913922,102013.29463878807,180536.29166320464,92621.09161866804,70530.70611127689,84778.98207652356,119320.78681239925,105536.46600681139,81512.92282496963,80345.13358415767,72530.5166876932,83199.80897901166,82715.80430457644,109735.66588588546,76016.11477328716,4
129269.57062120088,146973.00159609338,94026.77047571784,178023.24033060556,90521.18993058085,68861.34372488782,85435.85514257613,122132.90448581034,102279.45921176186,83523.23872127995,81809.53047389156,71115.3830427388,81565.02474129495,81470.27569654891,110517.79812786558,73588.64827020744,4
129892.40198044802,148879.51599115325,93362.87896190632,183001.197338247,92496.65945728535,69602.41581230353,85805.28477493343,121571.85334823768,108471.4512194933,80860.40834908586,78680.97915422669,72703.27332058827,84853.39103381528,82780.71377047466,111443.74149367113,78608.64890916931,4
128955.2380389259,145792.0024743083,102323.02276170526,177602.93812786796,91441.36654631693,70110.51566726157,84628.80070552835,119827.41145222324,101810.85488925636,83145.71775742981,82252.3632350401,71587.27307167924,81245.64066477308,81943.2386092232,109177.85575125883,72997.28816715338,4
129958.56314403572,149015.95103930845,88453.67592020941,181772.03020716074,91218.25143316406,68593.90510248007,86240.89792262291,123415.08995474457,106460.06243944913,82133.04962313767,79624.49099117411,71855.24813595392,83874.71990283966,82039.95460748133,111997.43890731799,77123.3978418586,4
129341.8785145138,147029.5962130542,101720.57619340137,180763.45244210394,92661.83884881006,70533.7012450339,84845.16559185572,119382.76819977383,105694.42578487705,81469.91806863762,80284.11332179468,72591.40283958946,83320.64250953705,82769.49319475809,109774.60262472661,76151.38753073067,4
129338.52575284551,147016.20751812548,93997.71320792595,178119.06225908545,90557.95855020983,68892.68087061416,85471.23795404888,122149.02009356262,102291.9985404013,83500.708162869,81802.06499124349,71153.6939327352,81605.57080573688,81505.45734232156,110468.91486274182,73597.74543020075,4
129966.8779929731,148974.0191667103,93021.41136186259,183120.95798503852,92513.40091388237,69591.01642263132,85864.60630471782,121643.13306130566,108543.98263025077,80832.20044758325,78637.72852870566,72739.1255186946,84932.15858127578,82806.73120102062,111450.91640364128,78675.14534892385,4
128962.25648668487,145780.15604974702,102214.21446969682,177451.2368382498,91474.67064555534,70117.71292897618,84618.83182750129,119659.8404240418,101876.97134935515,83065.16207041289,82181.55290860569,71626.94741808742,81297.65317412057,81968.42902522434,109088.8511048378,73039.8905920852,4
129967.63795228458,148970.08525968617,88325.01927912465,181501.17176785134,91218.27378490851,68600.70003279448,86253.83958266253,123388.37962012048,106420.94688665234,82119.57152123112,79614.9914997806,71855.27048769838,83868.70728358117,82036.5124388352,111895.09026945714,77075.5427569798,4
129369.2370497271,147068.53295189535,101525.1101881397,180736.02685165725,92696.34994224906,70550.75562605329,84876.0333509485,119426.06352878375,105820.24375441596,81424.92400704909,80222.35545186466,72628.57379061864,83405.66854544503,82797.63404102731,109771.38397352505,76243.07438648635,4
129355.08839548689,147026.06463743027,94135.98109912648,178127.82414291194,90591.10618723705,68950.95186840915,85479.59750647515,122201.5913965215,102281.33675829611,83504.10562802621,81830.7646311241,71171.15064515479,81608.23066332706,81521.93057798513,110425.4630715207,73570.74452289873,4
130007.75933358185,149091.3881768451,92881.6235520391,183359.38404314328,92524.6438413434,69610.88712345209,85906.94050871617,121819.84595296932,108606.16518332544,80859.35781709646,78653.35239807992,72757.78922531477,84978.33728532043,82828.61355884238,111522.79961380955,78722.329881469,4
129006.8482168732,145913.93124031203,102329.41536061947,177830.83651433428,91530.0582683156,70176.40860991582,84643.82107780232,119788.11708547082,101976.72718485919,83072.22522166076,82199.99309778132,71671.82972095367,81360.14865161761,82016.82055197007,109153.760570736,73113.22666564306,4
129964.9780946944,149049.76922866932,88334.4517152848,181675.3365606471,91202.26993587852,68598.75543102688,86242.41784124587,123406.39512615146,106392.20254328282,82176.5461178477,79690.40628557281,71859.11498774469,83856.5926380864,82048.53767735216,111943.19122352496,77049.6370851561,4
129375.87551783033,147146.62994702221,101398.88988720058,180790.09572149467,92710.69976218937,70549.25805917478,84891.14313020029,119439.5416306903,105893.1998483181,81387.17191066408,80174.45566349693,72627.85853479606,83422.00767064186,82800.15978815076,109748.67460115846,76286.23560502953,4
129326.76873526201,147021.41547458357,94274.74072870502,178060.65715082374,90600.24805071927,68966.82160697241,85447.5227531818,122124.79080257307,102269.78090641272,83534.12402082968,81878.50795728064,71183.24293890511,81595.62427945426,81541.33189217233,110411.94026612524,73546.96226679829,4
129987.50865310535,149105.2015549185,92697.10990156054,183211.48255008252,92512.23862317069,69587.79777142976,85908.30396512794,121822.1034791593,108618.36923579803,80857.59202928448,78639.74018570664,72741.33834139566,84965.66384621429,82816.07423020294,111499.84437225395,78716.07139302151,4
128964.64812334158,145899.0449785048,102394.01190209531,177730.49953347442,91554.08639360504,70184.85756931992,84600.21282437001,119680.98517429653,102053.95246195227,83057.89775346492,82184.83861504061,71698.76357302233,81396.26907065739,82044.69317730585,109152.24065211305,73163.42868368968,4
129888.95981180189,148931.05911386717,88333.13296236194,181262.61159927986,91166.12716509428,68573.52031153683,86188.95246850878,123291.79773232911,106278.23099830521,82174.60151608009,79691.61327977339,71805.09082139621,83760.5695439064,81995.11700810397,111823.72114941134,76928.71414765289,4
129355.87070654282,147128.41327529112,101318.64712460604,180696.48661571584,92726.41303854145,70548.76632079677,84888.72914179912,119467.66012521507,105983.29973021743,81363.03202665235,80127.919331541,72632.17242147595,83465.37005488516,82802.23850038511,109763.8514356436,76348.23934414856,4
129273.90685962522,146924.8335867922,94476.57698113644,177867.42632000762,90597.20821347335,68979.56210131194,85400.42762761447,122037.88722013084,102214.21446969682,83543.48940175647,81903.34074537049,71168.87076722036,81560.75555810399,81528.27847341044,110369.31548944897,73489.60769052598,4
129960.28422835878,149080.10054589517,92579.02563560315,183133.20674100003,92483.58368677899,69552.66082914601,85902.2242906361,121833.72638627606,108629.23218360332,80876.97099172724,78642.7129677192,72724.61923654309,84976.43738704173,82797.11995090485,111530.15333773535,78723.93920706978,4
128954.41102438106,145856.5766640397,102525.70838042599,177667.15468968806,91579.79089972864,70205.82350561899,84604.30319360533,119677.96768879506,102070.58215982703,83016.9940611117,82143.2420186093,71691.29809037424,81393.13982643365,82030.8127439991,109096.51775318597,73164.30040172343,4
129933.03745186776,148986.55849534972,88434.69928916685,181507.07262838754,91177.07951987738,68598.46485834895,86236.24875977621,123493.16459812697,106257.28741375059,82249.77043268329,79773.59947843546,71813.22685637795,83777.69098015917,82010.2044356113,111905.34972016212,76928.60238893061,4
129402.71996292115,147265.1612478687,101236.28094628823,181081.8977453587,92761.1923529139,70548.14047195202,84928.2470259961,119581.51991147042,106096.33250192791,81367.9047069436,80117.92810176946,72662.12375904605,83544.24936106794,82834.51441937858,109874.62668116411,76460.48980480312,4
129338.57045633442,147026.73518976395,94711.24794617272,178237.6159116764,90647.79021117571,69033.80978510497,85436.88332282107,122198.81978020904,102195.03667295417,83579.40865509614,81955.15208901788,71179.95723247019,81559.88384007024,81552.77598533344,110398.39510898532,73481.8963386889,4
130049.71355792446,149296.39837698918,92499.833404998,183712.96628868178,92517.37952439542,69563.14379729555,85961.76933786504,122085.317621865,108692.46526866738,80938.37123374597,78698.92760502429,72750.48020487788,85043.80554483003,82839.14123048082,111695.4668397268,78808.76407727768,4
129020.97451936896,146039.70450636203,102674.34748105377,178179.79194877052,91649.46128719584,70250.99638116318,84620.3740978687,119780.15986444472,102148.63445146495,83021.28559604712,82150.8416117241,71725.20568671294,81451.29906550635,82080.61243064552,109190.23861768706,73243.38087360631,4
129960.28422835878,149096.97611295895,88529.15776123498,181745.16341032548,91184.3214850809,68602.51052409537,86228.38094572794,123540.97497951688,106195.10486067593,82302.81112227573,79842.50990659118,71800.88869343862,83756.6132851378,82016.97701418126,111964.3806772686,76886.8493302881,4
129483.63327784935,147464.2482357321,101238.09143758912,181528.17267515336,92813.94246982843,70576.12485601006,84978.40434055381,119792.00628900604,106196.42361359879,81377.8065297373,80112.653090078,72685.07900060166,83615.14909448018,82868.69023665074,109988.79939184182,76556.51289898311,4
129342.63847382528,147111.73887392748,94961.5651323277,178440.1227164415,90663.1011561276,69048.87486086784,85407.53548235125,122173.76347467465,102159.18447484786,83621.1393619942,82015.09946764701,71187.73563954064,81551.36782543277,81570.36680821977,110464.75743827313,73463.43379776881,4
130034.26850250585,149332.2505750955,92411.36520044389,183602.6827815393,92488.16579439233,69519.15556420751,85950.86168657085,122037.57429570846,108651.18159665843,80943.82505939306,78690.79157004257,72711.14113463655,85006.05344844502,82808.85461674388,111701.5688659631,78771.81664369305,4
129048.37775807116,146077.65776844716,102835.1235789208,178171.8570794889,91682.05013061168,70276.32090763103,84639.57424635581,119815.52032417302,102190.81219325212,83021.08443034702,82144.11373664305,71738.34851245266,81473.15907158365,82100.88546286648,109206.06365276143,73277.6908013452,4
129990.43673162899,149139.55618614628,88624.86793099261,181771.09143389363,91169.92696165168,68602.42111711754,86249.95037912732,123623.36350957913,106149.41789500928,82375.47664349993,79913.2084743033,71801.91687368356,83745.28095069897,82025.73889800774,112027.54670709929,76862.396521854,4
129457.88406823685,147464.06942177648,101097.32015100958,181337.7581641386,92790.80841431719,70520.73723324982,84959.27124730006,119633.95710396256,106251.47596019221,81355.79006144883,80066.31792382216,72691.71746870488,83638.70783313607,82872.49003320815,110011.24054327495,76607.65369029685,4
129321.6725375262,146989.8995149016,95105.1527387086,177984.10242606432,90655.56861824616,69052.20527079169,85396.29255489023,122036.56846720797,102077.08651746351,83603.70500131906,82000.07909537305,71164.28865960702,81490.32521132533,81552.82068882235,110333.37388436483,73383.59336657445,4
130058.63190396213,149297.69477816758,92242.87775073979,183338.9769004556,92475.87233494192,69500.42480235395,85998.11327434937,122080.37788634037,108660.9940124743,80955.9620566323,78687.03647697407,72712.88457070406,85026.54999811054,82812.0956196899,111694.48336297076,78792.6484695254,4
129039.23589458894,146015.7657880504,102838.36458186682,177935.42032664065,91697.65164824149,70274.4880645857,84633.24870267496,119683.77914235344,102255.63225217251,82991.44601719928,82112.41896300543,71771.56320471325,81521.41648786265,82131.75322195927,109184.3154054064,73341.97441839868,4
129943.87804792859,148974.28738764374,88573.4589187454,181223.51839822752,91131.30314723292,68572.89446269209,86227.57628292755,123453.33378950761,106037.12273086581,82363.58551544971,79909.1628085569,71765.17060579904,83678.82921443334,81996.65927847139,111897.92894100296,76768.98858177527,4
129491.50109189763,147438.14139820833,100934.75591358614,181169.31541792338,92816.17764427396,70534.9976462123,85015.77645728308,119708.81309614338,106344.21334793727,81323.02240407735,80010.99735629528,72713.19749512643,83704.08668566785,82896.1158270974,109990.63223488716,76690.64571745941,4
129269.63767643424,146865.89203666354,95186.66955073709,177666.64059956558,90644.25863555177,69047.93608760073,85350.51618224576,121833.77108976497,102055.47238057523,83612.46688514554,82020.0615549161,71183.22058716066,81494.95202242756,81579.08398855734,110289.92209314372,73368.84121523396,4
130033.66500540555,149212.04289341485,92036.28057673939,183022.07386756825,92446.83741889447,69472.41806655146,86005.6011087419,122043.34104577792,108646.86770997856,80945.23321929375,78651.02781665657,72690.82339892667,85016.96109973922,82800.58447129541,111630.75853952867,78774.65531523888,4
129005.84238837271,145915.29469672378,102844.15368368074,177666.50648909886,91712.76142749327,70286.6921170583,84618.96593796801,119584.96208011653,102297.47471779284,82944.68616779878,82050.68344481986,71777.28525129381,81535.56514210286,82141.65504475297,109101.03280556593,73359.78875872956,4
129907.62351842207,148876.61026437406,88562.64067442903,180990.43440704758,91106.38095216524,68570.30166033527,86213.94171880982,123418.66623385742,105979.47758191558,82397.02372515485,79934.35322455803,71750.97724806992,83653.90701936568,81993.15005459191,111858.9474986729,76715.18793287134,4
129495.50205415512,147435.12391270685,100780.57358033342,181158.11719395127,92834.37196426059,70543.1560329385,85045.05724251953,119775.5777568314,106427.9206309224,81293.5851566297,79952.5698962891,72721.55704755272,83748.61136062282,82907.96225165871,109979.14343823714,76751.04013097765,4
129302.22651985008,146897.63151379008,95361.92957901116,177924.73619279102,90682.7036360149,69108.50931507461,85373.02438891225,121975.30233565597,102073.95727323976,83652.05182457589,82063.46864264831,71211.89787529683,81527.83143852133,81612.70101221812,110321.34864584789,73387.61668057641,4
130086.0574944088,149330.48478728352,91889.78724357931,183418.03502059402,92453.05120385304,69484.04097366822,86057.03247273355,122246.13842322094,108684.12806798556,80980.12429238849,78669.93739246576,72701.03814614275,85054.57908565749,82811.78269526752,111713.95173239133,78817.7494785487,4
129050.0094354164,146044.71129712003,102886.86786733483,178132.56271273646,91762.98579728435,70326.41116695538,84644.13400222469,119666.9929822675,102403.33257953318,82946.65312131085,82053.58917159906,71828.94013273003,81612.34338430683,82191.79000756622,109177.7216407921,73459.56694597805,4
129963.16760339352,148974.68971904393,88587.98755264134,181315.02644002755,91120.75312385001,68602.55522758428,86256.34297804153,123566.38891296256,105932.71773251507,82437.61449308568,79984.21996643781,71755.40289347207,83638.99840581398,81999.74381920623,111873.74435350232,76682.77790341114,4
129514.00929856412,147540.35592560243,100572.27767375442,181394.08456016597,92844.43024926547,70522.07833791713,85054.46732693522,119745.55936402791,106531.81153915067,81277.08956922169,79929.41348903341,72758.10214973714,83816.65007074477,82937.95829271774,110048.8808809377,76849.36545483654,4
129296.63858373626,146870.22827508787,95451.00128066556,177833.94340681357,90693.76774952028,69126.4130623833,85362.87669692954,121880.55329090993,102023.88936565988,83628.71660336455,82066.26261070522,71210.53441888504,81489.09586538028,81612.67866047367,110229.19240345866,73334.35247353942,4
130055.21208706047,149287.99412107398,91648.20958950634,183145.16492428363,92419.99297380364,69435.91766785595,86048.27058890708,122124.23200896168,108671.07464922365,80961.30412355711,78640.70131071823,72687.44828551392,85039.78223082807,82799.51158756156,111669.47176092527,78800.09160042902,4
129027.68004270556,145974.95150267502,102872.47334390561,177866.10756708475,91784.44347196144,70334.7483676372,84637.20496144354,119553.37906520118,102454.00398421336,82889.67852469427,81994.20058658131,71841.41240613609,81629.4201170707,82203.59172863862,109092.36032871727,73478.9906119097,4
129917.90532087152,148866.14964796897,88572.56484896719,180984.220622089,91092.43346362513,68587.44544833248,86232.42661147435,123472.17631008344,105867.5400456834,82451.65138860363,79999.84383581208,71738.70614036395,83601.46982687352,81986.75745567768,111803.3363584681,76612.63812931039,4
129488.2600889516,147506.60479147494,100400.3480554042,181242.24916008106,92841.99390911985,70501.47002952934,85055.09317577997,119720.88303814924,106611.09317673364,81242.28790310478,79866.47097664727,72762.3266294392,83852.81519327345,82939.20999040724,110030.48539525097,76903.41197292948,4
129250.54928666941,146768.52783781622,95589.47033756618,177600.79236040026,90697.47813909985,69142.14869047984,85338.20037105089,121809.6535574977,101978.11299301541,83616.66901310314,82061.43463390287,71200.0067472466,81449.8238503723,81599.80405566741,110139.00311458149,73284.61984212635,4
130026.62420590213,149265.95530104105,91495.45776789877,183067.0232256679,92396.76951131457,69406.52512389721,86050.95279824172,122151.56819243052,108686.0056145198,80984.50523430172,78644.03172064206,72684.56491047918,85053.10387052344,82793.20839562517,111693.63399668146,78820.856371028,4
128962.27883842932,145905.25876346335,102877.41307943023,177701.91165231608,91783.4152917165,70317.78339359563,84592.03208589937,119403.62237735062,102500.69677838049,82850.11593700838,81954.3474262175,71848.63201959516,81638.38316659727,82205.87160657307,109050.2943456524,73515.98274898324,4
129829.72768899534,148699.2044686323,88552.29181674622,180523.4170583984,91041.5832449893,68550.6321252146,86186.82905278553,123312.74131688372,105749.63459368165,82439.91672276458,79992.95949851985,71686.09013391616,83502.78687510334,81936.60014111998,111663.0568102666,76501.99699425662,4
129442.10373665139,147409.97820019463,100213.68863745793,180943.13811578014,92826.81707463469,70471.6304506815,85052.58978040097,119644.70829304557,106664.02210760381,81194.5669286927,79794.02897286761,72753.74355956836,83863.76754805655,82928.27998736859,109967.38642065364,76940.89584838103,4
129193.99937319748,146612.8032341961,95697.89864991888,177270.9923709622,90686.03404593874,69151.73758885117,85306.70676311335,121683.47796004749,101930.99551570363,83602.3862483962,82058.23833444576,71191.44602912021,81410.21655919749,81590.23750904054,110032.09472085175,73229.94747518867,4
130029.39582221459,149233.00882971394,91333.45232408671,183035.90959738608,92379.2010401727,69397.20444645935,86082.13348175687,122248.93239127785,108699.41666119298,80998.81035075312,78644.4117002978,72683.44732325642,85062.8715828504,82791.2414421131,111693.43283098136,78827.71835657577,4
128971.17483272254,145897.9944465154,102913.53349847002,177825.74031659847,91816.54057699926,70348.24882128822,84605.42078082809,119438.55815393427,102559.0571831533,82815.82836101393,81920.66334732335,71872.0119442954,81669.80971930144,82222.2107317699,109034.58106930031,73556.2158890028,4
129844.21161940237,148717.68936129683,88600.81745395869,180724.94038640743,91041.15856184466,68570.2793085908,86198.42960815784,123414.26294019974,105704.1487937151,82484.37434248619,80050.02350211424,71692.59449155265,83494.94141279953,81942.45629816726,111690.59415943554,76469.22933688514,4
129523.79936263555,147586.75814709166,100133.98231673031,181536.8004485131,92878.98604619337,70508.80140171068,85117.85687421047,119921.04290974652,106787.22492304146,81204.06642008621,79793.00079262267,72798.69291766798,83953.21922936669,82967.77551982111,110086.56592208934,77052.8333846132,4
129219.07803047635,146741.57163400314,95893.81169006965,177814.65385134864,90722.28857544524,69183.61117644444,85290.41234140543,121753.34951321478,101949.97214674618,83648.90022860769,82127.14876260147,71235.88129709737,81442.71599563552,81633.04109967245,110136.36560873577,73258.31183890246,4
130006.82056031474,149292.7326908985,91198.4254358322,183174.5798199868,92352.17778112624,69356.50191980624,86056.22780993317,122215.51653331716,108654.91433798247,80994.3176501176,78637.9073426613,72655.26177349828,85019.95623349622,82757.11032832984,111685.36385123299,78785.36180083296,4
128936.77549800581,145897.81563255974,102969.34580437491,177821.8287613188,91826.91178642653,70344.73959740873,84565.72408267547,119332.18620207146,102596.3175411603,82779.6408867408,81881.65955324883,71878.00221180942,81670.94965826866,82221.07079280267,109004.33915905228,73573.22556653328,4
129805.40899102796,148667.86732290595,88678.10978628515,180596.6860767229,91011.81072137484,68557.11413110663,86165.50548857516,123367.48073905478,105621.96142935294,82516.85142717975,80092.46946483487,71672.23205235387,83437.87740920513,81919.36694614493,111658.854682309,76392.27228072552,4
129458.19699265921,147524.8661666949,99997.94959997531,181299.31316367546,92848.05123186723,70461.19218602088,85078.5848592025,119781.65743132323,106812.41533904259,81161.28518119875,79739.15544022984,72780.45389419245,83939.89758967132,82940.081708441,110047.65153499265,77061.8858411176,4
129148.5359249754,146584.2600565267,96075.50902074683,177428.70627983884,90701.38969437954,69187.63449044639,85243.0713466491,121625.31872097478,101862.06273580345,83619.61944337124,82112.95540487235,71196.38576464485,81362.58499176324,81591.42215149668,110002.27749374838,73163.80866334542,4
129990.05675197326,149253.10304797924,91116.7074581036,183084.74815902094,92320.75122842209,69335.82655618507,86065.39202515985,122295.82635114508,108645.90658496697,81020.1786184524,78658.22507837118,72640.53197390222,85018.70453580673,82738.91600834322,111714.42111902489,78786.97112643375,4
128943.0339864533,145909.88557456562,103070.7780207131,177962.5553444094,91852.0798506832,70368.45479827581,84575.5141467469,119401.8342377942,102653.71682092153,82763.54763073298,81871.3777507994,71897.38117425218,81705.66191740775,82232.42547898597,109034.22344138903,73631.89889572846,4
129786.85704313006,148653.00341284316,88761.79471752582,180664.92595254493,90987.24615421846,68550.27449730331,86152.11679364643,123393.74403878977,105543.4621028259,82555.69875904308,80145.95718931642,71655.33413354566,83402.31578377674,81903.76542851514,111675.28321448366,76345.11009992482,4
129437.85690520488,147540.8700157249,99857.98297619617,181342.2508647741,92832.40501074851,70428.08925248256,85071.25348702115,119755.55059379943,106856.91766225311,81132.42907910694,79697.22356763168,72770.79794058776,83960.12591840338,82927.22945537919,110064.08006716729,77109.4503533185,4
129110.60501463474,146510.2310788907,96213.64280148063,177297.4121329084,90694.55006057622,69190.5849207145,85209.02963984366,121520.48903947939,101808.30679038845,83609.15882696616,82111.21196880484,71181.63361330434,81327.38099424612,81578.54754669042,109937.9938766949,73118.90400873471,4
129996.47170263193,149245.39169614218,90973.5221831229,183061.3682343207,92301.19345202368,69318.19102980984,86085.48624342517,122349.60464830455,108635.9377069399,81032.42737441389,78650.1113951339,72625.46689813935,85024.09130622045,82730.9811390616,111722.7136162178,78786.43468456682,4
128932.21574213693,145886.5950568432,103068.63225324539,177953.3464256938,91865.96028398995,70372.0087256442,84561.83487914025,119323.93840836745,102704.65644653517,82729.95295881665,81824.43908744324,71913.09445060426,81745.53742951601,82253.8608019186,109020.47711854901,73678.32346896213,4
129802.72678169332,148618.08998800398,88779.2514299454,180633.5888068186,90979.8700785482,68564.91488992154,86167.00305545366,123446.62826617101,105461.3417936971,82572.8425470403,80158.36240748911,71638.68208392645,83377.68416138699,81901.48555058069,111634.4018738749,76287.93433760814,4
129520.08897305596,147662.57526428407,99702.6830557207,181722.7893141257,92871.60997052312,70452.92204057242,85142.55555183358,119958.43737822026,106963.66959377166,81133.54666632971,79670.46852951868,72815.30026379827,84066.25200107718,82982.01358103915,110167.47923701754,77230.730918733,4
129163.17631759362,146605.24834457022,96322.96518361154,177662.21495416344,90738.33712796416,69239.22231664925,85229.34737555354,121601.53646487433,101812.59832532387,83632.00230979947,82149.61226577905,71225.64419813684,81379.21468963799,81639.45605033112,109998.09771753523,73158.53365165397,4
130027.36181346916,149352.74712476102,90774.2787330483,183287.03144634145,92297.01367581054,69307.7080616603,86110.90017687085,122431.12146033306,108621.43142478842,81042.30684546314,78646.1104328764,72628.95377027438,85044.99018728617,82753.37758700582,111756.59886081205,78809.45698135579,4
128999.8968243476,146037.93871855005,103072.4767532917,178341.1938954823,91927.67345043104,70423.77536580269,84610.0699436748,119487.50847429139,102782.57462770637,82703.8237695484,81809.21754946919,71950.82419524482,81817.97943329567,82305.24746242136,109065.42647664863,73773.78776953075,4
129816.40604929997,148715.4094833624,88781.17367996856,180824.31624225574,90983.87104080571,68577.02953541631,86164.96904670824,123485.58735675662,105416.10186291956,82612.31572774837,80214.5323413053,71648.69566544243,83377.30418173125,81926.25128343717,111670.43288593685,76282.27934626096,4
129521.89946435684,147767.40494577945,99491.63788457369,181794.13608242705,92875.65563626953,70440.33800844407,85146.91414200237,119954.77169212958,107028.40024571422,81097.60506124557,79617.89722655978,72821.49169701239,84102.52888232814,82992.54125267759,110178.02926040045,77301.51889342295,4
129122.25027349596,146582.91895185935,96400.0563502379,177478.8412426521,90738.78416285326,69249.74998828769,85187.57196516657,121459.37937013857,101787.65377851174,83609.38234441071,82151.9368472024,71225.13010801436,81360.3498173177,81639.27723637549,109930.26017311338,73137.27714267698,4
130010.06156326075,149335.2457088525,90567.56980032561,183024.53255945834,92267.46466964063,69287.9044160729,86122.09840084297,122416.16814329245,108603.05829084615,81024.15722896543,78610.97349059266,72605.30562464066,85025.47711437668,82727.76248786003,111692.38229899196,78789.2510043682,4
128982.44011192801,146007.54034609086,103001.53231639056,178119.12931431882,91941.21860757096,70435.48767989727,84610.5169785639,119383.90813874104,102867.86888454782,82654.04643464643,81755.77452847654,71975.72403856803,81861.56533498352,82324.71583184192,109016.3867493137,73835.94797086096,4
129814.77437195473,148661.69824143627,88762.26410415937,180594.71912321082,90971.64463658865,68593.72628852443,86183.18571843932,123487.55431026868,105370.48195248628,82621.14466680822,80232.05610895826,71645.32055202968,83356.91939078801,81922.51854211313,111597.40973680136,76237.6429125837,4
129559.29393283058,147828.02287674224,99279.96686458193,181865.70636817295,92894.65461905654,70448.54109865917,85206.23567178675,120060.00370502517,107146.93154656072,81075.05215109017,79573.77488300501,72854.30405787278,84178.65892394292,83022.2467210587,110210.37223462728,77405.0745254844,4
129141.78569814989,146602.63319046894,96515.92779349421,177570.28222921875,90766.16504981102,69294.2523114982,85204.62634618596,121499.38899271358,101801.10952867384,83603.8838152747,82159.53644031721,71251.0134280936,81371.48098605646,81668.91564952322,109917.11734737366,73153.68332310717,4
130038.62709267464,149421.70225640564,90437.72851678473,183225.96648048956,92264.71540507262,69287.77030560617,86153.07791865802,122536.26406625082,108629.41099755895,81046.374862954,78622.93167387626,72615.11804045654,85051.09221352247,82745.30860725745,111759.05755270214,78829.01475775418,4
128960.24482968388,146043.14667500815,103025.7169038912,178209.72093459617,91959.10000313522,70438.86279331002,84581.50441426093,119297.5633499102,102937.18164410374,82616.74137315052,81712.12157155533,72000.0427365354,81892.70131500976,82344.40771870705,109040.59368855879,73899.31516639175,4
129770.27204874421,148602.04143548507,88840.38345103068,180418.34150771398,90942.18503739656,68588.42892508852,86151.78151747961,123428.32218746212,105270.25673034869,82622.08344007534,80236.14647819358,71609.11072601208,83278.7106369389,81889.39325683037,111529.7286545907,76147.43127196208,4
129494.65268786582,147763.11341084403,99148.896235096,181605.93439411337,92862.53516227426,70404.10583068202,85175.3008574606,119935.95152329821,107177.86636088687,81031.08626974658,79506.47378045009,72834.47806054093,84166.8124993816,83000.20790102577,110177.3587080668,77423.98410129358,4
129059.88890646565,146439.2642902451,96687.18685951077,177146.73902353513,90742.0698692882,69286.27273872767,85152.30091241609,121315.81411550214,101738.03290582096,83587.56704182233,82148.137050645,71227.03000629306,81306.43740969151,81646.27333239,109805.73860475286,73085.13052286275,4
129977.40566461155,149283.50142043846,90329.3672596654,182793.21435609035,92214.73690447056,69244.69849404079,86150.50746804566,122475.73554226584,108571.49762767526,81040.83163032909,78595.32726947394,72572.91794692492,84989.13317789235,82702.72853407009,111671.2599004817,78766.25105932368,4
128930.51700955833,145965.63082523714,103095.81197450304,178062.60175259135,91971.19229688554,70446.93177305839,84588.8134346978,119288.9579282949,103002.00170302411,82598.72586711955,81682.72902759661,72012.17973377464,81912.41555361934,82361.08212007071,109010.55294401085,73938.43071918855,4
129715.77849576218,148494.73071035513,88935.11014403227,180251.88806675532,90909.14915909161,68569.92168067953,86127.35106078995,123379.39421884945,105196.11599399043,82662.18246962815,80275.68671413502,71588.18949320192,83226.65342410248,81877.34566656896,111502.28071239957,76075.79393098282,4
129513.40580146383,147805.55937356467,99084.5902662981,181811.48103612437,92880.23774388287,70405.44693534935,85213.99172711275,120091.87729261843,107256.566853114,81035.57897038209,79480.25518420401,72846.36918859115,84210.28664234719,83012.9930988542,110237.44019716266,77484.289107834,4
129082.44181662105,146493.31080833802,96968.08123208061,177529.04326069873,90781.31953255172,69333.30080906163,85157.91120027438,121456.20542242592,101738.97167908808,83624.87210331824,82196.23800471282,71248.62179143689,81315.37810747363,81667.3733791558,109868.70346888345,73082.11303736127,4
129981.47368210241,149382.3631861643,90327.73558232017,183198.22796562052,92199.64947696323,69220.04451990659,86140.67270048532,122596.3902588356,108563.29453746015,81099.70612522437,78638.5108397616,72571.04040039067,84991.30129710452,82698.03466773446,111802.4869921788,78768.88856516941,4
128959.30605641677,146091.0241116314,103261.37134568351,178563.83962200163,92009.27966943737,70466.19897677886,84589.79691145384,119418.70980485795,103057.07640136199,82599.12819851974,81680.60561187335,72028.89883862721,81937.51656264265,82363.27259102733,109107.24659052452,73988.16335060161,4
129710.615242793,148565.45162981172,89137.32637611942,180555.9611983253,90896.16279556308,68561.09274161968,86097.4220749643,123424.20946648235,105109.05594933701,82728.4777436826,80353.78370926187,71576.43247561842,83177.2337171118,81853.27283779059,111584.71394595075,76019.51223844437,4
129538.23858955367,147933.54546231576,99052.11318160454,182149.52881926642,92884.37281660711,70380.83766470404,85222.48539000576,120191.5213694002,107303.05848158104,81046.86660133203,79473.7061230786,72846.5927060357,84226.82693324411,82995.51403469015,110342.2922304025,77540.39198641683,4
129048.24364760444,146496.6859217508,97186.81540332024,177563.64376111553,90775.35161678215,69319.66624494389,85108.98323166171,121344.60316236058,101693.1058994658,83641.43474595962,82237.07464183267,71241.26806751109,81270.94283949648,81646.22862890108,109889.15531506007,73053.01106608046,4
129984.7817402818,149426.35141925234,90265.26245656758,183219.01508796396,92172.13447953874,69183.72293516672,86153.99434018068,122651.46495717348,108531.37624637799,81133.56901807417,78663.09775866244,72549.00158035774,84954.68913968673,82666.67517026367,111840.50730949728,78752.08005333901,4
128949.69480630098,146103.85401294875,103294.74250015528,178509.90486263097,92019.15914048662,70451.33506671608,84583.62782998418,119357.26485935031,103104.46209960725,82571.70260807307,81648.95554172463,72029.85996363878,81936.82365856454,82358.10933805816,109109.21354403658,74022.89796148514,4
129696.22071936379,148524.2573647806,89205.70036240821,180381.2823154071,90870.7935656063,68541.5796687102,86091.14123477235,123388.91606198742,105036.81511125746,82755.65746494025,80400.29768947336,71554.12543465203,83122.80721936312,81835.07851780398,111567.45839923125,75954.44631033497,4
129552.99074089418,147967.05072725425,98893.50520294967,182127.24413004448,92880.72948226088,70352.42859750135,85254.20251538783,120226.90418087295,107376.72983130573,81025.96772026632,79444.11241341977,72852.35945610517,84261.94152378339,83000.67728765933,110382.68183263324,77601.54635924654,4
129063.19696464503,146484.50422102265,97342.0259168179,177551.6632260875,90790.08141637819,69334.84307942905,85115.15231313137,121340.4904413808,101681.95237898259,83632.27053073295,82252.45264201792,71252.7121606722,81271.07694996322,81655.92928599469,109882.40508823456,73044.740920632,4
129992.5824990967,149426.19495704115,90128.29096654546,183154.79852614386,92141.6467001017,69143.08746374697,86168.92530547683,122652.73900660743,108508.2645426112,81136.81002102018,78675.7711977686,72541.11141456502,84959.67357870025,82651.49833577852,111869.653984267,78749.15197481537,4
128941.51406783034,146079.60237021476,103279.74447962576,178417.41334407488,92027.00460279043,70434.34774093005,84574.30715254632,119247.02605569674,103159.24622526721,82517.94666265805,81611.38225929526,72048.79189119244,81985.25988879918,82365.01602709485,109105.74902364601,74079.06789530134,4
129676.46177726529,148431.45292180218,89264.03841543656,180126.89711176124,90842.92094027055,68532.79543313927,86084.21219399122,123328.32048276908,104931.78426406196,82751.09770907137,80416.74857339247,71528.44328027288,83074.3039338951,81801.43914239874,111492.9153314728,75873.55534715121,4
129569.10634864646,147968.1236109881,98741.1557127423,182094.96821105102,92876.03561592527,70334.9495333373,85282.99156224627,120270.35597209407,107433.32444826656,80993.0659524281,79397.240805297,72856.20395615148,84309.32722202865,82990.08256078752,110405.39120499983,77660.08557797498,4
129057.45256632002,146445.9251100928,97500.76800593949,177522.71771701786,90797.0775123927,69356.45721631733,85108.4914932837,121296.88218794849,101668.34016660931,83629.32010046484,82269.66348524851,71257.36132351891,81282.56574661324,81654.7222917941,109877.15242828756,73041.43286245261,4
129999.7350573224,149441.5729572264,90006.13868309722,183168.85777340626,92114.33286837731,69123.79790828204,86190.02535224264,122701.24229207543,108495.32288257158,81158.67002709747,78688.10936070792,72522.38065271148,84967.11670960387,82633.84045765882,111899.9629497484,78751.96829461674,4
128979.22146072645,146137.47103660955,103295.12247981102,178579.5976018426,92062.05213809636,70462.62269766601,84615.00967919943,119337.8188416742,103234.39279012594,82486.45305472054,81581.02859032496,72058.64901049722,82028.30934862011,82375.92367838904,109111.69458767113,74150.36996011376,4
129671.14206208492,148439.5889567839,89316.2297387397,180169.45483320413,90828.03467846331,68523.83238361268,86075.00327527562,123306.39342145842,104884.3538623278,82792.87311945834,80477.43355958862,71524.84464941558,83063.26217213419,81805.6636221008,111518.4186718963,75856.00922775379,4
129542.39601402236,147976.17023899202,98514.57607919886,181983.56711668576,92859.07064188369,70285.28395715762,85274.76612028672,120169.52725285618,107483.92879771338,80960.45475726781,79349.65394135164,72845.16219439056,84329.17557110496,82986.2380607412,110395.39997522831,77709.28176752113,4
129002.98136508244,146319.41423647574,97592.07488203942,177130.06462217149,90797.0775123927,69352.88093720448,85067.11841429691,121122.38211898592,101609.75624439196,83583.43196909809,82237.23110404387,71225.24186673664,81222.90894066202,81636.12564040729,109729.47445267135,72977.68568726607,4
129956.95381843494,149343.6052612788,89859.26537028138,182820.61759479257,92082.92866741761,69085.30820433,86176.07786370252,122659.26571598837,108449.47945469373,81156.68072184095,78680.64387805985,72485.58968133804,84930.37044171935,82611.53341669243,111848.73275145683,78713.4338871758,4
128926.94073044548,146052.06502104583,103277.84458134706,178354.62729389995,92068.10946084374,70444.80835733513,84574.39655952413,119219.75692746126,103295.01072108874,82443.11302222169,81533.21820893505,72057.97845816356,82047.24127617375,82382.20451858098,109090.84041009432,74195.60989089131,4
129632.51824766616,148322.39876060473,89430.17893197286,179906.97829806549,90811.60614628866,68526.73811039187,86048.20353367372,123292.33417419603,104777.93720697609,82798.01402068305,80499.11475171027,71475.4696459138,82983.0417612841,81770.92901121725,111438.57824070194,75758.0862352951,4
129499.88299606837,147924.2694883668,98387.05937708133,181856.69861515745,92841.34570853063,70250.30347708505,85252.74965199825,120138.9053629524,107522.48555689878,80935.48785871123,79316.39454560215,72825.3361970587,84333.53416127374,82969.72012158873,110411.24736204713,77741.60239000349,4
128983.46829217295,146280.00811100105,97816.6428585819,177179.12670125088,90811.7849602443,69378.47368460581,85049.37112919941,121145.8961541529,101602.51427918843,83592.43972211359,82270.31168583772,71227.23117199316,81213.58826322416,81640.70774802062,109744.51717668977,72974.75760874244,4
129917.12300981558,149301.60633344727,89787.53862232431,182745.15810551145,92037.68873664008,69042.9963520761,86155.17898263682,122635.10348023218,108385.79933474057,81162.31336144368,78683.3260873945,72445.69181748532,84874.17815615871,82567.1875556931,111846.58698398912,78664.50591856313,4
128934.47326832692,146068.56060845384,103336.07087565314,178493.56573743414,92090.10357738777,70460.85690985405,84585.50537651841,119265.06391347217,103357.97558521933,82417.16264690908,81496.89662419519,72072.12711240377,82075.60563988754,82386.56310874976,109123.92099188817,74257.4795195436,4
129631.1994947433,148324.27630713896,89551.95123576537,180042.2957589979,90799.31268683824,68532.01312208333,86042.30267313751,123326.53234321266,104722.19195630455,82846.807878829,80557.1622320607,71476.09549475856,82959.77359530612,81767.08451117094,111489.3167006155,75732.29232219367,4
129540.0267291101,148029.7473704514,98259.47561973044,182191.34893314232,92851.20282783543,70238.83703217948,85291.79814956167,120268.56783253764,107599.77788922524,80938.17006804587,79297.14969362614,72840.66949375505,84381.23278394136,82979.26431647115,110507.87395332742,77832.73045214778,4
128951.28178015731,146234.74582847903,97942.63964207645,177136.03253794106,90808.56630904274,69370.6729257909,85009.22739615767,121007.09182108544,101551.10526694123,83565.50587004493,82254.2184298299,71211.92022704128,81164.0567975112,81622.82635245638,109684.41333584946,72938.77130016939,4
129914.35139350312,149298.49944096798,89670.30372265623,182730.16008498194,92010.48666363796,69009.53579062651,86166.15368916436,122661.47853868945,108359.49133151668,81180.12770177457,78697.92177652381,72426.71518644276,84861.25884786354,82553.64239855319,111858.99220216183,78663.94712495174,4
128931.8804659701,146066.61600668624,103324.00093364727,178516.386868523,92105.50392931748,70455.02310455122,84587.18175735256,119238.17476489244,103418.10177780411,82375.61075396667,81456.79759464235,72080.30785087441,82106.94278561388,82393.4027425531,109114.89088712823,74319.75147959607,4
129603.595090341,148250.78377136993,89629.64589949202,179909.6158039112,90771.99885511385,68517.26097074282,86022.99076592813,123277.80554030009,104629.70043774848,82857.02262604507,80583.98432540707,71446.70295079982,82909.45981853722,81742.51994401455,111438.62294419087,75668.18751909585,4
129536.6739674418,148020.1808238245,98097.8054520852,182148.27712157695,92836.13775207255,70210.67383416579,85305.00803053475,120285.21988215685,107634.98188674235,80904.55304438509,79249.74164363643,72828.15251686008,84401.30465046223,82964.66862734183,110509.19270625028,77878.30565909215,4
128985.7928735963,146249.67679377517,98160.74796447135,177322.89312158743,90840.30578616927,69419.42208044793,85029.61218710091,121110.06630779104,101559.19659843405,83579.25219288495,82281.77813074329,71232.05914879551,81190.52126294629,81640.73009976507,109713.8505832971,72967.42623656109,4
129971.03541744179,149396.5118404045,89653.49521082583,183082.5129845754,92007.49152988095,69019.81759307595,86204.55398613859,122860.02908468594,108346.03558135458,81237.1246501356,78740.12187005543,72430.96201788927,84881.86715625133,82554.00002646448,111963.7771801683,78682.18614842727,4
128957.96495174944,146167.73529860203,103388.48571640083,178881.25674501143,92131.47665637454,70466.15427328995,84581.95144915003,119274.13872172103,103492.7789560293,82374.64962895509,81439.89967583415,72110.63916810026,82160.83284149562,82413.07227767375,109210.66811211922,74401.55886430251,4
129600.8905292619,148270.2968442794,89803.45306437649,180028.57178790233,90758.29723576274,68522.44657545646,85999.16380633877,123286.52272063766,104527.97764873238,82900.20619633273,80627.30200616145,71425.111165656,82853.53575391004,81719.38588850331,111449.73176118515,75591.63279433642,4
129578.44937782877,148136.2534327809,98036.89694844448,182448.03636646704,92847.96182488941,70204.1694765293,85330.39961223598,120425.38767163607,107689.29662576874,80922.52384692716,79232.53080040585,72831.52763027283,84435.72633692341,82965.1827174643,110605.32755915256,77937.15780224297,4
128979.95906829346,146266.26178816103,98404.98547613448,177433.62366361902,90854.92382704304,69431.89435385399,84995.70459076221,121066.10042644745,101520.17045261509,83595.6360215707,82298.89956699606,71229.89102958335,81164.12385274457,81638.98666369756,109727.23927822582,72941.1629368261,4
129962.9217342045,149409.1182242773,89627.81305644668,183082.4682810865,91978.34485511122,68981.41729610173,86190.51709062065,122871.36141912478,108278.73447879964,81278.27421167782,78768.59799249149,72403.44702046478,84843.95859765513,82529.25664535245,112004.74792775488,78643.67409273078,4
128935.38968984959,146151.12795247172,103440.20765307042,178808.14418889812,92136.37168841025,70445.32244745761,84553.67649241406,119180.30609849765,103516.02477026281,82347.00052106388,81400.13592244816,72104.20186569713,82155.647236782,82404.6009665252,109204.16375448272,74427.39748089285,4
129565.70888348925,148166.4729912845,89961.52460116442,179752.05835724573,90727.67534585898,68509.32610146119,85966.61966641185,123202.94954811926,104395.74472853479,82928.34704260195,80665.90346883578,71383.46986573575,82761.9830086211,81680.00211477306,111382.5424173525,75485.05967677351,4
129541.43488901078,148073.62384481716,97899.858403189,182196.71335181157,92814.41185646199,70156.1132259504,85309.56778640364,120322.7037576084,107707.11096609963,80916.1535997574,79210.51433211737,72817.31192079926,84435.16754331203,82945.31201664353,110616.10109998002,77961.72236939936,4
128911.89800642706,146107.60910601725,98573.60703630531,177015.71309753813,90832.48267560992,69423.75831887225,84939.78052613503,120871.84141538637,101456.71385010646,83577.39699809517,82291.34467737016,71203.806543804,81105.58463401612,81608.3647737938,109629.74096891178,72879.62858434065,4
129880.86848030907,149244.6764403196,89525.5314738192,182573.92139123933,91904.4946914309,68923.3698157513,86148.87579070042,122715.68151899357,108191.27210274604,81284.6891623365,78768.12860585793,72348.72995003819,84775.27168694398,82473.71256038101,111935.70338913244,78563.16310920277,4
128895.2236050634,146017.28570667337,103454.75863871082,178446.73883280027,92135.25410118749,70450.03866553768,84549.78728887884,119120.4704785908,103532.11802627063,82291.36702911461,81334.26533153836,72079.4137810962,82139.91160868545,82377.86828015665,109110.28642777044,74424.29058841355,4
129544.13945008988,148079.56940884228,90106.38625697927,179656.3034839992,90709.16810144999,68519.00440681033,85960.89761983129,123230.8892286884,104340.26769879671,82987.10977877496,80735.14917315831,71381.03352559013,82749.75660440404,81684.89714680877,111410.32563571044,75449.4086443673,4
129560.38916830889,148100.87062130816,97785.01514017762,182354.42726068822,92817.22817626336,70147.552507824,85345.8446676546,120458.89293657459,107749.37811486461,80910.0515735211,79188.20729115097,72816.64136846559,84460.87204943562,82937.95829271774,110664.62673719249,78005.71060248741,4
128897.39172427557,146084.40799527263,98761.09346879643,177153.28808466054,90843.72560307094,69433.32486549913,84916.80293283498,120836.92799054719,101441.80523655478,83585.3318673768,82312.66824158053,71217.53051489955,81103.46121829287,81617.73015472057,109657.45713203635,72878.93568026253,4
129919.06761158319,149283.54612392737,89485.25363031073,182784.83245191962,91896.80569133828,68919.9723505941,86190.13711096492,122879.27393666196,108138.92431723171,81315.71338364045,78792.55906254757,72331.78732774107,84751.78000352145,82455.38412992765,111972.89669190606,78538.66559727975,4
128971.35364667818,146159.48750489802,103499.77505204381,178981.50431889348,92186.64076169024,70478.22421529582,84596.7706557239,119299.93263482246,103638.86995778918,82296.86555825062,81337.43927925102,72129.83931658737,82225.3623277381,82421.52123707786,109243.72634216862,74545.88407825043,4
129548.96742689222,148113.20878424752,90215.8427495769,179863.99589347793,90698.01458096679,68507.31444446021,85937.5847503644,123205.05061209806,104253.78879949913,83021.44205825831,80791.83319709697,71377.25608077718,82712.96563303062,81675.35295192635,111443.36151401539,75403.00642287808,4
129582.40563659737,148165.35540406173,97608.21284153615,182490.34821872096,92810.54500467122,70113.04141438502,85357.35581604908,120483.70337291998,107776.62489135563,80892.32664016803,79151.25985756634,72809.8911416401,84476.92060195454,82926.98358619018,110693.7287084733,78047.01662624082,4
128926.73956474538,146105.77626297192,98918.22623231725,177256.50844055516,90873.22990575194,69464.08086586963,84921.78737184852,120859.9279355917,101426.22607066942,83579.07337892932,82319.44082015048,71224.03487253605,81097.31448856766,81623.5639600234,109638.18992831587,72878.44394188451,4
129976.89157448907,149378.07165122888,89419.29363242313,183025.27016702536,91896.55982214927,68919.92764710519,86227.352765483,123044.7439008646,108121.4676048121,81366.76476797638,78838.71541484779,72333.97779869768,84762.17356469316,82458.33456019576,112048.71380909847,78549.46148985166,4
128966.61507685365,146206.26970604298,103447.2708043183,179069.34667460283,92198.88951765174,70458.46527319733,84571.15555657812,119204.33422378711,103702.34891204226,82271.56338352722,81309.47724693743,72145.82081387291,82258.55466825422,82429.09847844821,109273.85649369437,74608.89364586993,4
129543.13362158938,148064.1467051681,90306.59083206546,179696.156644363,90687.03987443923,68513.48352592987,85927.14648570376,123176.61919315091,104142.00772547815,83029.89101766242,80807.41236298232,71339.12400473643,82635.33802453733,81639.5231055645,111352.76989373803,75304.524636808,4
129595.50375884816,148202.14637543517,97422.33573464582,182473.24913421265,92805.96289705788,70091.80725715247,85376.13128139154,120508.35734705417,107837.10871185169,80891.25375643418,79123.40958397504,72812.72981318591,84513.53275937233,82930.15753390283,110737.47107237234,78108.68508919301,4
128951.55000109077,146115.52162355444,99073.19087662589,177301.9048335439,90907.65159221311,69505.87862800105,84931.68919464221,120892.74029645209,101435.1444167071,83580.03450394089,82333.07538426822,71238.02706456507,81106.67986949443,81643.59112305536,109627.30462876614,72890.73740133493,4
